E	r	LiMass	value
0.01	2.0	6	1.1527e-06
0.01	2.0	6	1.0409e-06
0.01	2.0	6	1.1054e-06
0.01	2.0	6	1.0516e-06
1e-08	2.0	6	2.9002e-05
1e-08	2.0	6	2.8705e-05
1e-08	2.0	6	2.9718e-05
1e-08	2.0	6	2.9158e-05
0.0001	4.05	6	1.0315e-05
0.0001	4.05	6	1.0069e-05
0.0001	4.05	6	1.0361e-05
0.0001	4.05	6	1.0672e-05
1.73205080757e-06	4.05	7	1.3454e-09
1.73205080757e-06	4.05	7	1.677e-09
1.73205080757e-06	4.05	7	2.9832e-09
1.73205080757e-06	4.05	7	2.9562e-09
1e-09	2.0	6	6.8845e-05
1e-09	2.0	6	6.8817e-05
1e-09	2.0	6	7.0421e-05
1e-09	2.0	6	6.8593e-05
0.0003	5.4	7	3.0046e-09
0.0003	5.4	7	1.7068e-09
0.0003	5.4	7	4.7832e-09
0.0003	5.4	7	2.2682e-09
3e-10	6.65	7	1.2326e-09
3e-10	6.65	7	2.0994e-09
3e-10	6.65	7	4.6142e-10
3e-10	6.65	7	1.8882e-09
1e-09	6.65	6	1.5503e-06
1e-09	6.65	6	1.6346e-06
1e-09	6.65	6	1.7669e-06
1e-09	6.65	6	1.5158e-06
1e-05	8.9	6	1.2091e-06
1e-05	8.9	6	9.1734e-07
1e-05	8.9	6	1.0473e-06
1e-05	8.9	6	1.0323e-06
0.002	4.05	6	4.116e-06
0.002	4.05	6	3.6963e-06
0.002	4.05	6	4.1814e-06
0.002	4.05	6	3.6672e-06
1.73205080757e-10	2.0	6	0.00010661
1.73205080757e-10	2.0	6	0.00010541
1.73205080757e-10	2.0	6	0.00010618
1.73205080757e-10	2.0	6	0.00010521
2.5e-11	5.4	7	6.5523e-10
2.5e-11	5.4	7	5.9498e-10
2.5e-11	5.4	7	6.8914e-10
2.5e-11	5.4	7	3.5856e-11
0.000547722557505	2.0	6	3.7199e-07
0.000547722557505	2.0	6	3.2218e-07
0.000547722557505	2.0	6	3.2095e-07
0.000547722557505	2.0	6	3.3212e-07
0.05	4.05	7	6.4408e-07
0.05	4.05	7	6.47e-07
0.05	4.05	7	5.5126e-07
0.05	4.05	7	7.2277e-07
0.004	11.65	6	1.4723e-06
0.004	11.65	6	1.6278e-06
0.004	11.65	6	1.8058e-06
0.004	11.65	6	1.7073e-06
1.0	2.0	6	1.3927e-06
1.0	2.0	6	1.1451e-06
1.0	2.0	6	9.0932e-07
1.0	2.0	6	8.6599e-07
0.0003	2.0	6	1.1876e-06
0.0003	2.0	6	1.2012e-06
0.0003	2.0	6	1.2377e-06
0.0003	2.0	6	1.2317e-06
1.73205080757e-09	11.65	7	1.4132e-10
1.73205080757e-09	11.65	7	0.0
1.73205080757e-09	11.65	7	9.5579e-15
1.73205080757e-09	11.65	7	1.0281e-10
0.0316227766017	4.05	6	6.2162e-07
0.0316227766017	4.05	6	7.2267e-07
0.0316227766017	4.05	6	6.7442e-07
0.0316227766017	4.05	6	7.5117e-07
1e-10	5.4	6	1.6637e-06
1e-10	5.4	6	1.6355e-06
1e-10	5.4	6	1.6359e-06
1e-10	5.4	6	1.8593e-06
1.73205080757e-06	2.0	6	2.5851e-06
1.73205080757e-06	2.0	6	2.3589e-06
1.73205080757e-06	2.0	6	2.5531e-06
1.73205080757e-06	2.0	6	2.2951e-06
0.0001	6.65	7	2.6429e-09
0.0001	6.65	7	1.3872e-09
0.0001	6.65	7	4.3534e-09
0.0001	6.65	7	2.1555e-09
5.47722557505e-05	8.9	7	9.8093e-15
5.47722557505e-05	8.9	7	8.0943e-10
5.47722557505e-05	8.9	7	1.0419e-09
5.47722557505e-05	8.9	7	1.6046e-09
0.001	5.4	6	6.3931e-06
0.001	5.4	6	6.6013e-06
0.001	5.4	6	6.4917e-06
0.001	5.4	6	6.5294e-06
0.1	8.9	6	4.0774e-07
0.1	8.9	6	3.8719e-07
0.1	8.9	6	3.9658e-07
0.1	8.9	6	3.5519e-07
1.73205080757e-08	11.65	7	4.3301e-10
1.73205080757e-08	11.65	7	1.0476e-09
1.73205080757e-08	11.65	7	1.6828e-10
1.73205080757e-08	11.65	7	2.2193e-11
3e-06	6.65	7	3.2344e-09
3e-06	6.65	7	1.3144e-09
3e-06	6.65	7	5.2324e-10
3e-06	6.65	7	1.9132e-09
5.47722557505e-05	6.65	6	4.0221e-06
5.47722557505e-05	6.65	6	4.2181e-06
5.47722557505e-05	6.65	6	4.0043e-06
5.47722557505e-05	6.65	6	3.8605e-06
0.707106781187	5.4	6	4.1773e-07
0.707106781187	5.4	6	4.3253e-07
0.707106781187	5.4	6	4.446e-07
0.707106781187	5.4	6	3.7946e-07
0.01	5.4	6	1.1421e-06
0.01	5.4	6	1.322e-06
0.01	5.4	6	1.2204e-06
0.01	5.4	6	1.1571e-06
3e-05	2.0	7	2.9041e-09
3e-05	2.0	7	2.7583e-09
3e-05	2.0	7	2.8231e-09
3e-05	2.0	7	2.8881e-09
3e-09	6.65	7	1.0059e-09
3e-09	6.65	7	2.6784e-09
3e-09	6.65	7	1.2684e-09
3e-09	6.65	7	9.3556e-10
0.141421356237	5.4	7	3.1226e-07
0.141421356237	5.4	7	4.2745e-07
0.141421356237	5.4	7	3.3637e-07
0.141421356237	5.4	7	2.947e-07
0.002	11.65	6	1.8099e-06
0.002	11.65	6	1.5807e-06
0.002	11.65	6	1.7586e-06
0.002	11.65	6	1.7064e-06
1e-06	11.65	7	5.5637e-10
1e-06	11.65	7	4.0375e-15
1e-06	11.65	7	2.2731e-10
1e-06	11.65	7	6.7192e-11
0.0316227766017	8.9	6	5.5062e-07
0.0316227766017	8.9	6	4.7827e-07
0.0316227766017	8.9	6	5.9248e-07
0.0316227766017	8.9	6	5.0686e-07
1e-06	4.05	7	5.1556e-09
1e-06	4.05	7	3.6775e-09
1e-06	4.05	7	3.7544e-09
1e-06	4.05	7	4.6412e-09
3e-09	4.05	7	4.7667e-09
3e-09	4.05	7	2.9671e-09
3e-09	4.05	7	5.0962e-09
3e-09	4.05	7	4.0699e-09
1.73205080757e-07	11.65	7	3.2391e-10
1.73205080757e-07	11.65	7	3.0309e-10
1.73205080757e-07	11.65	7	3.175e-15
1.73205080757e-07	11.65	7	8.5765e-10
0.707106781187	4.05	7	5.1238e-07
0.707106781187	4.05	7	6.0063e-07
0.707106781187	4.05	7	5.8328e-07
0.707106781187	4.05	7	5.5621e-07
1e-06	5.4	7	1.2602e-09
1e-06	5.4	7	1.2682e-09
1e-06	5.4	7	2.5908e-09
1e-06	5.4	7	2.7597e-09
1e-08	4.05	7	4.3742e-09
1e-08	4.05	7	3.2441e-09
1e-08	4.05	7	4.4084e-09
1e-08	4.05	7	5.1955e-09
1.73205080757e-06	8.9	6	8.1707e-07
1.73205080757e-06	8.9	6	8.0356e-07
1.73205080757e-06	8.9	6	8.8434e-07
1.73205080757e-06	8.9	6	8.568e-07
3e-07	5.4	7	2.6079e-09
3e-07	5.4	7	4.7324e-10
3e-07	5.4	7	1.6987e-09
3e-07	5.4	7	1.9449e-09
5.47722557505e-10	11.65	6	5.7649e-08
5.47722557505e-10	11.65	6	7.2853e-08
5.47722557505e-10	11.65	6	6.2128e-08
5.47722557505e-10	11.65	6	5.2863e-08
5.47722557505e-07	2.0	7	4.1771e-11
5.47722557505e-07	2.0	7	3.9127e-11
5.47722557505e-07	2.0	7	3.7976e-11
5.47722557505e-07	2.0	7	4.0732e-11
0.0707106781187	11.65	7	6.3947e-08
0.0707106781187	11.65	7	8.9617e-08
0.0707106781187	11.65	7	6.2271e-08
0.0707106781187	11.65	7	4.4122e-08
1.73205080757e-05	2.0	6	7.4525e-07
1.73205080757e-05	2.0	6	7.9493e-07
1.73205080757e-05	2.0	6	8.5681e-07
1.73205080757e-05	2.0	6	8.0083e-07
1.0	8.9	6	2.8576e-07
1.0	8.9	6	3.5344e-07
1.0	8.9	6	3.5386e-07
1.0	8.9	6	2.4582e-07
0.0707106781187	5.4	7	3.8817e-07
0.0707106781187	5.4	7	3.3693e-07
0.0707106781187	5.4	7	3.4704e-07
0.0707106781187	5.4	7	4.2087e-07
1.73205080757e-10	8.9	7	7.5637e-10
1.73205080757e-10	8.9	7	1.1072e-09
1.73205080757e-10	8.9	7	3.2352e-10
1.73205080757e-10	8.9	7	1.3276e-09
0.0141421356237	5.4	6	8.4525e-07
0.0141421356237	5.4	6	8.4531e-07
0.0141421356237	5.4	6	9.2181e-07
0.0141421356237	5.4	6	9.2994e-07
3e-09	2.0	7	4.315e-13
3e-09	2.0	7	4.6898e-13
3e-09	2.0	7	4.6603e-13
3e-09	2.0	7	5.0276e-13
0.0316227766017	8.9	7	6.474e-08
0.0316227766017	8.9	7	1.7219e-07
0.0316227766017	8.9	7	6.4357e-08
0.0316227766017	8.9	7	1.2317e-07
5.47722557505e-09	11.65	7	0.0
5.47722557505e-09	11.65	7	3.5906e-10
5.47722557505e-09	11.65	7	3.0649e-10
5.47722557505e-09	11.65	7	0.0
0.05	11.65	6	3.8324e-07
0.05	11.65	6	3.486e-07
0.05	11.65	6	3.8249e-07
0.05	11.65	6	3.2648e-07
5.47722557505e-10	11.65	7	9.9778e-10
5.47722557505e-10	11.65	7	2.9728e-15
5.47722557505e-10	11.65	7	0.0
5.47722557505e-10	11.65	7	4.7786e-10
3e-09	8.9	7	6.7628e-10
3e-09	8.9	7	2.8185e-10
3e-09	8.9	7	1.822e-10
3e-09	8.9	7	5.1989e-10
1.73205080757e-09	2.0	6	5.7542e-05
1.73205080757e-09	2.0	6	5.9158e-05
1.73205080757e-09	2.0	6	5.7937e-05
1.73205080757e-09	2.0	6	5.8441e-05
0.1	11.65	6	2.6889e-07
0.1	11.65	6	2.9684e-07
0.1	11.65	6	2.6112e-07
0.1	11.65	6	2.4107e-07
0.0003	5.4	6	7.5204e-06
0.0003	5.4	6	7.8251e-06
0.0003	5.4	6	7.6468e-06
0.0003	5.4	6	7.6559e-06
0.0316227766017	4.05	7	6.988e-07
0.0316227766017	4.05	7	5.2408e-07
0.0316227766017	4.05	7	5.3184e-07
0.0316227766017	4.05	7	5.5496e-07
0.0003	11.65	6	5.9326e-07
0.0003	11.65	6	5.1634e-07
0.0003	11.65	6	5.5067e-07
0.0003	11.65	6	5.8338e-07
1e-05	6.65	7	5.6195e-10
1e-05	6.65	7	2.2012e-09
1e-05	6.65	7	2.6827e-09
1e-05	6.65	7	1.1896e-09
3e-05	6.65	6	3.9497e-06
3e-05	6.65	6	3.9819e-06
3e-05	6.65	6	4.0164e-06
3e-05	6.65	6	3.6064e-06
0.02	2.0	6	1.0239e-06
0.02	2.0	6	1.1285e-06
0.02	2.0	6	1.1422e-06
0.02	2.0	6	1.0598e-06
1.0	2.0	7	1.2312e-06
1.0	2.0	7	1.0867e-06
1.0	2.0	7	7.9509e-07
1.0	2.0	7	1.2332e-06
5.47722557505e-09	6.65	6	2.2703e-06
5.47722557505e-09	6.65	6	2.3939e-06
5.47722557505e-09	6.65	6	2.4608e-06
5.47722557505e-09	6.65	6	2.2799e-06
0.002	6.65	7	7.249e-09
0.002	6.65	7	6.332e-09
0.002	6.65	7	7.3201e-09
0.002	6.65	7	6.8233e-09
2.5e-11	8.9	6	9.1492e-08
2.5e-11	8.9	6	7.1674e-08
2.5e-11	8.9	6	1.0992e-07
2.5e-11	8.9	6	8.1404e-08
0.316227766017	11.65	7	1.1654e-07
0.316227766017	11.65	7	1.1629e-07
0.316227766017	11.65	7	9.98e-08
0.316227766017	11.65	7	9.1448e-08
0.02	8.9	7	7.501e-08
0.02	8.9	7	6.2317e-08
0.02	8.9	7	4.1098e-08
0.02	8.9	7	7.6568e-08
1e-10	4.05	7	2.5285e-09
1e-10	4.05	7	2.7306e-10
1e-10	4.05	7	1.898e-09
1e-10	4.05	7	1.7409e-09
1.73205080757e-08	5.4	6	6.0084e-06
1.73205080757e-08	5.4	6	5.6393e-06
1.73205080757e-08	5.4	6	6.0504e-06
1.73205080757e-08	5.4	6	5.989e-06
0.0316227766017	11.65	7	7.7754e-08
0.0316227766017	11.65	7	7.0937e-08
0.0316227766017	11.65	7	5.517e-08
0.0316227766017	11.65	7	8.4426e-08
0.0141421356237	2.0	6	1.1506e-06
0.0141421356237	2.0	6	1.1122e-06
0.0141421356237	2.0	6	1.1254e-06
0.0141421356237	2.0	6	1.0984e-06
3e-05	11.65	7	3.7564e-10
3e-05	11.65	7	3.2501e-10
3e-05	11.65	7	1.4314e-09
3e-05	11.65	7	6.4649e-10
0.001	5.4	7	8.2156e-09
0.001	5.4	7	3.5257e-09
0.001	5.4	7	4.3083e-09
0.001	5.4	7	7.884e-09
0.02	8.9	6	9.4297e-07
0.02	8.9	6	9.0786e-07
0.02	8.9	6	9.7437e-07
0.02	8.9	6	9.581e-07
1e-08	2.0	7	8.7088e-13
1e-08	2.0	7	8.9207e-13
1e-08	2.0	7	8.4171e-13
1e-08	2.0	7	8.4574e-13
1.73205080757e-06	6.65	6	3.376e-06
1.73205080757e-06	6.65	6	3.3794e-06
1.73205080757e-06	6.65	6	3.4648e-06
1.73205080757e-06	6.65	6	3.3418e-06
1.0	4.05	6	6.5213e-07
1.0	4.05	6	6.9118e-07
1.0	4.05	6	6.5532e-07
1.0	4.05	6	6.7825e-07
1e-07	11.65	7	7.4713e-10
1e-07	11.65	7	1.8281e-10
1e-07	11.65	7	0.0
1e-07	11.65	7	3.7763e-10
0.001	11.65	6	1.4851e-06
0.001	11.65	6	1.4566e-06
0.001	11.65	6	1.2142e-06
0.001	11.65	6	1.3241e-06
0.141421356237	8.9	6	4.3449e-07
0.141421356237	8.9	6	3.9463e-07
0.141421356237	8.9	6	3.5051e-07
0.141421356237	8.9	6	2.6366e-07
0.0001	2.0	7	2.6906e-08
0.0001	2.0	7	2.6791e-08
0.0001	2.0	7	2.5705e-08
0.0001	2.0	7	2.6272e-08
1.73205080757e-05	5.4	6	6.4182e-06
1.73205080757e-05	5.4	6	6.8451e-06
1.73205080757e-05	5.4	6	6.7206e-06
1.73205080757e-05	5.4	6	6.7547e-06
0.01	6.65	7	5.0073e-08
0.01	6.65	7	5.6373e-08
0.01	6.65	7	3.3905e-08
0.01	6.65	7	4.8062e-08
0.0141421356237	2.0	7	1.0157e-06
0.0141421356237	2.0	7	9.0042e-07
0.0141421356237	2.0	7	9.5208e-07
0.0141421356237	2.0	7	9.8845e-07
5.47722557505e-06	11.65	7	2.288e-11
5.47722557505e-06	11.65	7	8.3138e-10
5.47722557505e-06	11.65	7	6.496e-10
5.47722557505e-06	11.65	7	2.4415e-11
3e-05	5.4	7	2.1318e-09
3e-05	5.4	7	2.1877e-09
3e-05	5.4	7	8.3073e-10
3e-05	5.4	7	2.1207e-09
1e-07	2.0	7	7.0101e-12
1e-07	2.0	7	7.5576e-12
1e-07	2.0	7	7.1073e-12
1e-07	2.0	7	6.7033e-12
0.05	2.0	6	9.2788e-07
0.05	2.0	6	1.0213e-06
0.05	2.0	6	1.0436e-06
0.05	2.0	6	8.7707e-07
5.47722557505e-05	2.0	7	4.9157e-09
5.47722557505e-05	2.0	7	4.2797e-09
5.47722557505e-05	2.0	7	4.8151e-09
5.47722557505e-05	2.0	7	4.6746e-09
1.73205080757e-07	5.4	6	6.2844e-06
1.73205080757e-07	5.4	6	6.3502e-06
1.73205080757e-07	5.4	6	6.3623e-06
1.73205080757e-07	5.4	6	6.9332e-06
1.73205080757e-05	5.4	7	2.5363e-09
1.73205080757e-05	5.4	7	1.8795e-09
1.73205080757e-05	5.4	7	1.7956e-09
1.73205080757e-05	5.4	7	2.7805e-09
0.000173205080757	11.65	7	1.8935e-09
0.000173205080757	11.65	7	1.2946e-09
0.000173205080757	11.65	7	5.1979e-10
0.000173205080757	11.65	7	3.2969e-14
2.5e-11	8.9	7	3.4625e-15
2.5e-11	8.9	7	1.1235e-10
2.5e-11	8.9	7	1.1629e-14
2.5e-11	8.9	7	8.7818e-16
0.05	4.05	6	7.7711e-07
0.05	4.05	6	7.0579e-07
0.05	4.05	6	8.8815e-07
0.05	4.05	6	6.8974e-07
0.0003	6.65	6	5.4434e-06
0.0003	6.65	6	5.4522e-06
0.0003	6.65	6	5.2286e-06
0.0003	6.65	6	5.3085e-06
0.000547722557505	6.65	6	5.7521e-06
0.000547722557505	6.65	6	5.6358e-06
0.000547722557505	6.65	6	5.5166e-06
0.000547722557505	6.65	6	5.7378e-06
1.73205080757e-08	4.05	6	1.4695e-05
1.73205080757e-08	4.05	6	1.4773e-05
1.73205080757e-08	4.05	6	1.4934e-05
1.73205080757e-08	4.05	6	1.4468e-05
5.47722557505e-09	5.4	7	4.0053e-09
5.47722557505e-09	5.4	7	3.7382e-09
5.47722557505e-09	5.4	7	5.2072e-09
5.47722557505e-09	5.4	7	3.494e-09
0.0001	5.4	7	1.0776e-09
0.0001	5.4	7	9.5563e-10
0.0001	5.4	7	1.2252e-09
0.0001	5.4	7	2.4009e-09
5e-11	11.65	6	4.7771e-09
5e-11	11.65	6	2.8666e-08
5e-11	11.65	6	9.6027e-09
5e-11	11.65	6	9.584e-09
0.316227766017	4.05	6	6.9857e-07
0.316227766017	4.05	6	4.8831e-07
0.316227766017	4.05	6	6.25e-07
0.316227766017	4.05	6	6.8072e-07
0.000547722557505	6.65	7	3.3134e-09
0.000547722557505	6.65	7	6.1041e-09
0.000547722557505	6.65	7	8.9719e-10
0.000547722557505	6.65	7	2.9314e-09
1e-10	2.0	7	1.933e-11
1e-10	2.0	7	1.1006e-12
1e-10	2.0	7	1.1976e-12
1e-10	2.0	7	1.1689e-12
1e-05	11.65	6	1.6808e-07
1e-05	11.65	6	2.0578e-07
1e-05	11.65	6	2.3597e-07
1e-05	11.65	6	1.5355e-07
3e-07	4.05	7	4.57e-09
3e-07	4.05	7	3.6442e-09
3e-07	4.05	7	3.1117e-09
3e-07	4.05	7	3.2221e-09
0.5	11.65	7	9.2842e-08
0.5	11.65	7	8.936e-08
0.5	11.65	7	6.0041e-08
0.5	11.65	7	1.0754e-07
0.004	2.0	7	3.4515e-07
0.004	2.0	7	3.5986e-07
0.004	2.0	7	3.1962e-07
0.004	2.0	7	3.2616e-07
1e-09	4.05	7	2.4391e-09
1e-09	4.05	7	3.0232e-09
1e-09	4.05	7	5.7212e-09
1e-09	4.05	7	5.6338e-09
3e-07	6.65	7	4.6253e-10
3e-07	6.65	7	4.8006e-10
3e-07	6.65	7	3.8991e-09
3e-07	6.65	7	2.0902e-09
0.1	2.0	6	6.9669e-07
0.1	2.0	6	6.3525e-07
0.1	2.0	6	7.3043e-07
0.1	2.0	6	8.8805e-07
3e-06	5.4	6	6.8599e-06
3e-06	5.4	6	6.7506e-06
3e-06	5.4	6	6.9943e-06
3e-06	5.4	6	6.6999e-06
1.73205080757e-10	5.4	6	2.0429e-06
1.73205080757e-10	5.4	6	2.3053e-06
1.73205080757e-10	5.4	6	2.1504e-06
1.73205080757e-10	5.4	6	2.1395e-06
1e-10	11.65	7	1.6581e-10
1e-10	11.65	7	6.4562e-10
1e-10	11.65	7	1.3002e-14
1e-10	11.65	7	0.0
5.47722557505e-07	8.9	6	8.6541e-07
5.47722557505e-07	8.9	6	8.4133e-07
5.47722557505e-07	8.9	6	7.2714e-07
5.47722557505e-07	8.9	6	7.3698e-07
0.00632455532034	11.65	7	6.8854e-09
0.00632455532034	11.65	7	4.8504e-09
0.00632455532034	11.65	7	4.3686e-09
0.00632455532034	11.65	7	4.1985e-09
0.001	6.65	6	5.6087e-06
0.001	6.65	6	5.475e-06
0.001	6.65	6	5.4949e-06
0.001	6.65	6	5.6585e-06
0.707106781187	2.0	6	9.4408e-07
0.707106781187	2.0	6	1.1996e-06
0.707106781187	2.0	6	1.0572e-06
0.707106781187	2.0	6	9.3714e-07
0.2	5.4	6	5.6507e-07
0.2	5.4	6	3.3732e-07
0.2	5.4	6	3.6672e-07
0.2	5.4	6	4.451e-07
0.02	4.05	7	3.9822e-07
0.02	4.05	7	3.3365e-07
0.02	4.05	7	3.5455e-07
0.02	4.05	7	3.5604e-07
5.47722557505e-06	2.0	7	3.867e-10
5.47722557505e-06	2.0	7	3.902e-10
5.47722557505e-06	2.0	7	4.2889e-10
5.47722557505e-06	2.0	7	4.202e-10
0.002	11.65	7	1.5432e-09
0.002	11.65	7	9.8191e-10
0.002	11.65	7	3.3394e-09
0.002	11.65	7	1.4705e-09
2.5e-11	2.0	7	4.1377e-10
2.5e-11	2.0	7	2.8534e-12
2.5e-11	2.0	7	1.4915e-10
2.5e-11	2.0	7	2.5271e-12
1.73205080757e-07	4.05	7	4.221e-09
1.73205080757e-07	4.05	7	1.4433e-09
1.73205080757e-07	4.05	7	5.3949e-09
1.73205080757e-07	4.05	7	3.0786e-09
5e-11	6.65	7	1.7859e-09
5e-11	6.65	7	3.5859e-10
5e-11	6.65	7	1.4147e-09
5e-11	6.65	7	1.8396e-14
1e-09	5.4	6	3.8981e-06
1e-09	5.4	6	3.8955e-06
1e-09	5.4	6	3.7505e-06
1e-09	5.4	6	3.8618e-06
0.05	6.65	6	4.7645e-07
0.05	6.65	6	4.1709e-07
0.05	6.65	6	5.0908e-07
0.05	6.65	6	5.712e-07
0.00632455532034	6.65	6	2.2329e-06
0.00632455532034	6.65	6	2.1827e-06
0.00632455532034	6.65	6	2.348e-06
0.00632455532034	6.65	6	2.1239e-06
1.73205080757e-05	6.65	7	8.1966e-10
1.73205080757e-05	6.65	7	1.833e-09
1.73205080757e-05	6.65	7	4.7652e-10
1.73205080757e-05	6.65	7	1.8188e-09
5.47722557505e-08	6.65	6	2.7099e-06
5.47722557505e-08	6.65	6	2.793e-06
5.47722557505e-08	6.65	6	2.8579e-06
5.47722557505e-08	6.65	6	2.9032e-06
3e-08	11.65	6	1.2424e-07
3e-08	11.65	6	1.2487e-07
3e-08	11.65	6	1.2904e-07
3e-08	11.65	6	1.0545e-07
3e-05	4.05	6	1.0945e-05
3e-05	4.05	6	1.1115e-05
3e-05	4.05	6	1.0941e-05
3e-05	4.05	6	1.0959e-05
0.1	2.0	7	6.5247e-07
0.1	2.0	7	1.0039e-06
0.1	2.0	7	7.4485e-07
0.1	2.0	7	6.2374e-07
0.316227766017	8.9	7	1.0734e-07
0.316227766017	8.9	7	1.1806e-07
0.316227766017	8.9	7	1.8093e-07
0.316227766017	8.9	7	1.8341e-07
0.0003	2.0	7	6.8578e-08
0.0003	2.0	7	6.7907e-08
0.0003	2.0	7	6.7469e-08
0.0003	2.0	7	6.9537e-08
3e-08	6.65	6	2.6628e-06
3e-08	6.65	6	2.6113e-06
3e-08	6.65	6	2.7203e-06
3e-08	6.65	6	2.5707e-06
3e-10	11.65	7	1.329e-10
3e-10	11.65	7	1.9566e-10
3e-10	11.65	7	0.0
3e-10	11.65	7	2.3829e-10
0.004	2.0	6	4.9962e-07
0.004	2.0	6	5.0052e-07
0.004	2.0	6	5.1435e-07
0.004	2.0	6	5.0697e-07
1e-10	8.9	7	1.2083e-14
1e-10	8.9	7	4.29e-12
1e-10	8.9	7	1.8082e-10
1e-10	8.9	7	4.679e-10
0.141421356237	4.05	7	4.7383e-07
0.141421356237	4.05	7	5.6427e-07
0.141421356237	4.05	7	5.2943e-07
0.141421356237	4.05	7	4.0323e-07
0.05	8.9	7	6.1645e-08
0.05	8.9	7	4.6546e-08
0.05	8.9	7	1.0986e-07
0.05	8.9	7	8.7038e-08
1.73205080757e-07	5.4	7	4.2005e-09
1.73205080757e-07	5.4	7	1.3108e-09
1.73205080757e-07	5.4	7	1.5724e-09
1.73205080757e-07	5.4	7	3.5131e-09
3e-07	5.4	6	6.4365e-06
3e-07	5.4	6	6.2236e-06
3e-07	5.4	6	6.5623e-06
3e-07	5.4	6	6.5513e-06
5.47722557505e-08	4.05	7	3.3885e-09
5.47722557505e-08	4.05	7	3.568e-09
5.47722557505e-08	4.05	7	4.1312e-09
5.47722557505e-08	4.05	7	1.9351e-09
0.5	8.9	6	3.4264e-07
0.5	8.9	6	3.0389e-07
0.5	8.9	6	3.2445e-07
0.5	8.9	6	3.1082e-07
1.73205080757e-06	11.65	6	1.1946e-07
1.73205080757e-06	11.65	6	1.6289e-07
1.73205080757e-06	11.65	6	1.3858e-07
1.73205080757e-06	11.65	6	1.5772e-07
5.47722557505e-08	6.65	7	4.2674e-10
5.47722557505e-08	6.65	7	1.4656e-09
5.47722557505e-08	6.65	7	2.8664e-09
5.47722557505e-08	6.65	7	1.9094e-09
3e-05	6.65	7	2.6798e-09
3e-05	6.65	7	8.4566e-10
3e-05	6.65	7	2.8347e-09
3e-05	6.65	7	1.9326e-09
0.002	6.65	6	4.6792e-06
0.002	6.65	6	4.6747e-06
0.002	6.65	6	4.5474e-06
0.002	6.65	6	4.502e-06
1e-07	6.65	6	3.0934e-06
1e-07	6.65	6	2.8438e-06
1e-07	6.65	6	3.1693e-06
1e-07	6.65	6	3.1186e-06
0.141421356237	11.65	7	9.8955e-08
0.141421356237	11.65	7	9.9479e-08
0.141421356237	11.65	7	5.706e-08
0.141421356237	11.65	7	6.3376e-08
0.0141421356237	11.65	6	9.3813e-07
0.0141421356237	11.65	6	7.977e-07
0.0141421356237	11.65	6	8.3348e-07
0.0141421356237	11.65	6	9.174e-07
1.73205080757e-07	4.05	6	1.4105e-05
1.73205080757e-07	4.05	6	1.3708e-05
1.73205080757e-07	4.05	6	1.4401e-05
1.73205080757e-07	4.05	6	1.3917e-05
0.1	11.65	7	1.1466e-07
0.1	11.65	7	8.4358e-08
0.1	11.65	7	7.6554e-08
0.1	11.65	7	5.3893e-08
0.5	2.0	7	9.8356e-07
0.5	2.0	7	7.1311e-07
0.5	2.0	7	8.0164e-07
0.5	2.0	7	9.4766e-07
5.47722557505e-08	5.4	6	6.2739e-06
5.47722557505e-08	5.4	6	6.1976e-06
5.47722557505e-08	5.4	6	6.2358e-06
5.47722557505e-08	5.4	6	6.3532e-06
1.73205080757e-08	6.65	6	2.6823e-06
1.73205080757e-08	6.65	6	2.5668e-06
1.73205080757e-08	6.65	6	2.5286e-06
1.73205080757e-08	6.65	6	2.6427e-06
3e-10	8.9	7	1.4843e-10
3e-10	8.9	7	6.3122e-12
3e-10	8.9	7	3.8749e-10
3e-10	8.9	7	6.301e-10
0.0001	8.9	6	1.4871e-06
0.0001	8.9	6	1.4252e-06
0.0001	8.9	6	1.4059e-06
0.0001	8.9	6	1.4573e-06
3e-10	8.9	6	2.8732e-07
3e-10	8.9	6	2.6327e-07
3e-10	8.9	6	3.2083e-07
3e-10	8.9	6	2.4534e-07
1e-10	11.65	6	9.5777e-09
1e-10	11.65	6	4.7887e-08
1e-10	11.65	6	9.5593e-09
1e-10	11.65	6	2.8675e-08
0.00632455532034	4.05	6	1.3545e-06
0.00632455532034	4.05	6	1.3087e-06
0.00632455532034	4.05	6	1.4313e-06
0.00632455532034	4.05	6	1.5211e-06
2.5e-11	5.4	6	9.6524e-07
2.5e-11	5.4	6	8.6077e-07
2.5e-11	5.4	6	7.6113e-07
2.5e-11	5.4	6	8.6541e-07
3e-08	6.65	7	9.9107e-10
3e-08	6.65	7	4.995e-10
3e-08	6.65	7	2.2855e-10
3e-08	6.65	7	1.4909e-09
1.73205080757e-07	2.0	6	7.2149e-06
1.73205080757e-07	2.0	6	7.0491e-06
1.73205080757e-07	2.0	6	7.1031e-06
1.73205080757e-07	2.0	6	7.4256e-06
3e-07	8.9	7	2.9708e-10
3e-07	8.9	7	2.7165e-11
3e-07	8.9	7	1.4693e-09
3e-07	8.9	7	2.4437e-10
0.0316227766017	6.65	7	1.8116e-07
0.0316227766017	6.65	7	1.693e-07
0.0316227766017	6.65	7	2.1191e-07
0.0316227766017	6.65	7	1.9876e-07
3e-08	2.0	6	1.6512e-05
3e-08	2.0	6	1.648e-05
3e-08	2.0	6	1.6377e-05
3e-08	2.0	6	1.7257e-05
0.000173205080757	4.05	7	2.2913e-09
0.000173205080757	4.05	7	2.0138e-09
0.000173205080757	4.05	7	1.5871e-09
0.000173205080757	4.05	7	4.2865e-09
0.316227766017	4.05	7	4.6001e-07
0.316227766017	4.05	7	4.9839e-07
0.316227766017	4.05	7	4.5488e-07
0.316227766017	4.05	7	4.0572e-07
5.47722557505e-06	6.65	7	1.2097e-09
5.47722557505e-06	6.65	7	1.4878e-09
5.47722557505e-06	6.65	7	9.587e-10
5.47722557505e-06	6.65	7	2.0942e-09
0.02	2.0	7	1.0236e-06
0.02	2.0	7	1.191e-06
0.02	2.0	7	1.1058e-06
0.02	2.0	7	1.1216e-06
0.5	2.0	6	1.0109e-06
0.5	2.0	6	9.3755e-07
0.5	2.0	6	6.7187e-07
0.5	2.0	6	1.3539e-06
5e-11	2.0	6	0.00011716
5e-11	2.0	6	0.00011739
5e-11	2.0	6	0.00011724
5e-11	2.0	6	0.00011629
3e-09	5.4	6	4.5805e-06
3e-09	5.4	6	4.7037e-06
3e-09	5.4	6	4.8885e-06
3e-09	5.4	6	4.7086e-06
1e-07	5.4	6	6.2315e-06
1e-07	5.4	6	6.6507e-06
1e-07	5.4	6	6.5989e-06
1e-07	5.4	6	6.3235e-06
5.47722557505e-09	4.05	7	4.0866e-09
5.47722557505e-09	4.05	7	3.192e-09
5.47722557505e-09	4.05	7	3.746e-09
5.47722557505e-09	4.05	7	1.927e-09
0.316227766017	6.65	7	2.179e-07
0.316227766017	6.65	7	3.1367e-07
0.316227766017	6.65	7	2.1239e-07
0.316227766017	6.65	7	1.455e-07
5e-11	5.4	7	1.9825e-09
5e-11	5.4	7	7.6215e-10
5e-11	5.4	7	1.1731e-09
5e-11	5.4	7	1.3297e-09
1.0	8.9	7	2.147e-07
1.0	8.9	7	1.9157e-07
1.0	8.9	7	1.7525e-07
1.0	8.9	7	3.2006e-07
1.73205080757e-07	6.65	6	3.2881e-06
1.73205080757e-07	6.65	6	3.0391e-06
1.73205080757e-07	6.65	6	3.0366e-06
1.73205080757e-07	6.65	6	3.0974e-06
3e-05	11.65	6	1.8161e-07
3e-05	11.65	6	2.3092e-07
3e-05	11.65	6	2.1564e-07
3e-05	11.65	6	2.2012e-07
1.73205080757e-05	4.05	7	2.8379e-09
1.73205080757e-05	4.05	7	2.3354e-09
1.73205080757e-05	4.05	7	2.9338e-09
1.73205080757e-05	4.05	7	9.8051e-10
3e-09	11.65	6	8.6144e-08
3e-09	11.65	6	7.2542e-08
3e-09	11.65	6	9.5566e-08
3e-09	11.65	6	7.2157e-08
0.5	8.9	7	1.6157e-07
0.5	8.9	7	1.1323e-07
0.5	8.9	7	1.7911e-07
0.5	8.9	7	1.4561e-07
0.0316227766017	2.0	6	9.2985e-07
0.0316227766017	2.0	6	1.0282e-06
0.0316227766017	2.0	6	7.5133e-07
0.0316227766017	2.0	6	9.584e-07
0.2	2.0	7	6.6822e-07
0.2	2.0	7	7.1677e-07
0.2	2.0	7	7.1331e-07
0.2	2.0	7	8.2196e-07
5.47722557505e-09	8.9	7	1.3219e-09
5.47722557505e-09	8.9	7	1.7872e-15
5.47722557505e-09	8.9	7	4.2289e-10
5.47722557505e-09	8.9	7	2.154e-14
3e-07	2.0	6	5.5032e-06
3e-07	2.0	6	5.6614e-06
3e-07	2.0	6	5.9039e-06
3e-07	2.0	6	5.5738e-06
5.47722557505e-07	5.4	6	7.0583e-06
5.47722557505e-07	5.4	6	6.5691e-06
5.47722557505e-07	5.4	6	6.7694e-06
5.47722557505e-07	5.4	6	6.5672e-06
5.47722557505e-10	5.4	6	3.4419e-06
5.47722557505e-10	5.4	6	3.5237e-06
5.47722557505e-10	5.4	6	3.1605e-06
5.47722557505e-10	5.4	6	3.2951e-06
5.47722557505e-07	8.9	7	5.167e-10
5.47722557505e-07	8.9	7	2.5504e-10
5.47722557505e-07	8.9	7	4.0878e-10
5.47722557505e-07	8.9	7	1.2358e-09
0.0316227766017	5.4	7	2.9751e-07
0.0316227766017	5.4	7	3.6967e-07
0.0316227766017	5.4	7	2.5208e-07
0.0316227766017	5.4	7	1.9805e-07
1.0	11.65	7	1.3884e-07
1.0	11.65	7	1.2818e-07
1.0	11.65	7	8.8261e-08
1.0	11.65	7	1.4432e-07
1.73205080757e-08	2.0	6	2.2991e-05
1.73205080757e-08	2.0	6	2.3676e-05
1.73205080757e-08	2.0	6	2.3231e-05
1.73205080757e-08	2.0	6	2.3878e-05
0.00632455532034	5.4	7	4.3377e-08
0.00632455532034	5.4	7	4.0004e-08
0.00632455532034	5.4	7	4.3848e-08
0.00632455532034	5.4	7	4.4031e-08
0.0003	4.05	7	4.458e-09
0.0003	4.05	7	4.018e-09
0.0003	4.05	7	4.0653e-09
0.0003	4.05	7	3.1255e-09
5.47722557505e-08	2.0	6	1.3417e-05
5.47722557505e-08	2.0	6	1.3398e-05
5.47722557505e-08	2.0	6	1.3435e-05
5.47722557505e-08	2.0	6	1.3075e-05
5.47722557505e-07	6.65	6	3.269e-06
5.47722557505e-07	6.65	6	3.1606e-06
5.47722557505e-07	6.65	6	3.1733e-06
5.47722557505e-07	6.65	6	3.3084e-06
0.0141421356237	8.9	6	1.0869e-06
0.0141421356237	8.9	6	1.1026e-06
0.0141421356237	8.9	6	1.0268e-06
0.0141421356237	8.9	6	1.1728e-06
2.5e-11	6.65	7	1.5272e-09
2.5e-11	6.65	7	5.0986e-10
2.5e-11	6.65	7	1.3641e-11
2.5e-11	6.65	7	4.7097e-10
0.001	4.05	6	6.036e-06
0.001	4.05	6	5.959e-06
0.001	4.05	6	5.8976e-06
0.001	4.05	6	6.316e-06
5e-11	5.4	6	1.2146e-06
5e-11	5.4	6	1.1804e-06
5e-11	5.4	6	9.7037e-07
5e-11	5.4	6	1.1043e-06
1.73205080757e-10	4.05	6	5.6604e-06
1.73205080757e-10	4.05	6	5.9903e-06
1.73205080757e-10	4.05	6	5.8481e-06
1.73205080757e-10	4.05	6	6.0148e-06
5.47722557505e-06	8.9	6	9.1742e-07
5.47722557505e-06	8.9	6	9.1045e-07
5.47722557505e-06	8.9	6	9.5079e-07
5.47722557505e-06	8.9	6	9.2227e-07
5.47722557505e-09	5.4	6	5.6602e-06
5.47722557505e-09	5.4	6	5.471e-06
5.47722557505e-09	5.4	6	5.613e-06
5.47722557505e-09	5.4	6	5.702e-06
1.0	6.65	7	2.7776e-07
1.0	6.65	7	2.961e-07
1.0	6.65	7	3.078e-07
1.0	6.65	7	3.0159e-07
1e-09	4.05	6	1.1327e-05
1e-09	4.05	6	1.0843e-05
1e-09	4.05	6	1.128e-05
1e-09	4.05	6	1.0881e-05
5.47722557505e-05	5.4	7	1.5482e-09
5.47722557505e-05	5.4	7	1.9842e-09
5.47722557505e-05	5.4	7	7.3895e-09
5.47722557505e-05	5.4	7	3.0518e-09
1.73205080757e-05	8.9	6	1.0812e-06
1.73205080757e-05	8.9	6	1.161e-06
1.73205080757e-05	8.9	6	1.0803e-06
1.73205080757e-05	8.9	6	1.1587e-06
0.000547722557505	4.05	7	6.5657e-09
0.000547722557505	4.05	7	5.0585e-09
0.000547722557505	4.05	7	4.9797e-09
0.000547722557505	4.05	7	6.7533e-09
0.707106781187	5.4	7	3.7168e-07
0.707106781187	5.4	7	4.2377e-07
0.707106781187	5.4	7	2.9271e-07
0.707106781187	5.4	7	5.5695e-07
0.002	5.4	7	9.4572e-09
0.002	5.4	7	8.3807e-09
0.002	5.4	7	1.0673e-08
0.002	5.4	7	9.162e-09
0.0001	6.65	6	4.4769e-06
0.0001	6.65	6	4.4e-06
0.0001	6.65	6	4.5159e-06
0.0001	6.65	6	4.3168e-06
0.2	11.65	7	1.2986e-07
0.2	11.65	7	8.2937e-08
0.2	11.65	7	6.2553e-08
0.2	11.65	7	1.0602e-07
1e-08	6.65	7	1.2631e-09
1e-08	6.65	7	1.4264e-09
1e-08	6.65	7	3.9467e-10
1e-08	6.65	7	2.3987e-09
5.47722557505e-05	8.9	6	1.2379e-06
5.47722557505e-05	8.9	6	1.197e-06
5.47722557505e-05	8.9	6	1.3095e-06
5.47722557505e-05	8.9	6	1.1859e-06
0.707106781187	2.0	7	1.1748e-06
0.707106781187	2.0	7	1.0503e-06
0.707106781187	2.0	7	9.191e-07
0.707106781187	2.0	7	8.6807e-07
1.73205080757e-08	5.4	7	2.4042e-09
1.73205080757e-08	5.4	7	3.3546e-09
1.73205080757e-08	5.4	7	2.6995e-09
1.73205080757e-08	5.4	7	3.9478e-09
0.0316227766017	6.65	6	5.3917e-07
0.0316227766017	6.65	6	6.0133e-07
0.0316227766017	6.65	6	5.5381e-07
0.0316227766017	6.65	6	4.874e-07
5.47722557505e-08	11.65	6	1.0544e-07
5.47722557505e-08	11.65	6	1.2912e-07
5.47722557505e-08	11.65	6	1.1057e-07
5.47722557505e-08	11.65	6	1.3384e-07
0.0003	8.9	7	1.1259e-09
0.0003	8.9	7	6.7478e-10
0.0003	8.9	7	1.2072e-09
0.0003	8.9	7	5.0312e-10
1e-05	2.0	6	9.7454e-07
1e-05	2.0	6	9.9756e-07
1e-05	2.0	6	9.9077e-07
1e-05	2.0	6	1.0135e-06
0.1	5.4	7	3.887e-07
0.1	5.4	7	3.4455e-07
0.1	5.4	7	4.1807e-07
0.1	5.4	7	4.098e-07
3e-07	4.05	6	1.3752e-05
3e-07	4.05	6	1.3902e-05
3e-07	4.05	6	1.3568e-05
3e-07	4.05	6	1.3506e-05
3e-05	2.0	6	6.1265e-07
3e-05	2.0	6	7.0395e-07
3e-05	2.0	6	6.7732e-07
3e-05	2.0	6	5.595e-07
0.004	5.4	7	2.3622e-08
0.004	5.4	7	2.3847e-08
0.004	5.4	7	2.0705e-08
0.004	5.4	7	2.1369e-08
3e-06	11.65	6	1.8207e-07
3e-06	11.65	6	1.6791e-07
3e-06	11.65	6	1.7236e-07
3e-06	11.65	6	1.5383e-07
3e-06	4.05	7	7.9453e-10
3e-06	4.05	7	4.298e-09
3e-06	4.05	7	2.8463e-09
3e-06	4.05	7	2.7643e-09
0.002	4.05	7	2.2509e-08
0.002	4.05	7	2.1506e-08
0.002	4.05	7	1.688e-08
0.002	4.05	7	2.4145e-08
0.1	4.05	7	5.6424e-07
0.1	4.05	7	6.4858e-07
0.1	4.05	7	6.7248e-07
0.1	4.05	7	6.1868e-07
1e-10	5.4	7	2.3186e-09
1e-10	5.4	7	1.2551e-09
1e-10	5.4	7	9.6651e-10
1e-10	5.4	7	2.0921e-09
0.01	5.4	7	9.378e-08
0.01	5.4	7	7.9895e-08
0.01	5.4	7	7.0967e-08
0.01	5.4	7	7.8775e-08
0.002	8.9	7	4.6929e-09
0.002	8.9	7	3.1134e-09
0.002	8.9	7	9.5383e-10
0.002	8.9	7	2.5887e-09
0.0003	11.65	7	6.7898e-11
0.0003	11.65	7	1.2213e-09
0.0003	11.65	7	1.2326e-09
0.0003	11.65	7	1.1757e-10
0.141421356237	6.65	7	2.5614e-07
0.141421356237	6.65	7	2.9503e-07
0.141421356237	6.65	7	2.4918e-07
0.141421356237	6.65	7	1.8971e-07
0.001	4.05	7	7.5755e-09
0.001	4.05	7	8.8092e-09
0.001	4.05	7	1.0653e-08
0.001	4.05	7	1.0102e-08
0.05	8.9	6	3.6747e-07
0.05	8.9	6	4.1455e-07
0.05	8.9	6	3.8049e-07
0.05	8.9	6	3.0306e-07
1e-10	6.65	7	4.665e-10
1e-10	6.65	7	2.6693e-10
1e-10	6.65	7	4.574e-10
1e-10	6.65	7	2.6646e-10
5.47722557505e-06	2.0	6	1.4614e-06
5.47722557505e-06	2.0	6	1.5178e-06
5.47722557505e-06	2.0	6	1.4758e-06
5.47722557505e-06	2.0	6	1.5005e-06
3e-07	6.65	6	3.4844e-06
3e-07	6.65	6	3.1651e-06
3e-07	6.65	6	3.1302e-06
3e-07	6.65	6	3.0271e-06
0.000173205080757	8.9	7	1.8613e-09
0.000173205080757	8.9	7	1.681e-09
0.000173205080757	8.9	7	1.2631e-09
0.000173205080757	8.9	7	2.1723e-10
5.47722557505e-06	8.9	7	2.0765e-09
5.47722557505e-06	8.9	7	5.5541e-10
5.47722557505e-06	8.9	7	3.1636e-10
5.47722557505e-06	8.9	7	1.8257e-09
5e-11	8.9	6	7.1719e-08
5e-11	8.9	6	1.0565e-07
5e-11	8.9	6	6.6992e-08
5e-11	8.9	6	1.2901e-07
5.47722557505e-05	2.0	6	4.7767e-07
5.47722557505e-05	2.0	6	5.1838e-07
5.47722557505e-05	2.0	6	5.0149e-07
5.47722557505e-05	2.0	6	5.4781e-07
1e-05	5.4	6	7.0501e-06
1e-05	5.4	6	6.8996e-06
1e-05	5.4	6	6.6151e-06
1e-05	5.4	6	6.8233e-06
0.5	6.65	6	3.0043e-07
0.5	6.65	6	3.576e-07
0.5	6.65	6	3.5744e-07
0.5	6.65	6	3.7999e-07
3e-05	8.9	7	7.884e-10
3e-05	8.9	7	2.0288e-09
3e-05	8.9	7	2.4164e-09
3e-05	8.9	7	4.1041e-10
5.47722557505e-06	5.4	6	6.6894e-06
5.47722557505e-06	5.4	6	6.5753e-06
5.47722557505e-06	5.4	6	6.4298e-06
5.47722557505e-06	5.4	6	6.6737e-06
1e-05	4.05	7	2.288e-09
1e-05	4.05	7	2.9265e-09
1e-05	4.05	7	9.9081e-10
1e-05	4.05	7	2.107e-09
1e-07	5.4	7	1.6296e-09
1e-07	5.4	7	1.5265e-09
1e-07	5.4	7	2.4178e-09
1e-07	5.4	7	1.9154e-09
0.0707106781187	6.65	6	5.1488e-07
0.0707106781187	6.65	6	4.8311e-07
0.0707106781187	6.65	6	5.0112e-07
0.0707106781187	6.65	6	4.2009e-07
2.5e-11	4.05	6	2.5384e-06
2.5e-11	4.05	6	2.5095e-06
2.5e-11	4.05	6	2.4963e-06
2.5e-11	4.05	6	2.5144e-06
1.73205080757e-06	6.65	7	9.0892e-10
1.73205080757e-06	6.65	7	1.9428e-09
1.73205080757e-06	6.65	7	3.775e-09
1.73205080757e-06	6.65	7	3.5388e-10
1e-06	8.9	6	9.2005e-07
1e-06	8.9	6	8.6571e-07
1e-06	8.9	6	9.611e-07
1e-06	8.9	6	8.6606e-07
3e-10	6.65	6	1.1096e-06
3e-10	6.65	6	1.2952e-06
3e-10	6.65	6	1.1283e-06
3e-10	6.65	6	1.2572e-06
0.0707106781187	11.65	6	3.0453e-07
0.0707106781187	11.65	6	2.9243e-07
0.0707106781187	11.65	6	3.2441e-07
0.0707106781187	11.65	6	2.8045e-07
5.47722557505e-10	6.65	6	1.3486e-06
5.47722557505e-10	6.65	6	1.3436e-06
5.47722557505e-10	6.65	6	1.4154e-06
5.47722557505e-10	6.65	6	1.405e-06
0.000173205080757	2.0	7	1.2926e-08
0.000173205080757	2.0	7	1.2437e-08
0.000173205080757	2.0	7	1.3484e-08
0.000173205080757	2.0	7	1.2987e-08
0.0141421356237	6.65	7	6.714e-08
0.0141421356237	6.65	7	6.4851e-08
0.0141421356237	6.65	7	5.3987e-08
0.0141421356237	6.65	7	6.0285e-08
0.707106781187	11.65	6	1.7675e-07
0.707106781187	11.65	6	2.9579e-07
0.707106781187	11.65	6	2.8057e-07
0.707106781187	11.65	6	2.8951e-07
0.001	11.65	7	1.5206e-09
0.001	11.65	7	3.7289e-10
0.001	11.65	7	1.6911e-09
0.001	11.65	7	1.4145e-09
1e-07	4.05	7	3.7943e-09
1e-07	4.05	7	2.0074e-09
1e-07	4.05	7	2.5729e-09
1e-07	4.05	7	6.8369e-09
3e-09	4.05	6	1.2899e-05
3e-09	4.05	6	1.2505e-05
3e-09	4.05	6	1.2748e-05
3e-09	4.05	6	1.2829e-05
0.002	2.0	6	3.3759e-07
0.002	2.0	6	3.4278e-07
0.002	2.0	6	3.637e-07
0.002	2.0	6	3.5589e-07
0.000547722557505	11.65	7	1.0371e-09
0.000547722557505	11.65	7	1.1465e-09
0.000547722557505	11.65	7	1.2058e-09
0.000547722557505	11.65	7	4.4537e-10
0.02	6.65	6	7.9601e-07
0.02	6.65	6	9.2457e-07
0.02	6.65	6	8.72e-07
0.02	6.65	6	8.3991e-07
0.316227766017	11.65	6	2.4112e-07
0.316227766017	11.65	6	1.8395e-07
0.316227766017	11.65	6	1.9636e-07
0.316227766017	11.65	6	2.4068e-07
0.141421356237	4.05	6	7.0496e-07
0.141421356237	4.05	6	5.4372e-07
0.141421356237	4.05	6	6.3716e-07
0.141421356237	4.05	6	6.5546e-07
0.2	11.65	6	2.7734e-07
0.2	11.65	6	2.6757e-07
0.2	11.65	6	2.1456e-07
0.2	11.65	6	2.575e-07
0.141421356237	2.0	7	7.3192e-07
0.141421356237	2.0	7	5.8372e-07
0.141421356237	2.0	7	6.3096e-07
0.141421356237	2.0	7	8.0263e-07
5.47722557505e-06	4.05	7	3.0164e-09
5.47722557505e-06	4.05	7	2.8845e-09
5.47722557505e-06	4.05	7	1.0287e-09
5.47722557505e-06	4.05	7	3.128e-09
0.02	5.4	7	2.6087e-07
0.02	5.4	7	2.6604e-07
0.02	5.4	7	2.282e-07
0.02	5.4	7	2.0844e-07
5e-11	4.05	7	3.1913e-10
5e-11	4.05	7	2.0665e-10
5e-11	4.05	7	1.1908e-09
5e-11	4.05	7	2.4925e-09
0.004	5.4	6	2.8002e-06
0.004	5.4	6	2.8451e-06
0.004	5.4	6	2.8412e-06
0.004	5.4	6	2.8049e-06
3e-06	4.05	6	1.2671e-05
3e-06	4.05	6	1.2516e-05
3e-06	4.05	6	1.2377e-05
3e-06	4.05	6	1.2711e-05
1e-05	5.4	7	1.4998e-09
1e-05	5.4	7	2.5837e-13
1e-05	5.4	7	8.2903e-10
1e-05	5.4	7	4.2717e-09
5.47722557505e-05	11.65	6	2.3574e-07
5.47722557505e-05	11.65	6	1.9108e-07
5.47722557505e-05	11.65	6	3.2494e-07
5.47722557505e-05	11.65	6	2.6771e-07
1.73205080757e-09	4.05	6	1.2086e-05
1.73205080757e-09	4.05	6	1.2029e-05
1.73205080757e-09	4.05	6	1.1806e-05
1.73205080757e-09	4.05	6	1.1776e-05
0.05	6.65	7	1.9555e-07
0.05	6.65	7	2.2377e-07
0.05	6.65	7	1.832e-07
0.05	6.65	7	2.3208e-07
0.02	11.65	7	2.1397e-08
0.02	11.65	7	5.7675e-08
0.02	11.65	7	2.7148e-08
0.02	11.65	7	2.6994e-08
0.000547722557505	5.4	6	7.4737e-06
0.000547722557505	5.4	6	7.5831e-06
0.000547722557505	5.4	6	7.1908e-06
0.000547722557505	5.4	6	7.3505e-06
5.47722557505e-06	4.05	6	1.2157e-05
5.47722557505e-06	4.05	6	1.2354e-05
5.47722557505e-06	4.05	6	1.2159e-05
5.47722557505e-06	4.05	6	1.208e-05
3e-10	11.65	6	5.2556e-08
3e-10	11.65	6	4.301e-08
3e-10	11.65	6	7.2286e-08
3e-10	11.65	6	4.3017e-08
1.0	6.65	6	4.4759e-07
1.0	6.65	6	4.3134e-07
1.0	6.65	6	3.9769e-07
1.0	6.65	6	4.1992e-07
1e-09	11.65	7	2.5411e-10
1e-09	11.65	7	0.0
1e-09	11.65	7	3.081e-10
1e-09	11.65	7	3.1525e-10
0.000173205080757	2.0	6	8.7065e-07
0.000173205080757	2.0	6	9.1911e-07
0.000173205080757	2.0	6	8.145e-07
0.000173205080757	2.0	6	8.4965e-07
0.316227766017	5.4	6	4.168e-07
0.316227766017	5.4	6	3.6064e-07
0.316227766017	5.4	6	5.1413e-07
0.316227766017	5.4	6	4.3769e-07
3e-09	5.4	7	2.3003e-09
3e-09	5.4	7	9.2337e-10
3e-09	5.4	7	3.2931e-09
3e-09	5.4	7	5.9935e-10
0.0001	2.0	6	4.4739e-07
0.0001	2.0	6	4.6749e-07
0.0001	2.0	6	5.3999e-07
0.0001	2.0	6	5.1641e-07
0.002	8.9	6	3.1404e-06
0.002	8.9	6	3.0937e-06
0.002	8.9	6	3.2908e-06
0.002	8.9	6	3.3058e-06
0.0141421356237	4.05	6	7.5049e-07
0.0141421356237	4.05	6	7.8511e-07
0.0141421356237	4.05	6	7.4232e-07
0.0141421356237	4.05	6	7.8136e-07
0.00632455532034	4.05	7	8.8644e-08
0.00632455532034	4.05	7	8.909e-08
0.00632455532034	4.05	7	9.7685e-08
0.00632455532034	4.05	7	8.9754e-08
0.01	2.0	7	8.3912e-07
0.01	2.0	7	8.263e-07
0.01	2.0	7	7.4273e-07
0.01	2.0	7	7.7514e-07
1.73205080757e-05	2.0	7	1.456e-09
1.73205080757e-05	2.0	7	1.3513e-09
1.73205080757e-05	2.0	7	1.4163e-09
1.73205080757e-05	2.0	7	1.2707e-09
0.707106781187	6.65	7	2.8338e-07
0.707106781187	6.65	7	2.313e-07
0.707106781187	6.65	7	2.7089e-07
0.707106781187	6.65	7	3.3487e-07
1.73205080757e-06	5.4	7	1.3032e-09
1.73205080757e-06	5.4	7	3.1597e-09
1.73205080757e-06	5.4	7	3.2842e-09
1.73205080757e-06	5.4	7	4.424e-09
0.0316227766017	2.0	7	8.1479e-07
0.0316227766017	2.0	7	8.5351e-07
0.0316227766017	2.0	7	9.6356e-07
0.0316227766017	2.0	7	9.9517e-07
1.73205080757e-10	6.65	6	7.8845e-07
1.73205080757e-10	6.65	6	8.2948e-07
1.73205080757e-10	6.65	6	7.2267e-07
1.73205080757e-10	6.65	6	9.0039e-07
0.01	4.05	6	9.9631e-07
0.01	4.05	6	7.8752e-07
0.01	4.05	6	7.6691e-07
0.01	4.05	6	9.1568e-07
3e-05	4.05	7	1.6727e-09
3e-05	4.05	7	3.6031e-09
3e-05	4.05	7	1.4109e-09
3e-05	4.05	7	9.2591e-10
0.1	5.4	6	5.702e-07
0.1	5.4	6	5.927e-07
0.1	5.4	6	6.5228e-07
0.1	5.4	6	5.347e-07
0.05	5.4	6	5.1794e-07
0.05	5.4	6	5.5561e-07
0.05	5.4	6	5.7531e-07
0.05	5.4	6	5.459e-07
0.5	5.4	6	4.9108e-07
0.5	5.4	6	4.4145e-07
0.5	5.4	6	6.1827e-07
0.5	5.4	6	4.1155e-07
1e-08	8.9	6	5.4058e-07
1e-08	8.9	6	4.7311e-07
1e-08	8.9	6	5.991e-07
1e-08	8.9	6	5.3534e-07
0.0707106781187	2.0	7	8.9854e-07
0.0707106781187	2.0	7	7.5485e-07
0.0707106781187	2.0	7	7.4939e-07
0.0707106781187	2.0	7	9.3518e-07
0.0003	6.65	7	2.2481e-09
0.0003	6.65	7	1.594e-09
0.0003	6.65	7	1.0952e-09
0.0003	6.65	7	3.7452e-09
0.2	6.65	6	2.7755e-07
0.2	6.65	6	3.9271e-07
0.2	6.65	6	3.517e-07
0.2	6.65	6	3.8957e-07
1e-09	2.0	7	4.7622e-13
1e-09	2.0	7	4.4767e-13
1e-09	2.0	7	5.4147e-13
1e-09	2.0	7	5.0015e-13
0.004	11.65	7	2.7427e-09
0.004	11.65	7	2.5922e-09
0.004	11.65	7	4.3177e-09
0.004	11.65	7	1.0763e-09
0.000173205080757	11.65	6	3.7305e-07
0.000173205080757	11.65	6	3.3958e-07
0.000173205080757	11.65	6	4.5462e-07
0.000173205080757	11.65	6	4.6966e-07
5.47722557505e-05	4.05	7	1.686e-09
5.47722557505e-05	4.05	7	1.574e-09
5.47722557505e-05	4.05	7	1.3207e-09
5.47722557505e-05	4.05	7	1.1938e-09
3e-06	2.0	7	2.2516e-10
3e-06	2.0	7	2.2702e-10
3e-06	2.0	7	2.3337e-10
3e-06	2.0	7	2.2205e-10
1.73205080757e-10	11.65	7	0.0
1.73205080757e-10	11.65	7	1.7174e-11
1.73205080757e-10	11.65	7	4.8847e-10
1.73205080757e-10	11.65	7	0.0
2.5e-11	4.05	7	5.4974e-10
2.5e-11	4.05	7	4.1636e-10
2.5e-11	4.05	7	1.8422e-09
2.5e-11	4.05	7	6.999e-10
0.316227766017	2.0	6	5.7041e-07
0.316227766017	2.0	6	8.1315e-07
0.316227766017	2.0	6	7.0971e-07
0.316227766017	2.0	6	5.7602e-07
5.47722557505e-07	2.0	6	4.4821e-06
5.47722557505e-07	2.0	6	4.3053e-06
5.47722557505e-07	2.0	6	4.4912e-06
5.47722557505e-07	2.0	6	4.4217e-06
5.47722557505e-07	4.05	6	1.3543e-05
5.47722557505e-07	4.05	6	1.3616e-05
5.47722557505e-07	4.05	6	1.3573e-05
5.47722557505e-07	4.05	6	1.3341e-05
3e-08	4.05	7	5.5762e-09
3e-08	4.05	7	2.5732e-09
3e-08	4.05	7	4.6871e-09
3e-08	4.05	7	2.8717e-09
1.73205080757e-09	8.9	6	3.4401e-07
1.73205080757e-09	8.9	6	3.9216e-07
1.73205080757e-09	8.9	6	4.355e-07
1.73205080757e-09	8.9	6	3.918e-07
1.73205080757e-09	6.65	7	9.8563e-10
1.73205080757e-09	6.65	7	1.6846e-10
1.73205080757e-09	6.65	7	7.3554e-14
1.73205080757e-09	6.65	7	2.8725e-09
0.00632455532034	2.0	7	5.4003e-07
0.00632455532034	2.0	7	5.0488e-07
0.00632455532034	2.0	7	5.6144e-07
0.00632455532034	2.0	7	5.0218e-07
2.5e-11	11.65	6	1.9113e-08
2.5e-11	11.65	6	1.4337e-08
2.5e-11	11.65	6	9.6807e-09
2.5e-11	11.65	6	4.7872e-09
1.73205080757e-09	11.65	6	6.6897e-08
1.73205080757e-09	11.65	6	4.3002e-08
1.73205080757e-09	11.65	6	6.7596e-08
1.73205080757e-09	11.65	6	6.7489e-08
1.73205080757e-08	4.05	7	3.3672e-09
1.73205080757e-08	4.05	7	4.3185e-09
1.73205080757e-08	4.05	7	4.8882e-09
1.73205080757e-08	4.05	7	3.5107e-09
3e-08	2.0	7	2.5386e-12
3e-08	2.0	7	2.6258e-12
3e-08	2.0	7	2.5529e-12
3e-08	2.0	7	2.7399e-12
0.141421356237	11.65	6	3.5729e-07
0.141421356237	11.65	6	3.208e-07
0.141421356237	11.65	6	2.2927e-07
0.141421356237	11.65	6	3.4115e-07
0.004	4.05	7	4.0025e-08
0.004	4.05	7	4.7403e-08
0.004	4.05	7	4.8011e-08
0.004	4.05	7	4.8718e-08
0.004	6.65	6	2.8212e-06
0.004	6.65	6	3.0303e-06
0.004	6.65	6	3.1323e-06
0.004	6.65	6	3.0455e-06
0.5	6.65	7	2.3227e-07
0.5	6.65	7	2.5393e-07
0.5	6.65	7	1.6166e-07
0.5	6.65	7	3.2188e-07
1.73205080757e-07	11.65	6	1.4439e-07
1.73205080757e-07	11.65	6	9.7268e-08
1.73205080757e-07	11.65	6	1.3895e-07
1.73205080757e-07	11.65	6	1.1952e-07
5.47722557505e-06	6.65	6	3.5597e-06
5.47722557505e-06	6.65	6	3.4066e-06
5.47722557505e-06	6.65	6	3.6694e-06
5.47722557505e-06	6.65	6	3.3884e-06
0.0141421356237	11.65	7	7.9705e-09
0.0141421356237	11.65	7	1.8362e-08
0.0141421356237	11.65	7	1.4423e-08
0.0141421356237	11.65	7	2.4189e-08
5.47722557505e-07	11.65	6	1.625e-07
5.47722557505e-07	11.65	6	1.5291e-07
5.47722557505e-07	11.65	6	1.1947e-07
5.47722557505e-07	11.65	6	1.0527e-07
0.00632455532034	6.65	7	2.839e-08
0.00632455532034	6.65	7	2.029e-08
0.00632455532034	6.65	7	2.8874e-08
0.00632455532034	6.65	7	4.0114e-08
3e-09	8.9	6	4.3587e-07
3e-09	8.9	6	4.5537e-07
3e-09	8.9	6	4.0244e-07
3e-09	8.9	6	4.9254e-07
1.73205080757e-07	6.65	7	1.8276e-09
1.73205080757e-07	6.65	7	2.5793e-09
1.73205080757e-07	6.65	7	1.1374e-09
1.73205080757e-07	6.65	7	2.6716e-09
3e-08	11.65	7	3.0471e-10
3e-08	11.65	7	3.6541e-10
3e-08	11.65	7	3.4827e-10
3e-08	11.65	7	3.6253e-15
5e-11	8.9	7	3.0051e-10
5e-11	8.9	7	3.6072e-10
5e-11	8.9	7	1.6782e-11
5e-11	8.9	7	1.7872e-15
0.05	2.0	7	8.6884e-07
0.05	2.0	7	8.2149e-07
0.05	2.0	7	9.4085e-07
0.05	2.0	7	7.7478e-07
0.001	2.0	7	8.1275e-08
0.001	2.0	7	7.8577e-08
0.001	2.0	7	8.0642e-08
0.001	2.0	7	8.3975e-08
1e-05	6.65	6	3.4032e-06
1e-05	6.65	6	3.4062e-06
1e-05	6.65	6	3.4567e-06
1e-05	6.65	6	3.7748e-06
2.5e-11	2.0	6	0.00012088
2.5e-11	2.0	6	0.00012014
2.5e-11	2.0	6	0.00012008
2.5e-11	2.0	6	0.00011976
3e-08	5.4	6	6.1787e-06
3e-08	5.4	6	6.1672e-06
3e-08	5.4	6	6.0943e-06
3e-08	5.4	6	6.3614e-06
1e-09	8.9	6	3.3931e-07
1e-09	8.9	6	3.5872e-07
1e-09	8.9	6	3.0225e-07
1e-09	8.9	6	3.7765e-07
3e-07	2.0	7	2.3449e-11
3e-07	2.0	7	2.3474e-11
3e-07	2.0	7	2.3807e-11
3e-07	2.0	7	2.5278e-11
5.47722557505e-07	4.05	7	3.4159e-09
5.47722557505e-07	4.05	7	2.0462e-09
5.47722557505e-07	4.05	7	3.226e-09
5.47722557505e-07	4.05	7	1.808e-09
5.47722557505e-09	2.0	7	6.5992e-13
5.47722557505e-09	2.0	7	6.1974e-13
5.47722557505e-09	2.0	7	6.2502e-13
5.47722557505e-09	2.0	7	5.9256e-13
1.73205080757e-05	11.65	6	2.1981e-07
1.73205080757e-05	11.65	6	1.9166e-07
1.73205080757e-05	11.65	6	1.8203e-07
1.73205080757e-05	11.65	6	2.4421e-07
3e-10	5.4	6	2.6822e-06
3e-10	5.4	6	2.8592e-06
3e-10	5.4	6	2.6721e-06
3e-10	5.4	6	3.0123e-06
1.73205080757e-09	5.4	6	4.2677e-06
1.73205080757e-09	5.4	6	4.5493e-06
1.73205080757e-09	5.4	6	4.3178e-06
1.73205080757e-09	5.4	6	4.5265e-06
0.0707106781187	4.05	7	5.7692e-07
0.0707106781187	4.05	7	7.1962e-07
0.0707106781187	4.05	7	6.3603e-07
0.0707106781187	4.05	7	6.3129e-07
0.004	8.9	6	2.4908e-06
0.004	8.9	6	2.4085e-06
0.004	8.9	6	2.4685e-06
0.004	8.9	6	2.5577e-06
1e-08	11.65	7	0.0
1e-08	11.65	7	2.786e-10
1e-08	11.65	7	0.0
1e-08	11.65	7	2.6178e-10
0.1	6.65	6	4.1025e-07
0.1	6.65	6	4.428e-07
0.1	6.65	6	3.7682e-07
0.1	6.65	6	4.5157e-07
3e-05	8.9	6	1.1529e-06
3e-05	8.9	6	1.1867e-06
3e-05	8.9	6	1.1711e-06
3e-05	8.9	6	1.2095e-06
1.73205080757e-06	8.9	7	1.206e-09
1.73205080757e-06	8.9	7	9.8767e-11
1.73205080757e-06	8.9	7	5.9769e-10
1.73205080757e-06	8.9	7	4.4685e-10
5.47722557505e-09	6.65	7	2.6875e-09
5.47722557505e-09	6.65	7	1.3693e-09
5.47722557505e-09	6.65	7	3.6364e-09
5.47722557505e-09	6.65	7	3.0268e-09
1e-08	6.65	6	2.486e-06
1e-08	6.65	6	2.7222e-06
1e-08	6.65	6	2.3852e-06
1e-08	6.65	6	2.4232e-06
3e-07	8.9	6	6.8968e-07
3e-07	8.9	6	8.027e-07
3e-07	8.9	6	7.0846e-07
3e-07	8.9	6	8.464e-07
1e-10	6.65	6	8.2749e-07
1e-10	6.65	6	7.6035e-07
1e-10	6.65	6	6.6531e-07
1e-10	6.65	6	6.8895e-07
1.73205080757e-07	8.9	7	1.897e-09
1.73205080757e-07	8.9	7	3.0679e-10
1.73205080757e-07	8.9	7	4.0565e-10
1.73205080757e-07	8.9	7	9.4217e-11
5.47722557505e-08	4.05	6	1.4594e-05
5.47722557505e-08	4.05	6	1.4546e-05
5.47722557505e-08	4.05	6	1.4357e-05
5.47722557505e-08	4.05	6	1.4516e-05
1e-10	2.0	6	0.00011327
1e-10	2.0	6	0.00011089
1e-10	2.0	6	0.00011105
1e-10	2.0	6	0.00011133
1.73205080757e-10	11.65	6	3.3457e-08
1.73205080757e-10	11.65	6	3.8225e-08
1.73205080757e-10	11.65	6	1.9114e-08
1.73205080757e-10	11.65	6	2.389e-08
0.0001	4.05	7	1.5872e-09
0.0001	4.05	7	3.5123e-09
0.0001	4.05	7	3.5168e-09
0.0001	4.05	7	2.1541e-09
3e-08	4.05	6	1.4346e-05
3e-08	4.05	6	1.4643e-05
3e-08	4.05	6	1.4425e-05
3e-08	4.05	6	1.4824e-05
0.01	11.65	6	1.0812e-06
0.01	11.65	6	1.1084e-06
0.01	11.65	6	1.0364e-06
0.01	11.65	6	1.1875e-06
0.0001	11.65	7	3.396e-09
0.0001	11.65	7	1.2366e-09
0.0001	11.65	7	1.6261e-10
0.0001	11.65	7	2.5811e-14
1e-07	11.65	6	9.5601e-08
1e-07	11.65	6	1.6724e-07
1e-07	11.65	6	1.2918e-07
1e-07	11.65	6	1.3875e-07
5.47722557505e-10	4.05	7	3.2623e-09
5.47722557505e-10	4.05	7	4.7807e-09
5.47722557505e-10	4.05	7	1.7532e-09
5.47722557505e-10	4.05	7	2.5438e-09
0.000173205080757	5.4	6	7.8843e-06
0.000173205080757	5.4	6	7.389e-06
0.000173205080757	5.4	6	7.8388e-06
0.000173205080757	5.4	6	7.6305e-06
3e-10	5.4	7	2.2636e-10
3e-10	5.4	7	6.0495e-10
3e-10	5.4	7	2.2528e-09
3e-10	5.4	7	2.6605e-09
1.73205080757e-05	8.9	7	9.1775e-10
1.73205080757e-05	8.9	7	2.1479e-09
1.73205080757e-05	8.9	7	2.4197e-10
1.73205080757e-05	8.9	7	6.0486e-10
5.47722557505e-08	11.65	7	4.1716e-10
5.47722557505e-08	11.65	7	3.9554e-10
5.47722557505e-08	11.65	7	9.5227e-10
5.47722557505e-08	11.65	7	1.3893e-10
5.47722557505e-07	11.65	7	3.2031e-11
5.47722557505e-07	11.65	7	1.2411e-10
5.47722557505e-07	11.65	7	4.8536e-10
5.47722557505e-07	11.65	7	3.9706e-10
0.000547722557505	5.4	7	2.0976e-09
0.000547722557505	5.4	7	5.7038e-09
0.000547722557505	5.4	7	1.7996e-09
0.000547722557505	5.4	7	3.3749e-09
0.0141421356237	5.4	7	1.0929e-07
0.0141421356237	5.4	7	1.1351e-07
0.0141421356237	5.4	7	1.3135e-07
0.0141421356237	5.4	7	9.1864e-08
3e-10	2.0	6	9.3095e-05
3e-10	2.0	6	9.1865e-05
3e-10	2.0	6	9.1345e-05
3e-10	2.0	6	9.3029e-05
1e-06	6.65	6	3.2787e-06
1e-06	6.65	6	3.065e-06
1e-06	6.65	6	3.3221e-06
1e-06	6.65	6	3.2129e-06
1.73205080757e-08	11.65	6	8.1238e-08
1.73205080757e-08	11.65	6	1.1649e-07
1.73205080757e-08	11.65	6	1.0037e-07
1.73205080757e-08	11.65	6	1.2496e-07
1e-06	8.9	7	1.5424e-14
1e-06	8.9	7	1.2017e-09
1e-06	8.9	7	2.3181e-09
1e-06	8.9	7	1.6286e-09
0.05	5.4	7	3.0721e-07
0.05	5.4	7	4.0556e-07
0.05	5.4	7	3.0251e-07
0.05	5.4	7	2.8175e-07
0.02	11.65	6	7.0995e-07
0.02	11.65	6	8.1724e-07
0.02	11.65	6	8.83e-07
0.02	11.65	6	7.0303e-07
1e-09	11.65	6	6.2114e-08
1e-09	11.65	6	7.1673e-08
1e-09	11.65	6	4.3187e-08
1e-09	11.65	6	7.1676e-08
1e-06	2.0	6	3.0233e-06
1e-06	2.0	6	2.9945e-06
1e-06	2.0	6	3.2048e-06
1e-06	2.0	6	3.1302e-06
0.000547722557505	2.0	7	5.2112e-08
0.000547722557505	2.0	7	5.0312e-08
0.000547722557505	2.0	7	5.0744e-08
0.000547722557505	2.0	7	5.0556e-08
1e-05	11.65	7	5.6116e-10
1e-05	11.65	7	2.4684e-10
1e-05	11.65	7	1.4208e-09
1e-05	11.65	7	1.8711e-09
3e-10	4.05	6	8.2911e-06
3e-10	4.05	6	7.726e-06
3e-10	4.05	6	8.3131e-06
3e-10	4.05	6	7.975e-06
1e-07	6.65	7	3.1169e-09
1e-07	6.65	7	8.6393e-10
1e-07	6.65	7	1.2968e-09
1e-07	6.65	7	2.4254e-09
0.004	4.05	6	2.1345e-06
0.004	4.05	6	2.1313e-06
0.004	4.05	6	2.39e-06
0.004	4.05	6	2.2448e-06
0.141421356237	6.65	6	3.8884e-07
0.141421356237	6.65	6	5.2201e-07
0.141421356237	6.65	6	3.6382e-07
0.141421356237	6.65	6	4.4968e-07
5.47722557505e-07	5.4	7	4.2498e-09
5.47722557505e-07	5.4	7	1.1743e-09
5.47722557505e-07	5.4	7	1.9947e-09
5.47722557505e-07	5.4	7	1.4611e-09
0.0003	8.9	6	2.1399e-06
0.0003	8.9	6	2.1992e-06
0.0003	8.9	6	2.4056e-06
0.0003	8.9	6	2.1063e-06
5.47722557505e-09	11.65	6	7.7459e-08
5.47722557505e-09	11.65	6	9.1137e-08
5.47722557505e-09	11.65	6	1.0997e-07
5.47722557505e-09	11.65	6	8.232e-08
3e-09	2.0	6	4.8973e-05
3e-09	2.0	6	4.9191e-05
3e-09	2.0	6	4.8085e-05
3e-09	2.0	6	4.9428e-05
0.141421356237	2.0	6	7.486e-07
0.141421356237	2.0	6	8.2823e-07
0.141421356237	2.0	6	8.617e-07
0.141421356237	2.0	6	7.2561e-07
5.47722557505e-05	6.65	7	2.565e-09
5.47722557505e-05	6.65	7	4.3787e-09
5.47722557505e-05	6.65	7	3.6384e-09
5.47722557505e-05	6.65	7	1.1024e-09
5e-11	4.05	6	2.9151e-06
5e-11	4.05	6	3.1169e-06
5e-11	4.05	6	3.1206e-06
5e-11	4.05	6	2.9548e-06
1.73205080757e-06	5.4	6	6.7201e-06
1.73205080757e-06	5.4	6	6.7853e-06
1.73205080757e-06	5.4	6	6.4722e-06
1.73205080757e-06	5.4	6	6.3823e-06
5.47722557505e-09	8.9	6	5.9011e-07
5.47722557505e-09	8.9	6	5.3516e-07
5.47722557505e-09	8.9	6	4.5981e-07
5.47722557505e-09	8.9	6	5.2588e-07
0.01	6.65	6	1.454e-06
0.01	6.65	6	1.2435e-06
0.01	6.65	6	1.3412e-06
0.01	6.65	6	1.3292e-06
1.0	5.4	6	4.1928e-07
1.0	5.4	6	5.2775e-07
1.0	5.4	6	5.6656e-07
1.0	5.4	6	4.7172e-07
1.73205080757e-08	8.9	6	6.04e-07
1.73205080757e-08	8.9	6	6.0413e-07
1.73205080757e-08	8.9	6	5.4685e-07
1.73205080757e-08	8.9	6	5.3554e-07
0.2	2.0	6	7.7834e-07
0.2	2.0	6	7.9869e-07
0.2	2.0	6	6.3379e-07
0.2	2.0	6	4.8725e-07
3e-06	5.4	7	2.1064e-09
3e-06	5.4	7	2.4848e-09
3e-06	5.4	7	1.9986e-09
3e-06	5.4	7	1.1749e-09
0.5	11.65	6	2.5069e-07
0.5	11.65	6	3.1058e-07
0.5	11.65	6	2.2871e-07
0.5	11.65	6	2.8783e-07
5.47722557505e-08	5.4	7	4.3202e-10
5.47722557505e-08	5.4	7	4.125e-09
5.47722557505e-08	5.4	7	2.1657e-09
5.47722557505e-08	5.4	7	1.731e-09
0.000173205080757	4.05	6	9.793e-06
0.000173205080757	4.05	6	1.0516e-05
0.000173205080757	4.05	6	9.9544e-06
0.000173205080757	4.05	6	1.0349e-05
5.47722557505e-10	2.0	6	8.1445e-05
5.47722557505e-10	2.0	6	8.0311e-05
5.47722557505e-10	2.0	6	8.0583e-05
5.47722557505e-10	2.0	6	8.104e-05
5.47722557505e-05	11.65	7	1.4531e-09
5.47722557505e-05	11.65	7	1.202e-14
5.47722557505e-05	11.65	7	3.6173e-11
5.47722557505e-05	11.65	7	1.7872e-15
5.47722557505e-08	8.9	6	6.6953e-07
5.47722557505e-08	8.9	6	5.8515e-07
5.47722557505e-08	8.9	6	6.3704e-07
5.47722557505e-08	8.9	6	7.6969e-07
0.0707106781187	8.9	6	4.2822e-07
0.0707106781187	8.9	6	3.7366e-07
0.0707106781187	8.9	6	3.1801e-07
0.0707106781187	8.9	6	4.6001e-07
5.47722557505e-10	8.9	6	2.6788e-07
5.47722557505e-10	8.9	6	3.3499e-07
5.47722557505e-10	8.9	6	3.017e-07
5.47722557505e-10	8.9	6	3.1757e-07
1e-09	5.4	7	2.5097e-09
1e-09	5.4	7	1.8477e-09
1e-09	5.4	7	9.2301e-10
1e-09	5.4	7	5.3789e-10
1.73205080757e-10	5.4	7	2.5946e-10
1.73205080757e-10	5.4	7	2.6766e-10
1.73205080757e-10	5.4	7	2.5903e-09
1.73205080757e-10	5.4	7	4.7311e-10
0.316227766017	6.65	6	3.0918e-07
0.316227766017	6.65	6	2.4406e-07
0.316227766017	6.65	6	2.8744e-07
0.316227766017	6.65	6	3.9482e-07
1e-06	11.65	6	1.9113e-07
1e-06	11.65	6	1.5768e-07
1e-06	11.65	6	1.4482e-07
1e-06	11.65	6	1.867e-07
5.47722557505e-08	8.9	7	6.1242e-10
5.47722557505e-08	8.9	7	3.5136e-14
5.47722557505e-08	8.9	7	1.1016e-09
5.47722557505e-08	8.9	7	1.7053e-14
0.0001	11.65	6	3.3927e-07
0.0001	11.65	6	3.2584e-07
0.0001	11.65	6	3.7283e-07
0.0001	11.65	6	3.0236e-07
1.73205080757e-10	2.0	7	1.0496e-12
1.73205080757e-10	2.0	7	1.1362e-12
1.73205080757e-10	2.0	7	1.0029e-12
1.73205080757e-10	2.0	7	1.0581e-12
1e-05	2.0	7	7.2598e-10
1e-05	2.0	7	7.4824e-10
1e-05	2.0	7	7.5518e-10
1e-05	2.0	7	7.4176e-10
0.707106781187	4.05	6	7.1841e-07
0.707106781187	4.05	6	6.3201e-07
0.707106781187	4.05	6	5.8417e-07
0.707106781187	4.05	6	8.1472e-07
0.004	6.65	7	1.2158e-08
0.004	6.65	7	9.8135e-09
0.004	6.65	7	1.6462e-08
0.004	6.65	7	1.8133e-08
2.5e-11	6.65	6	3.9322e-07
2.5e-11	6.65	6	4.1636e-07
2.5e-11	6.65	6	4.4485e-07
2.5e-11	6.65	6	3.5984e-07
0.0141421356237	8.9	7	2.6744e-08
0.0141421356237	8.9	7	2.2075e-08
0.0141421356237	8.9	7	3.2145e-08
0.0141421356237	8.9	7	2.1862e-08
1e-08	4.05	6	1.4342e-05
1e-08	4.05	6	1.4328e-05
1e-08	4.05	6	1.4601e-05
1e-08	4.05	6	1.4759e-05
3e-07	11.65	6	1.1473e-07
3e-07	11.65	6	1.538e-07
3e-07	11.65	6	1.4417e-07
3e-07	11.65	6	1.5791e-07
5.47722557505e-05	5.4	6	6.9191e-06
5.47722557505e-05	5.4	6	6.9693e-06
5.47722557505e-05	5.4	6	7.0216e-06
5.47722557505e-05	5.4	6	7.1717e-06
0.0141421356237	4.05	7	1.8364e-07
0.0141421356237	4.05	7	1.7671e-07
0.0141421356237	4.05	7	1.9395e-07
0.0141421356237	4.05	7	1.6776e-07
1.73205080757e-07	2.0	7	1.4868e-11
1.73205080757e-07	2.0	7	1.4656e-11
1.73205080757e-07	2.0	7	1.4924e-11
1.73205080757e-07	2.0	7	1.5653e-11
0.0707106781187	4.05	6	8.3099e-07
0.0707106781187	4.05	6	8.1486e-07
0.0707106781187	4.05	6	9.12e-07
0.0707106781187	4.05	6	8.5552e-07
0.0707106781187	8.9	7	1.5076e-07
0.0707106781187	8.9	7	1.7405e-07
0.0707106781187	8.9	7	1.256e-07
0.0707106781187	8.9	7	1.2434e-07
5.47722557505e-09	2.0	6	3.5797e-05
5.47722557505e-09	2.0	6	3.654e-05
5.47722557505e-09	2.0	6	3.5982e-05
5.47722557505e-09	2.0	6	3.628e-05
3e-09	6.65	6	2.0311e-06
3e-09	6.65	6	2.0511e-06
3e-09	6.65	6	2.0174e-06
3e-09	6.65	6	2.1854e-06
1.0	5.4	7	5.0206e-07
1.0	5.4	7	4.4597e-07
1.0	5.4	7	4.4323e-07
1.0	5.4	7	5.7922e-07
1.73205080757e-06	2.0	7	1.387e-10
1.73205080757e-06	2.0	7	1.3398e-10
1.73205080757e-06	2.0	7	1.3575e-10
1.73205080757e-06	2.0	7	1.3848e-10
3e-09	11.65	7	0.0
3e-09	11.65	7	9.756e-10
3e-09	11.65	7	4.0704e-10
3e-09	11.65	7	2.4063e-10
5e-11	6.65	6	4.2066e-07
5e-11	6.65	6	4.308e-07
5e-11	6.65	6	4.5417e-07
5e-11	6.65	6	5.2683e-07
1.0	4.05	7	7.8768e-07
1.0	4.05	7	4.9e-07
1.0	4.05	7	6.5412e-07
1.0	4.05	7	6.9677e-07
1.73205080757e-05	6.65	6	3.7711e-06
1.73205080757e-05	6.65	6	3.521e-06
1.73205080757e-05	6.65	6	3.7089e-06
1.73205080757e-05	6.65	6	3.732e-06
5.47722557505e-10	5.4	7	2.1611e-09
5.47722557505e-10	5.4	7	1.151e-09
5.47722557505e-10	5.4	7	3.0685e-09
5.47722557505e-10	5.4	7	2.4486e-09
0.0707106781187	2.0	6	1.0936e-06
0.0707106781187	2.0	6	8.544e-07
0.0707106781187	2.0	6	7.9029e-07
0.0707106781187	2.0	6	9.2223e-07
0.001	8.9	7	2.1092e-09
0.001	8.9	7	1.6735e-09
0.001	8.9	7	2.3788e-09
0.001	8.9	7	8.5805e-10
0.01	8.9	7	2.3786e-08
0.01	8.9	7	2.7231e-08
0.01	8.9	7	3.0683e-08
0.01	8.9	7	2.0974e-08
0.707106781187	8.9	6	3.5567e-07
0.707106781187	8.9	6	2.6944e-07
0.707106781187	8.9	6	2.9635e-07
0.707106781187	8.9	6	4.2401e-07
0.2	6.65	7	1.8984e-07
0.2	6.65	7	1.9325e-07
0.2	6.65	7	2.2133e-07
0.2	6.65	7	1.6928e-07
1e-10	8.9	6	1.3857e-07
1e-10	8.9	6	1.9789e-07
1e-10	8.9	6	1.5371e-07
1e-10	8.9	6	1.9111e-07
0.001	8.9	6	3.2424e-06
0.001	8.9	6	3.0147e-06
0.001	8.9	6	3.3052e-06
0.001	8.9	6	3.0046e-06
0.1	6.65	7	2.8407e-07
0.1	6.65	7	2.7192e-07
0.1	6.65	7	3.2024e-07
0.1	6.65	7	2.347e-07
3e-06	8.9	7	3.7014e-10
3e-06	8.9	7	7.631e-10
3e-06	8.9	7	9.8575e-10
3e-06	8.9	7	5.6946e-10
0.00632455532034	11.65	6	1.3495e-06
0.00632455532034	11.65	6	1.3436e-06
0.00632455532034	11.65	6	1.4439e-06
0.00632455532034	11.65	6	1.3837e-06
1.73205080757e-07	8.9	6	6.5996e-07
1.73205080757e-07	8.9	6	6.4593e-07
1.73205080757e-07	8.9	6	7.0815e-07
1.73205080757e-07	8.9	6	7.6738e-07
0.0707106781187	5.4	6	5.1354e-07
0.0707106781187	5.4	6	5.4821e-07
0.0707106781187	5.4	6	5.1483e-07
0.0707106781187	5.4	6	5.691e-07
5.47722557505e-09	4.05	6	1.4522e-05
5.47722557505e-09	4.05	6	1.4418e-05
5.47722557505e-09	4.05	6	1.3997e-05
5.47722557505e-09	4.05	6	1.4295e-05
0.02	6.65	7	1.2284e-07
0.02	6.65	7	1.1077e-07
0.02	6.65	7	1.851e-07
0.02	6.65	7	1.1666e-07
0.01	4.05	7	1.5531e-07
0.01	4.05	7	1.335e-07
0.01	4.05	7	1.3232e-07
0.01	4.05	7	1.432e-07
3e-10	4.05	7	3.779e-09
3e-10	4.05	7	4.0359e-09
3e-10	4.05	7	2.2186e-09
3e-10	4.05	7	2.3807e-09
1.73205080757e-05	4.05	6	1.1301e-05
1.73205080757e-05	4.05	6	1.1271e-05
1.73205080757e-05	4.05	6	1.0951e-05
1.73205080757e-05	4.05	6	1.157e-05
0.004	8.9	7	9.1059e-09
0.004	8.9	7	7.0202e-09
0.004	8.9	7	7.616e-09
0.004	8.9	7	9.6386e-09
1.73205080757e-10	6.65	7	8.1115e-10
1.73205080757e-10	6.65	7	1.7423e-09
1.73205080757e-10	6.65	7	1.7088e-09
1.73205080757e-10	6.65	7	5.7676e-10
1e-06	2.0	7	8.376e-11
1e-06	2.0	7	7.4922e-11
1e-06	2.0	7	8.6281e-11
1e-06	2.0	7	7.9137e-11
0.0316227766017	11.65	6	4.1886e-07
0.0316227766017	11.65	6	5.1033e-07
0.0316227766017	11.65	6	4.786e-07
0.0316227766017	11.65	6	4.3423e-07
0.2	4.05	7	5.1637e-07
0.2	4.05	7	4.8863e-07
0.2	4.05	7	3.0127e-07
0.2	4.05	7	3.4455e-07
0.5	4.05	7	5.4113e-07
0.5	4.05	7	3.7177e-07
0.5	4.05	7	4.5465e-07
0.5	4.05	7	6.6702e-07
0.316227766017	2.0	7	6.6743e-07
0.316227766017	2.0	7	6.0978e-07
0.316227766017	2.0	7	7.1684e-07
0.316227766017	2.0	7	7.3505e-07
5.47722557505e-07	6.65	7	1.3955e-09
5.47722557505e-07	6.65	7	6.7559e-10
5.47722557505e-07	6.65	7	3.0246e-09
5.47722557505e-07	6.65	7	2.9052e-10
0.0003	4.05	6	9.3996e-06
0.0003	4.05	6	9.0255e-06
0.0003	4.05	6	9.0862e-06
0.0003	4.05	6	9.6981e-06
0.0316227766017	5.4	6	6.3066e-07
0.0316227766017	5.4	6	5.7409e-07
0.0316227766017	5.4	6	7.338e-07
0.0316227766017	5.4	6	5.8575e-07
1.73205080757e-06	11.65	7	0.0
1.73205080757e-06	11.65	7	2.2968e-15
1.73205080757e-06	11.65	7	8.5845e-11
1.73205080757e-06	11.65	7	5.9055e-10
1e-05	8.9	7	2.6135e-10
1e-05	8.9	7	1.5843e-09
1e-05	8.9	7	1.1808e-09
1e-05	8.9	7	1.4222e-10
0.00632455532034	8.9	7	9.3465e-09
0.00632455532034	8.9	7	8.9072e-09
0.00632455532034	8.9	7	1.2399e-08
0.00632455532034	8.9	7	1.6985e-08
1.0	11.65	6	2.5477e-07
1.0	11.65	6	3.8063e-07
1.0	11.65	6	2.4246e-07
1.0	11.65	6	3.2529e-07
5.47722557505e-10	6.65	7	1.0863e-09
5.47722557505e-10	6.65	7	7.1954e-10
5.47722557505e-10	6.65	7	1.351e-09
5.47722557505e-10	6.65	7	6.0226e-10
1e-07	2.0	6	1.0748e-05
1e-07	2.0	6	1.0926e-05
1e-07	2.0	6	1.0451e-05
1e-07	2.0	6	1.0282e-05
3e-08	8.9	6	5.5685e-07
3e-08	8.9	6	6.7946e-07
3e-08	8.9	6	7.136e-07
3e-08	8.9	6	7.6486e-07
5.47722557505e-10	8.9	7	8.6462e-10
5.47722557505e-10	8.9	7	9.9602e-10
5.47722557505e-10	8.9	7	2.8239e-10
5.47722557505e-10	8.9	7	1.6001e-14
1e-06	4.05	6	1.3054e-05
1e-06	4.05	6	1.3181e-05
1e-06	4.05	6	1.3228e-05
1e-06	4.05	6	1.2918e-05
1.73205080757e-05	11.65	7	4.6458e-10
1.73205080757e-05	11.65	7	8.6227e-15
1.73205080757e-05	11.65	7	1.1422e-14
1.73205080757e-05	11.65	7	3.2484e-14
0.000173205080757	6.65	6	5.0995e-06
0.000173205080757	6.65	6	4.6711e-06
0.000173205080757	6.65	6	4.9558e-06
0.000173205080757	6.65	6	4.7711e-06
0.002	5.4	6	4.7352e-06
0.002	5.4	6	4.6645e-06
0.002	5.4	6	4.7138e-06
0.002	5.4	6	4.6962e-06
1.73205080757e-09	4.05	7	2.9319e-09
1.73205080757e-09	4.05	7	4.9449e-09
1.73205080757e-09	4.05	7	1.891e-09
1.73205080757e-09	4.05	7	7.1577e-09
1.73205080757e-08	8.9	7	2.7387e-10
1.73205080757e-08	8.9	7	2.7699e-10
1.73205080757e-08	8.9	7	7.5322e-10
1.73205080757e-08	8.9	7	6.4103e-10
1e-08	5.4	6	6.0461e-06
1e-08	5.4	6	5.73e-06
1e-08	5.4	6	5.931e-06
1e-08	5.4	6	5.5666e-06
0.000547722557505	8.9	6	2.6515e-06
0.000547722557505	8.9	6	2.6454e-06
0.000547722557505	8.9	6	2.777e-06
0.000547722557505	8.9	6	2.8126e-06
3e-06	2.0	6	1.8761e-06
3e-06	2.0	6	1.9928e-06
3e-06	2.0	6	1.8835e-06
3e-06	2.0	6	1.8193e-06
5e-11	2.0	7	1.8402e-12
5e-11	2.0	7	1.7507e-12
5e-11	2.0	7	1.9311e-12
5e-11	2.0	7	3.3846e-10
0.0001	8.9	7	1.413e-09
0.0001	8.9	7	4.7882e-10
0.0001	8.9	7	6.6195e-10
0.0001	8.9	7	2.9567e-09
1e-05	4.05	6	1.1614e-05
1e-05	4.05	6	1.1986e-05
1e-05	4.05	6	1.1475e-05
1e-05	4.05	6	1.1637e-05
0.000173205080757	8.9	6	1.6504e-06
0.000173205080757	8.9	6	1.6857e-06
0.000173205080757	8.9	6	1.7692e-06
0.000173205080757	8.9	6	1.9198e-06
1e-09	8.9	7	3.4261e-10
1e-09	8.9	7	4.9296e-10
1e-09	8.9	7	1.7649e-09
1e-09	8.9	7	1.0152e-09
0.000547722557505	4.05	6	7.996e-06
0.000547722557505	4.05	6	8.1928e-06
0.000547722557505	4.05	6	7.9173e-06
0.000547722557505	4.05	6	7.9918e-06
0.141421356237	8.9	7	2.0628e-07
0.141421356237	8.9	7	1.6955e-07
0.141421356237	8.9	7	1.315e-07
0.141421356237	8.9	7	2.111e-07
1e-07	4.05	6	1.4847e-05
1e-07	4.05	6	1.4635e-05
1e-07	4.05	6	1.4349e-05
1e-07	4.05	6	1.5138e-05
0.707106781187	8.9	7	1.3709e-07
0.707106781187	8.9	7	8.9514e-08
0.707106781187	8.9	7	1.9867e-07
0.707106781187	8.9	7	1.7196e-07
5.47722557505e-10	2.0	7	5.6362e-13
5.47722557505e-10	2.0	7	5.9385e-13
5.47722557505e-10	2.0	7	5.6853e-13
5.47722557505e-10	2.0	7	5.9382e-13
1e-08	11.65	6	7.6712e-08
1e-08	11.65	6	1.057e-07
1e-08	11.65	6	1.1468e-07
1e-08	11.65	6	9.2414e-08
1.73205080757e-10	4.05	7	1.0297e-09
1.73205080757e-10	4.05	7	4.0249e-09
1.73205080757e-10	4.05	7	5.0795e-10
1.73205080757e-10	4.05	7	1.123e-09
0.2	4.05	6	6.6663e-07
0.2	4.05	6	5.7718e-07
0.2	4.05	6	4.7373e-07
0.2	4.05	6	5.4846e-07
0.5	5.4	7	3.4077e-07
0.5	5.4	7	2.9376e-07
0.5	5.4	7	3.857e-07
0.5	5.4	7	3.1601e-07
1e-07	8.9	7	2.2654e-09
1e-07	8.9	7	7.4579e-10
1e-07	8.9	7	7.0241e-10
1e-07	8.9	7	5.7136e-10
0.02	5.4	6	7.9961e-07
0.02	5.4	6	8.2019e-07
0.02	5.4	6	8.3489e-07
0.02	5.4	6	9.0475e-07
0.000547722557505	11.65	6	7.754e-07
0.000547722557505	11.65	6	9.2734e-07
0.000547722557505	11.65	6	9.6526e-07
0.000547722557505	11.65	6	9.8962e-07
1.73205080757e-09	5.4	7	2.8441e-09
1.73205080757e-09	5.4	7	2.0298e-09
1.73205080757e-09	5.4	7	1.7289e-09
1.73205080757e-09	5.4	7	4.1301e-09
0.000173205080757	5.4	7	2.1049e-09
0.000173205080757	5.4	7	3.3262e-09
0.000173205080757	5.4	7	2.6349e-09
0.000173205080757	5.4	7	2.6939e-09
0.02	4.05	6	7.811e-07
0.02	4.05	6	9.1383e-07
0.02	4.05	6	9.0101e-07
0.02	4.05	6	8.616e-07
3e-06	11.65	7	6.4794e-10
3e-06	11.65	7	6.8643e-10
3e-06	11.65	7	3.1762e-15
3e-06	11.65	7	9.6796e-10
0.2	8.9	7	1.7464e-07
0.2	8.9	7	1.5286e-07
0.2	8.9	7	1.5452e-07
0.2	8.9	7	1.6804e-07
1e-06	6.65	7	1.7389e-10
1e-06	6.65	7	1.4725e-09
1e-06	6.65	7	8.4693e-10
1e-06	6.65	7	2.2915e-10
0.001	2.0	6	2.9991e-07
0.001	2.0	6	2.7391e-07
0.001	2.0	6	2.8104e-07
0.001	2.0	6	2.6045e-07
0.002	2.0	7	1.6703e-07
0.002	2.0	7	1.7659e-07
0.002	2.0	7	1.7859e-07
0.002	2.0	7	1.5816e-07
3e-08	8.9	7	5.859e-10
3e-08	8.9	7	5.2093e-10
3e-08	8.9	7	1.4431e-09
3e-08	8.9	7	1.7258e-10
1e-10	4.05	6	4.6758e-06
1e-10	4.05	6	4.9137e-06
1e-10	4.05	6	4.6377e-06
1e-10	4.05	6	4.3449e-06
5.47722557505e-05	4.05	6	1.073e-05
5.47722557505e-05	4.05	6	1.062e-05
5.47722557505e-05	4.05	6	1.0855e-05
5.47722557505e-05	4.05	6	1.0701e-05
1.73205080757e-09	6.65	6	1.7315e-06
1.73205080757e-09	6.65	6	1.9017e-06
1.73205080757e-09	6.65	6	1.6593e-06
1.73205080757e-09	6.65	6	1.8072e-06
0.1	4.05	6	5.9231e-07
0.1	4.05	6	7.0505e-07
0.1	4.05	6	6.7389e-07
0.1	4.05	6	8.7691e-07
0.2	5.4	7	2.5065e-07
0.2	5.4	7	1.6733e-07
0.2	5.4	7	2.8098e-07
0.2	5.4	7	2.4791e-07
1e-07	8.9	6	6.4985e-07
1e-07	8.9	6	7.0838e-07
1e-07	8.9	6	7.0277e-07
1e-07	8.9	6	6.9358e-07
0.0001	5.4	6	7.4154e-06
0.0001	5.4	6	7.0081e-06
0.0001	5.4	6	7.4302e-06
0.0001	5.4	6	7.1047e-06
2.5e-11	11.65	7	3.772e-10
2.5e-11	11.65	7	6.9286e-10
2.5e-11	11.65	7	2.9481e-11
2.5e-11	11.65	7	0.0
1.73205080757e-08	2.0	7	1.3327e-12
1.73205080757e-08	2.0	7	1.3593e-12
1.73205080757e-08	2.0	7	1.2699e-12
1.73205080757e-08	2.0	7	1.3476e-12
0.00632455532034	8.9	6	1.9863e-06
0.00632455532034	8.9	6	2.1208e-06
0.00632455532034	8.9	6	1.9848e-06
0.00632455532034	8.9	6	1.8887e-06
1e-06	5.4	6	6.7972e-06
1e-06	5.4	6	6.8937e-06
1e-06	5.4	6	6.7325e-06
1e-06	5.4	6	6.9185e-06
0.000173205080757	6.65	7	6.604e-10
0.000173205080757	6.65	7	5.4741e-10
0.000173205080757	6.65	7	8.8561e-10
0.000173205080757	6.65	7	1.2859e-09
0.0141421356237	6.65	6	1.0505e-06
0.0141421356237	6.65	6	1.1986e-06
0.0141421356237	6.65	6	9.7898e-07
0.0141421356237	6.65	6	1.0835e-06
3e-10	2.0	7	7.2676e-13
3e-10	2.0	7	7.2163e-13
3e-10	2.0	7	7.2903e-13
3e-10	2.0	7	7.6041e-13
3e-05	5.4	6	6.791e-06
3e-05	5.4	6	6.8309e-06
3e-05	5.4	6	6.7942e-06
3e-05	5.4	6	6.6026e-06
0.707106781187	6.65	6	4.8279e-07
0.707106781187	6.65	6	3.6394e-07
0.707106781187	6.65	6	5.1009e-07
0.707106781187	6.65	6	4.3768e-07
0.05	11.65	7	9.6374e-08
0.05	11.65	7	7.9387e-08
0.05	11.65	7	6.4445e-08
0.05	11.65	7	5.4615e-08
1e-09	6.65	7	8.9368e-10
1e-09	6.65	7	6.9451e-10
1e-09	6.65	7	7.3449e-10
1e-09	6.65	7	2.3646e-09
1e-08	8.9	7	1.0045e-09
1e-08	8.9	7	2.1413e-09
1e-08	8.9	7	2.3777e-09
1e-08	8.9	7	5.0701e-10
1e-08	5.4	7	4.6867e-09
1e-08	5.4	7	3.207e-09
1e-08	5.4	7	2.867e-09
1e-08	5.4	7	2.1118e-09
5.47722557505e-10	4.05	6	9.4112e-06
5.47722557505e-10	4.05	6	9.4939e-06
5.47722557505e-10	4.05	6	9.4485e-06
5.47722557505e-10	4.05	6	9.7126e-06
0.1	8.9	7	1.5226e-07
0.1	8.9	7	1.2194e-07
0.1	8.9	7	1.4162e-07
0.1	8.9	7	2.1093e-07
0.00632455532034	5.4	6	1.914e-06
0.00632455532034	5.4	6	2.0089e-06
0.00632455532034	5.4	6	2.0341e-06
0.00632455532034	5.4	6	2.0008e-06
1.73205080757e-08	6.65	7	1.1156e-09
1.73205080757e-08	6.65	7	2.8698e-10
1.73205080757e-08	6.65	7	5.6937e-10
1.73205080757e-08	6.65	7	2.2438e-09
0.00632455532034	2.0	6	7.7673e-07
0.00632455532034	2.0	6	7.6181e-07
0.00632455532034	2.0	6	6.9237e-07
0.00632455532034	2.0	6	7.0181e-07
3e-06	6.65	6	3.4591e-06
3e-06	6.65	6	3.4564e-06
3e-06	6.65	6	3.6377e-06
3e-06	6.65	6	3.5312e-06
5e-11	11.65	7	0.0
5e-11	11.65	7	3.2827e-15
5e-11	11.65	7	0.0
5e-11	11.65	7	0.0
3e-07	11.65	7	8.0078e-10
3e-07	11.65	7	0.0
3e-07	11.65	7	7.7162e-10
3e-07	11.65	7	5.8573e-10
1.73205080757e-09	2.0	7	4.7539e-13
1.73205080757e-09	2.0	7	4.447e-13
1.73205080757e-09	2.0	7	4.217e-13
1.73205080757e-09	2.0	7	4.6041e-13
0.0707106781187	6.65	7	2.8407e-07
0.0707106781187	6.65	7	1.3284e-07
0.0707106781187	6.65	7	2.2082e-07
0.0707106781187	6.65	7	3.4664e-07
0.001	6.65	7	1.9068e-09
0.001	6.65	7	4.5864e-09
0.001	6.65	7	3.3646e-09
0.001	6.65	7	5.3016e-09
0.01	11.65	7	8.3348e-09
0.01	11.65	7	1.3869e-08
0.01	11.65	7	5.5443e-09
0.01	11.65	7	1.5565e-08
5.47722557505e-08	2.0	7	4.3896e-12
5.47722557505e-08	2.0	7	4.066e-12
5.47722557505e-08	2.0	7	4.0694e-12
5.47722557505e-08	2.0	7	4.1033e-12
1.73205080757e-06	4.05	6	1.292e-05
1.73205080757e-06	4.05	6	1.2325e-05
1.73205080757e-06	4.05	6	1.2583e-05
1.73205080757e-06	4.05	6	1.2523e-05
0.5	4.05	6	8.6222e-07
0.5	4.05	6	6.411e-07
0.5	4.05	6	5.8454e-07
0.5	4.05	6	6.1918e-07
0.141421356237	5.4	6	4.8716e-07
0.141421356237	5.4	6	4.5972e-07
0.141421356237	5.4	6	4.6253e-07
0.141421356237	5.4	6	5.3498e-07
3e-08	5.4	7	3.6447e-09
3e-08	5.4	7	2.5914e-09
3e-08	5.4	7	1.0304e-09
3e-08	5.4	7	5.6351e-10
1.73205080757e-10	8.9	6	1.7279e-07
1.73205080757e-10	8.9	6	1.8223e-07
1.73205080757e-10	8.9	6	2.0697e-07
1.73205080757e-10	8.9	6	1.8184e-07
5.47722557505e-06	5.4	7	1.7041e-09
5.47722557505e-06	5.4	7	6.2847e-10
5.47722557505e-06	5.4	7	2.8655e-09
5.47722557505e-06	5.4	7	2.7069e-09
5.47722557505e-06	11.65	6	2.3893e-07
5.47722557505e-06	11.65	6	2.1129e-07
5.47722557505e-06	11.65	6	1.9207e-07
5.47722557505e-06	11.65	6	2.2337e-07
0.01	8.9	6	1.3094e-06
0.01	8.9	6	1.2223e-06
0.01	8.9	6	1.2824e-06
0.01	8.9	6	1.3858e-06
1.73205080757e-09	8.9	7	2.0793e-10
1.73205080757e-09	8.9	7	6.2019e-10
1.73205080757e-09	8.9	7	3.0561e-10
1.73205080757e-09	8.9	7	3.9521e-10
0.316227766017	8.9	6	3.293e-07
0.316227766017	8.9	6	2.3879e-07
0.316227766017	8.9	6	3.018e-07
0.316227766017	8.9	6	3.6741e-07
0.707106781187	11.65	7	1.1037e-07
0.707106781187	11.65	7	1.5486e-07
0.707106781187	11.65	7	8.7814e-08
0.707106781187	11.65	7	1.3619e-07
3e-06	8.9	6	8.8938e-07
3e-06	8.9	6	8.8011e-07
3e-06	8.9	6	9.3238e-07
3e-06	8.9	6	8.2691e-07
0.316227766017	5.4	7	2.1228e-07
0.316227766017	5.4	7	3.5597e-07
0.316227766017	5.4	7	2.778e-07
0.316227766017	5.4	7	3.308e-07
0.000547722557505	8.9	7	3.6994e-10
0.000547722557505	8.9	7	2.2638e-09
0.000547722557505	8.9	7	1.6325e-09
0.000547722557505	8.9	7	8.9805e-10
0.2	8.9	6	2.2445e-07
0.2	8.9	6	1.9693e-07
0.2	8.9	6	3.2713e-07
0.2	8.9	6	2.2586e-07