E	rate6	rate7
1e-09	0.0047642	0.0047647	0.0047645	0.0047639	0.0047652	0.0047651	0.004765	1.4581e-08	1.9073e-08	1.8457e-08	1.9679e-08	1.6443e-08	1.9113e-08	1.217e-08
1.3e-09	0.0047681	0.0047687	0.0047685	0.004769	0.0047692	0.0047692	0.0047682	1.7199e-08	1.4683e-08	1.4984e-08	2.4744e-08	2.17e-08	1.5732e-08	1.7969e-08
1.69e-09	0.0047722	0.0047716	0.004772	0.0047717	0.0047718	0.0047717	0.0047712	1.918e-08	1.944e-08	1.206e-08	2.0986e-08	1.7269e-08	1.229e-08	1.9171e-08
2.197e-09	0.0047741	0.0047739	0.0047737	0.0047739	0.0047742	0.004773	0.0047734	1.3241e-08	1.0416e-08	1.6626e-08	1.6355e-08	1.6614e-08	1.3563e-08	1.3463e-08
2.8561e-09	0.0047755	0.0047758	0.0047758	0.0047757	0.0047763	0.0047755	0.0047755	1.6525e-08	2.6228e-08	1.1943e-08	1.2743e-08	1.8407e-08	1.3808e-08	2.0044e-08
3.71293e-09	0.004777	0.0047767	0.0047769	0.004777	0.0047773	0.0047776	0.0047774	1.2782e-08	1.4713e-08	1.0482e-08	1.9609e-08	1.8636e-08	1.1908e-08	1.1371e-08
4.826809e-09	0.004778	0.0047777	0.0047779	0.0047779	0.004778	0.0047782	0.0047779	2.3665e-08	1.2574e-08	7.5743e-09	1.3331e-08	1.5956e-08	1.1858e-08	1.7057e-08
6.2748517e-09	0.0047791	0.0047794	0.0047792	0.0047788	0.0047788	0.0047792	0.0047787	1.3461e-08	1.3895e-08	1.3031e-08	8.4969e-09	2.4766e-08	8.2453e-09	1.3657e-08
8.15730721e-09	0.0047795	0.0047797	0.0047796	0.0047795	0.0047792	0.0047794	0.0047793	2.4217e-08	2.2745e-08	1.532e-08	1.432e-08	1.977e-08	1.8253e-08	2.0179e-08
1.0604499373e-08	0.0047801	0.0047801	0.0047802	0.0047802	0.0047798	0.0047799	0.0047799	1.4202e-08	1.5427e-08	1.8143e-08	1.2656e-08	1.2867e-08	9.8711e-09	1.7298e-08
1.37858491849e-08	0.0047805	0.0047807	0.0047806	0.0047804	0.0047804	0.0047807	0.0047804	1.0904e-08	1.3644e-08	2.1556e-08	1.9446e-08	1.9135e-08	1.1122e-08	1.3793e-08
1.79216039404e-08	0.0047807	0.0047806	0.004781	0.0047805	0.0047807	0.0047806	0.0047808	1.5457e-08	1.7281e-08	1.5484e-08	1.527e-08	1.6723e-08	1.0572e-08	1.7274e-08
2.32980851225e-08	0.0047809	0.004781	0.004781	0.004781	0.0047808	0.0047809	0.0047806	1.6561e-08	1.8342e-08	1.3711e-08	1.5912e-08	1.2185e-08	1.9091e-08	1.4954e-08
3.02875106592e-08	0.0047814	0.0047811	0.0047812	0.0047808	0.0047809	0.0047809	0.0047812	1.4404e-08	1.2436e-08	1.6408e-08	1.1129e-08	1.426e-08	1.5496e-08	1.2321e-08
3.9373763857e-08	0.0047814	0.0047814	0.004781	0.0047813	0.0047811	0.0047812	0.0047812	1.5255e-08	1.6383e-08	1.7393e-08	1.4476e-08	1.563e-08	2.0616e-08	1.8527e-08
5.11858930141e-08	0.0047815	0.0047812	0.0047814	0.0047815	0.0047813	0.0047816	0.0047813	1.6836e-08	2.478e-08	2.831e-08	1.0046e-08	1.2603e-08	1.4368e-08	2.1225e-08
6.65416609183e-08	0.0047813	0.0047813	0.0047812	0.0047812	0.0047813	0.0047812	0.0047813	1.0168e-08	1.8019e-08	1.4079e-08	1.3118e-08	1.3979e-08	2.0553e-08	1.5911e-08
8.65041591938e-08	0.0047816	0.0047812	0.004781	0.0047817	0.0047815	0.0047814	0.0047813	1.5462e-08	1.5829e-08	1.2059e-08	1.7658e-08	2.0993e-08	1.6927e-08	1.9731e-08
1.12455406952e-07	0.0047812	0.004781	0.0047809	0.0047816	0.0047815	0.0047813	0.0047813	1.5418e-08	1.8837e-08	1.8941e-08	1.8983e-08	2.4462e-08	1.6652e-08	1.4604e-08
1.46192029038e-07	0.0047814	0.0047816	0.0047815	0.0047814	0.0047817	0.0047816	0.0047815	1.3049e-08	1.2579e-08	1.1018e-08	1.3854e-08	1.6169e-08	1.4017e-08	8.1026e-09
1.90049637749e-07	0.0047817	0.0047815	0.0047813	0.0047817	0.0047811	0.0047816	0.0047818	1.8547e-08	1.2632e-08	1.826e-08	1.238e-08	9.7921e-09	1.5937e-08	1.2749e-08
2.47064529073e-07	0.0047814	0.0047814	0.0047815	0.0047819	0.0047814	0.0047815	0.0047814	1.6607e-08	1.5778e-08	1.1981e-08	1.4903e-08	8.693e-09	1.293e-08	1.5633e-08
3.21183887795e-07	0.0047818	0.0047814	0.0047815	0.0047819	0.0047817	0.0047815	0.0047814	1.6266e-08	1.7275e-08	1.1087e-08	1.9847e-08	2.3025e-08	1.9086e-08	1.0367e-08
4.17539054134e-07	0.0047814	0.0047816	0.0047816	0.0047814	0.0047817	0.0047817	0.0047817	1.4014e-08	1.9616e-08	1.6083e-08	1.8261e-08	1.3014e-08	1.465e-08	1.6009e-08
5.42800770374e-07	0.0047814	0.0047815	0.0047819	0.0047815	0.0047816	0.0047814	0.0047816	1.1505e-08	1.5867e-08	1.9848e-08	1.2154e-08	1.7528e-08	1.8949e-08	1.285e-08
7.05641001487e-07	0.0047818	0.0047816	0.0047819	0.0047817	0.004782	0.004782	0.0047816	9.7293e-09	7.9194e-09	1.098e-08	1.0555e-08	1.3946e-08	8.7361e-09	8.2229e-09
9.17333301933e-07	0.0047816	0.0047817	0.0047819	0.0047818	0.004782	0.0047821	0.0047817	5.592e-09	1.3963e-08	8.7215e-09	7.8713e-09	9.9208e-09	8.7495e-09	6.1218e-09
1.19253329251e-06	0.0047816	0.004782	0.0047819	0.0047817	0.0047819	0.0047815	0.004782	6.1543e-09	6.2766e-09	3.3452e-09	6.7277e-09	5.8238e-09	7.5614e-09	6.5502e-09
1.55029328027e-06	0.0047819	0.0047818	0.004782	0.0047819	0.0047821	0.0047818	0.0047818	5.7369e-09	3.8175e-09	5.8042e-09	2.5971e-09	4.9964e-09	4.041e-09	5.2532e-09
2.01538126435e-06	0.004782	0.0047815	0.0047817	0.0047818	0.0047818	0.004782	0.0047822	4.2568e-09	3.3342e-09	3.9468e-09	5.0936e-09	2.1262e-09	3.3966e-09	1.7763e-09
2.61999564365e-06	0.0047816	0.0047818	0.0047819	0.0047818	0.004782	0.0047818	0.0047817	1.4047e-09	3.8829e-09	6.8882e-10	3.756e-09	2.468e-09	1.2697e-09	5.7218e-09
3.40599433674e-06	0.0047813	0.0047814	0.0047812	0.004781	0.0047814	0.0047812	0.0047811	1.2955e-09	4.9457e-10	2.793e-09	3.4236e-09	4.8981e-09	1.9919e-09	2.1231e-09
4.42779263777e-06	0.0047793	0.0047791	0.004779	0.0047795	0.0047795	0.0047795	0.0047792	1.7799e-09	9.8085e-10	2.9416e-09	6.8735e-10	1.0182e-09	3.1901e-09	7.3399e-10
5.7561304291e-06	0.0047744	0.0047744	0.0047741	0.0047749	0.0047739	0.0047736	0.0047743	5.162e-10	3.6698e-10	1.3738e-09	2.372e-10	1.7392e-10	1.2385e-10	7.2579e-10
7.48296955783e-06	0.0047282	0.0047289	0.0047279	0.0047273	0.0047292	0.004728	0.0047286	2.4515e-09	2.7692e-09	7.0653e-10	5.336e-10	1.9398e-09	1.9793e-10	1.4438e-10
9.72786042518e-06	0.0046685	0.0046691	0.004668	0.004669	0.0046674	0.0046684	0.0046701	5.7883e-10	1.7266e-09	7.7966e-10	7.0696e-11	3.3805e-10	1.5195e-09	6.99e-11
1.26462185527e-05	0.0045695	0.0045705	0.0045697	0.0045688	0.0045683	0.0045701	0.0045687	6.0211e-11	8.3518e-10	2.3598e-09	6.0678e-11	9.9046e-10	5.9297e-11	9.5981e-10
1.64400841185e-05	0.0042112	0.0042073	0.0042088	0.0042069	0.0042081	0.0042056	0.0042116	4.1431e-11	4.0105e-11	4.1237e-11	2.0586e-10	4.1798e-11	7.2332e-10	4.0189e-11
2.13721093541e-05	0.0039544	0.003954	0.0039508	0.0039543	0.0039552	0.0039549	0.0039518	3.363e-11	6.1666e-10	2.1984e-10	3.3772e-11	3.4927e-11	5.0548e-10	3.3948e-11
2.77837421603e-05	0.0036649	0.0036625	0.0036591	0.003662	0.0036647	0.0036635	0.0036613	3.3444e-10	2.868e-11	2.7431e-10	3.4694e-10	2.3287e-09	5.7886e-11	2.8312e-11
3.61188648085e-05	0.0029833	0.002983	0.0029848	0.0029843	0.0029782	0.0029836	0.002982	3.1362e-09	2.1017e-11	9.7706e-10	7.8363e-10	1.9926e-09	2.1235e-11	2.1226e-11
4.6954524251e-05	0.0025301	0.0025264	0.0025266	0.0025338	0.002525	0.0025301	0.0025333	1.8265e-11	1.7952e-11	1.8281e-11	1.8582e-11	1.8082e-11	1.8318e-11	5.6662e-11
6.10408815263e-05	0.0021287	0.0021307	0.002126	0.0021266	0.0021201	0.0021215	0.0021241	1.8669e-09	1.797e-11	1.7739e-11	1.7691e-11	1.7232e-11	1.7717e-11	1.7457e-11
7.93531459842e-05	0.0017532	0.0017522	0.0017581	0.0017501	0.0017598	0.0017536	0.0017556	1.9416e-11	1.9369e-11	1.9527e-11	1.9461e-11	1.9361e-11	1.9606e-11	1.9563e-11
0.000103159089779	0.0014334	0.001435	0.001436	0.0014333	0.0014323	0.0014336	0.0014335	2.402e-11	2.4166e-11	1.1504e-10	2.4164e-11	2.3942e-11	2.4164e-11	2.4544e-11
0.000134106816713	0.0011573	0.0011638	0.0011646	0.0011602	0.0011625	0.0011599	0.0011629	3.4722e-11	3.4598e-11	3.4022e-11	3.4457e-11	3.3901e-11	3.4493e-11	3.4506e-11
0.000174338861727	0.00093242	0.0009321	0.00093192	0.00092417	0.0009317	0.00093054	0.00092791	5.1584e-11	2.2221e-10	5.2294e-11	5.2601e-11	5.2184e-11	5.181e-11	5.2267e-11
0.000226640520245	0.00074027	0.00074208	0.00074064	0.00074325	0.00073982	0.00074441	0.00074293	8.2012e-11	8.2559e-11	8.2944e-11	8.1148e-11	8.3164e-11	8.067e-11	8.4135e-11
0.000294632676319	0.00058707	0.00059055	0.00059121	0.00058924	0.00058372	0.00058718	0.00059003	1.3042e-10	1.311e-10	1.3205e-10	1.3313e-10	1.3371e-10	1.3345e-10	1.3411e-10
0.000383022479215	0.0004657	0.00046368	0.00046404	0.00046707	0.00046772	0.00046725	0.00046575	2.1625e-10	2.1749e-10	2.1574e-10	2.2099e-10	2.178e-10	2.1645e-10	2.146e-10
0.000497929222979	0.00032483	0.00032476	0.00032834	0.00032236	0.00032673	0.00032574	0.00032543	1.2158e-09	4.5197e-10	4.5392e-10	4.5844e-10	4.6121e-10	4.5164e-10	4.5756e-10
0.000647307989873	0.00025681	0.0002543	0.00025308	0.0002578	0.00025523	0.00025605	0.00025089	7.5422e-10	7.3308e-10	7.4418e-10	7.5391e-10	7.5313e-10	7.4327e-10	7.4187e-10
0.000841500386835	0.0002013	0.00019733	0.00019836	0.00020017	0.00020075	0.0002016	0.00020019	1.238e-09	1.2309e-09	1.2138e-09	1.228e-09	1.2534e-09	1.2241e-09	1.2562e-09
0.00109395050289	0.00015893	0.0001569	0.00015416	0.00015488	0.00015608	0.00015525	0.00015824	2.0067e-09	2.0662e-09	2.0435e-09	2.011e-09	2.0495e-09	2.0457e-09	2.0675e-09
0.00142213565375	0.00012098	0.00012199	0.00012239	0.00012071	0.00012219	0.00012071	0.00012224	3.3531e-09	3.3482e-09	3.2919e-09	3.3613e-09	3.382e-09	3.2822e-09	3.3523e-09
0.00184877634988	9.5478e-05	9.6768e-05	9.7518e-05	9.8255e-05	9.6128e-05	9.5256e-05	9.6327e-05	5.3403e-09	5.3649e-09	5.4502e-09	5.3802e-09	5.4378e-09	5.4361e-09	5.2942e-09
0.00240340925484	7.1245e-05	7.1191e-05	7.1661e-05	6.9956e-05	7.1413e-05	7.1485e-05	7.1242e-05	9.7468e-09	1.0006e-08	9.7832e-09	9.7495e-09	9.8152e-09	9.9143e-09	9.8853e-09
0.00312443203129	5.6523e-05	5.6559e-05	5.6951e-05	5.5375e-05	5.5699e-05	5.5632e-05	5.6853e-05	1.6189e-08	1.6079e-08	1.6322e-08	1.6206e-08	1.6034e-08	1.634e-08	1.6275e-08
0.00406176164068	4.4916e-05	4.3782e-05	4.4732e-05	4.474e-05	4.4599e-05	4.4231e-05	4.4245e-05	2.621e-08	2.6105e-08	2.6212e-08	2.7089e-08	2.6267e-08	2.6163e-08	2.6121e-08
0.00528029013288	3.498e-05	3.553e-05	3.5413e-05	3.4881e-05	3.5063e-05	3.5154e-05	3.5329e-05	4.2912e-08	4.3018e-08	4.3467e-08	4.3506e-08	4.4107e-08	4.2978e-08	4.3314e-08
0.00686437717274	2.6944e-05	2.6891e-05	2.7057e-05	2.642e-05	2.658e-05	2.6905e-05	2.6642e-05	9.927e-08	9.9185e-08	1.0097e-07	9.8448e-08	9.9272e-08	1.0043e-07	9.9164e-08
0.00892369032457	2.1843e-05	2.2071e-05	2.1835e-05	2.1441e-05	2.2129e-05	2.2192e-05	2.2322e-05	1.7048e-07	1.738e-07	1.7281e-07	1.6953e-07	1.7383e-07	1.689e-07	1.7198e-07
0.0116007974219	1.8337e-05	1.942e-05	1.8468e-05	1.8381e-05	1.8799e-05	1.8848e-05	1.9095e-05	2.2579e-07	2.2442e-07	2.2425e-07	2.2768e-07	2.2521e-07	2.2656e-07	2.2611e-07
0.0150810366485	2.0675e-05	2.0538e-05	2.0204e-05	2.022e-05	2.0707e-05	2.0545e-05	2.0753e-05	5.1632e-07	5.1829e-07	5.2017e-07	5.1566e-07	5.1589e-07	5.238e-07	5.155e-07
0.0196053476431	6.7704e-05	6.7843e-05	6.6696e-05	6.7536e-05	6.7317e-05	6.7941e-05	6.7677e-05	7.9052e-07	7.8583e-07	7.7372e-07	7.6828e-07	7.7415e-07	7.6448e-07	7.7643e-07
0.025486951936	2.8915e-05	2.8971e-05	2.9506e-05	2.9071e-05	2.9863e-05	2.9222e-05	2.918e-05	2.2612e-06	2.2659e-06	2.2662e-06	2.2529e-06	2.2649e-06	2.2459e-06	2.2453e-06
0.0331330375168	1.3704e-05	1.329e-05	1.364e-05	1.3367e-05	1.3281e-05	1.3379e-05	1.3724e-05	2.438e-06	2.4239e-06	2.4346e-06	2.4455e-06	2.4546e-06	2.4036e-06	2.4405e-06
0.0430729487718	1.1827e-05	1.1943e-05	1.1752e-05	1.1613e-05	1.1505e-05	1.171e-05	1.172e-05	3.3386e-06	3.3227e-06	3.3094e-06	3.3356e-06	3.3472e-06	3.3836e-06	3.3911e-06
0.0559948334034	1.2987e-05	1.2866e-05	1.2965e-05	1.2971e-05	1.2804e-05	1.2654e-05	1.2872e-05	5.4726e-06	5.5318e-06	5.5741e-06	5.5841e-06	5.4904e-06	5.4933e-06	5.5455e-06
0.0727932834244	1.583e-05	1.5918e-05	1.6133e-05	1.608e-05	1.5805e-05	1.5994e-05	1.5876e-05	8.3831e-06	8.3711e-06	8.3455e-06	8.2732e-06	8.3869e-06	8.2916e-06	8.2735e-06
0.0946312684517	2.3439e-05	2.3407e-05	2.3828e-05	2.3803e-05	2.3922e-05	2.3496e-05	2.3249e-05	1.6889e-05	1.6912e-05	1.7153e-05	1.6964e-05	1.7046e-05	1.7426e-05	1.7092e-05
0.123020648987	3.5625e-05	3.484e-05	3.5185e-05	3.5201e-05	3.4969e-05	3.5452e-05	3.4803e-05	2.5625e-05	2.59e-05	2.5904e-05	2.5634e-05	2.5772e-05	2.6148e-05	2.5538e-05
0.159926843683	4.5174e-05	4.5157e-05	4.4985e-05	4.5413e-05	4.4589e-05	4.5613e-05	4.4982e-05	3.7032e-05	3.6856e-05	3.6912e-05	3.7234e-05	3.7864e-05	3.733e-05	3.6736e-05
0.207904896788	4.0423e-05	3.9246e-05	4.0647e-05	4.0254e-05	3.8893e-05	3.9127e-05	3.9504e-05	3.683e-05	3.7905e-05	3.8024e-05	3.851e-05	3.7742e-05	3.8044e-05	3.8203e-05
0.270276365825	3.7809e-05	3.7224e-05	3.6869e-05	3.747e-05	3.7003e-05	3.7242e-05	3.601e-05	3.6429e-05	3.4235e-05	3.5295e-05	3.5507e-05	3.4664e-05	3.6657e-05	3.5041e-05
0.351359275572	3.4484e-05	3.3528e-05	3.4347e-05	3.4942e-05	3.4412e-05	3.3001e-05	3.5309e-05	3.2257e-05	3.2023e-05	3.3895e-05	3.2434e-05	3.2848e-05	3.2405e-05	3.3535e-05
0.456767058244	2.9596e-05	2.9139e-05	3.019e-05	2.9522e-05	2.7531e-05	3.0731e-05	2.8332e-05	2.6365e-05	2.7684e-05	2.7201e-05	2.7969e-05	2.9027e-05	2.6801e-05	2.8716e-05
0.593797175717	2.7458e-05	2.8189e-05	2.6578e-05	2.8326e-05	2.9908e-05	2.7471e-05	2.6829e-05	2.7106e-05	2.5338e-05	2.4585e-05	2.7725e-05	2.6739e-05	2.4746e-05	2.5608e-05
0.771936328433	3.0752e-05	2.8597e-05	2.9608e-05	2.9537e-05	3.0214e-05	3.1059e-05	2.8551e-05	2.744e-05	2.9545e-05	2.7951e-05	2.695e-05	2.8922e-05	2.6619e-05	2.8922e-05
1.00351722696	3.3834e-05	3.4328e-05	3.3932e-05	3.3692e-05	3.7895e-05	3.5933e-05	3.4724e-05	3.3912e-05	3.5775e-05	3.3998e-05	3.4894e-05	3.3097e-05	3.2825e-05	3.3051e-05
1.30457239505	4.1945e-05	4.1793e-05	3.9852e-05	4.199e-05	4.2829e-05	4.008e-05	3.927e-05	3.8916e-05	3.9212e-05	3.8108e-05	4.0259e-05	4.1416e-05	4.0735e-05	3.8209e-05
1.69594411357	4.9753e-05	5.1334e-05	4.6164e-05	4.6237e-05	4.788e-05	5.0351e-05	4.7914e-05	4.5528e-05	4.7649e-05	4.5805e-05	4.7839e-05	4.7852e-05	4.6669e-05	4.4193e-05
2.20472734764	5.1217e-05	5.2191e-05	5.46e-05	5.5327e-05	5.4678e-05	5.6268e-05	5.3137e-05	5.0597e-05	5.0687e-05	5.0928e-05	5.0448e-05	5.0704e-05	5.3696e-05	5.2927e-05