E	rate6	rate7
1e-09	0.0047647	0.0047648	0.0047645	0.0047649	0.0047644	1.4401e-08	2.3192e-08	1.8808e-08	1.5726e-08	1.4521e-08
1.3e-09	0.0047686	0.0047692	0.004769	0.0047686	0.0047686	1.4539e-08	1.5544e-08	1.6087e-08	1.9414e-08	1.646e-08
1.69e-09	0.0047719	0.0047712	0.0047716	0.0047719	0.0047718	1.1134e-08	2.3122e-08	1.9476e-08	1.3623e-08	1.6446e-08
2.197e-09	0.0047736	0.0047739	0.0047741	0.0047739	0.0047738	2.0698e-08	1.4587e-08	1.1634e-08	1.7315e-08	1.6824e-08
2.8561e-09	0.0047755	0.0047757	0.0047755	0.0047754	0.0047758	1.4429e-08	1.6882e-08	1.3713e-08	1.3519e-08	1.3994e-08
3.71293e-09	0.0047771	0.0047768	0.0047768	0.0047767	0.0047768	1.3315e-08	2.59e-08	1.8409e-08	1.3758e-08	1.8939e-08
4.826809e-09	0.0047782	0.0047779	0.0047782	0.004778	0.0047784	1.9317e-08	1.7763e-08	1.4626e-08	1.4939e-08	1.6673e-08
6.2748517e-09	0.0047789	0.004779	0.004779	0.0047786	0.0047789	1.5224e-08	1.4556e-08	1.6635e-08	1.4394e-08	1.5175e-08
8.15730721e-09	0.0047795	0.0047796	0.0047797	0.0047796	0.0047794	1.3743e-08	1.8378e-08	1.8518e-08	1.2107e-08	1.317e-08
1.0604499373e-08	0.00478	0.0047799	0.0047801	0.0047799	0.00478	1.8918e-08	1.8199e-08	2.0716e-08	1.2745e-08	1.6419e-08
1.37858491849e-08	0.0047805	0.0047803	0.0047801	0.0047803	0.0047803	1.614e-08	1.8506e-08	1.4251e-08	1.3952e-08	1.2362e-08
1.79216039404e-08	0.0047806	0.0047808	0.004781	0.0047807	0.0047806	1.3298e-08	1.266e-08	1.3637e-08	2.0629e-08	1.3669e-08
2.32980851225e-08	0.0047808	0.0047809	0.004781	0.0047808	0.0047807	1.1891e-08	1.3457e-08	1.4072e-08	1.8023e-08	1.3966e-08
3.02875106592e-08	0.004781	0.0047811	0.0047807	0.0047811	0.0047812	1.4852e-08	1.8498e-08	1.3335e-08	1.8619e-08	2.1377e-08
3.9373763857e-08	0.0047812	0.0047811	0.0047812	0.0047812	0.0047812	1.6352e-08	1.5866e-08	1.5368e-08	1.6023e-08	1.3575e-08
5.11858930141e-08	0.0047812	0.0047814	0.0047811	0.0047811	0.0047814	1.6737e-08	1.3344e-08	1.8061e-08	1.4018e-08	1.0493e-08
6.65416609183e-08	0.0047813	0.0047813	0.0047812	0.0047814	0.0047813	1.713e-08	1.7289e-08	1.3497e-08	1.3073e-08	1.3596e-08
8.65041591938e-08	0.0047815	0.0047815	0.0047814	0.0047814	0.0047812	1.3497e-08	1.5794e-08	1.712e-08	1.7701e-08	1.3347e-08
1.12455406952e-07	0.0047815	0.0047814	0.0047815	0.0047814	0.0047814	1.607e-08	1.2704e-08	1.5035e-08	1.6727e-08	1.026e-08
1.46192029038e-07	0.0047814	0.0047813	0.0047816	0.0047813	0.0047816	1.7552e-08	1.8617e-08	1.7589e-08	1.7075e-08	1.7292e-08
1.90049637749e-07	0.0047817	0.0047816	0.0047814	0.0047816	0.0047815	1.659e-08	1.1875e-08	1.5357e-08	2.3289e-08	2.08e-08
2.47064529073e-07	0.0047816	0.0047815	0.0047817	0.0047815	0.0047815	1.6881e-08	1.7225e-08	1.6635e-08	1.68e-08	1.4563e-08
3.21183887795e-07	0.0047816	0.0047815	0.0047817	0.0047815	0.0047816	1.6128e-08	1.64e-08	1.8029e-08	1.336e-08	1.4438e-08
4.17539054134e-07	0.0047816	0.0047814	0.0047815	0.0047817	0.0047817	2.0832e-08	2.0264e-08	1.8205e-08	2.0925e-08	1.3085e-08
5.42800770374e-07	0.0047817	0.0047817	0.0047816	0.0047816	0.0047816	1.1987e-08	9.3959e-09	1.8514e-08	1.6704e-08	1.518e-08
7.05641001487e-07	0.0047819	0.0047817	0.004782	0.0047819	0.0047816	7.5502e-09	8.6628e-09	1.1484e-08	1.4303e-08	1.1656e-08
9.17333301933e-07	0.0047818	0.0047818	0.0047819	0.0047817	0.0047816	4.5732e-09	4.287e-09	8.24e-09	9.2376e-09	7.4228e-09
1.19253329251e-06	0.0047819	0.0047817	0.0047821	0.0047817	0.0047818	4.438e-09	4.9343e-09	6.048e-09	4.4598e-09	7.4026e-09
1.55029328027e-06	0.004782	0.004782	0.0047819	0.0047816	0.0047819	3.9563e-09	7.8559e-09	4.0122e-09	4.1648e-09	5.7007e-09
2.01538126435e-06	0.0047818	0.0047818	0.0047819	0.0047819	0.0047818	4.1126e-09	3.5987e-09	3.7065e-09	4.289e-09	2.7971e-09
2.61999564365e-06	0.0047818	0.0047819	0.0047818	0.0047815	0.0047818	3.665e-09	2.2786e-09	2.8835e-09	1.3964e-09	1.804e-09
3.40599433674e-06	0.0047813	0.0047812	0.0047811	0.0047813	0.0047813	1.1979e-09	2.8404e-09	1.68e-09	4.5218e-09	2.4657e-09
4.42779263777e-06	0.0047794	0.004779	0.004779	0.0047789	0.0047793	8.1119e-10	1.1516e-09	1.6889e-09	6.5914e-10	9.4749e-10
5.7561304291e-06	0.0047746	0.0047739	0.0047743	0.0047741	0.0047741	1.5495e-09	5.0449e-10	4.9354e-10	1.061e-09	2.1083e-09
7.48296955783e-06	0.0047286	0.0047285	0.0047283	0.0047289	0.0047294	8.0404e-10	2.521e-09	2.9847e-09	6.2108e-10	8.8242e-10
9.72786042518e-06	0.0046672	0.0046683	0.0046693	0.0046688	0.0046686	1.416e-09	4.8215e-10	1.4396e-09	3.7949e-10	6.7976e-10
1.26462185527e-05	0.0045701	0.0045693	0.0045706	0.0045679	0.0045685	5.3475e-10	5.1632e-10	9.7988e-10	1.2244e-09	1.1578e-09
1.64400841185e-05	0.0042079	0.0042094	0.0042106	0.0042073	0.0042046	2.8513e-10	5.1804e-10	1.7599e-09	5.8637e-10	5.5254e-10
2.13721093541e-05	0.003956	0.0039575	0.0039547	0.0039539	0.0039551	1.3625e-09	1.2646e-10	2.5927e-10	3.5167e-10	3.4036e-11
2.77837421603e-05	0.003661	0.0036588	0.0036644	0.0036605	0.0036586	3.1113e-10	2.9229e-11	4.9048e-10	6.5981e-10	1.4217e-10
3.61188648085e-05	0.0029849	0.0029824	0.0029787	0.0029845	0.00298	9.76e-11	2.0781e-11	2.0953e-11	2.0649e-11	2.0973e-11
4.6954524251e-05	0.0025319	0.0025278	0.0025305	0.0025317	0.0025309	5.9212e-11	1.853e-11	2.2969e-10	1.5606e-10	9.0074e-11
6.10408815263e-05	0.0021274	0.0021237	0.0021224	0.0021243	0.0021213	1.7575e-11	1.7718e-11	4.6443e-10	1.7692e-11	1.7518e-11
7.93531459842e-05	0.0017561	0.0017554	0.0017513	0.0017551	0.0017544	8.4598e-11	1.9583e-11	1.9445e-11	5.9695e-11	1.7381e-10
0.000103159089779	0.0014352	0.0014335	0.0014345	0.0014353	0.0014349	2.464e-11	2.401e-11	2.4439e-11	1.2785e-10	2.45e-11
0.000134106816713	0.001158	0.0011604	0.0011612	0.0011601	0.0011618	3.4216e-11	3.4335e-11	3.4354e-11	3.3949e-11	3.395e-11
0.000174338861727	0.00093232	0.00093166	0.00093335	0.00093026	0.00093178	5.5028e-11	7.3436e-11	5.1335e-11	5.2392e-11	1.2311e-10
0.000226640520245	0.00074185	0.00074	0.00074201	0.00074346	0.00074486	8.3574e-11	1.9323e-10	3.6541e-10	8.2318e-11	8.2036e-11
0.000294632676319	0.00058722	0.00058877	0.00058782	0.00059167	0.00058768	1.1164e-09	5.5861e-10	1.3331e-10	1.3312e-10	1.3317e-10
0.000383022479215	0.00046414	0.00046582	0.00046679	0.00046407	0.00046763	2.1635e-10	2.1727e-10	2.1543e-10	2.1594e-10	2.1365e-10
0.000497929222979	0.00032689	0.00032281	0.00032514	0.00032591	0.00032508	4.5414e-10	4.6042e-10	4.5336e-10	4.5319e-10	4.5669e-10
0.000647307989873	0.00025599	0.00025511	0.0002529	0.00025672	0.00025412	7.4663e-10	7.4609e-10	7.5563e-10	7.4755e-10	7.5127e-10
0.000841500386835	0.00020054	0.00019807	0.00020006	0.00019959	0.00019963	1.2381e-09	1.2217e-09	1.2546e-09	1.2274e-09	1.2463e-09
0.00109395050289	0.00015639	0.00015573	0.00015541	0.00015626	0.00015591	2.0555e-09	2.0457e-09	2.0301e-09	2.0328e-09	2.0537e-09
0.00142213565375	0.00012207	0.00012235	0.00012285	0.00012284	0.00012205	3.3988e-09	3.3822e-09	3.3571e-09	3.372e-09	3.3427e-09
0.00184877634988	9.6134e-05	9.6505e-05	9.7001e-05	9.5963e-05	9.5268e-05	5.3863e-09	5.3956e-09	5.3942e-09	5.3644e-09	5.37e-09
0.00240340925484	7.1642e-05	7.1765e-05	7.185e-05	7.2619e-05	7.211e-05	9.8169e-09	9.7032e-09	9.7557e-09	9.9284e-09	9.8359e-09
0.00312443203129	5.6047e-05	5.6136e-05	5.6356e-05	5.6666e-05	5.5872e-05	1.6141e-08	1.6339e-08	1.5898e-08	1.5988e-08	1.6246e-08
0.00406176164068	4.41e-05	4.3638e-05	4.44e-05	4.431e-05	4.3912e-05	2.625e-08	2.6486e-08	2.6393e-08	2.6236e-08	2.654e-08
0.00528029013288	3.4915e-05	3.4748e-05	3.5334e-05	3.4658e-05	3.5627e-05	4.3156e-08	4.3442e-08	4.3519e-08	4.326e-08	4.3513e-08
0.00686437717274	2.6794e-05	2.6727e-05	2.696e-05	2.7027e-05	2.6892e-05	9.8163e-08	1.0003e-07	9.9189e-08	9.9992e-08	9.9347e-08
0.00892369032457	2.2096e-05	2.1567e-05	2.1744e-05	2.1799e-05	2.1739e-05	1.7347e-07	1.739e-07	1.7416e-07	1.7154e-07	1.7325e-07
0.0116007974219	1.9084e-05	1.8848e-05	1.8863e-05	1.8859e-05	1.9029e-05	2.2555e-07	2.2731e-07	2.2483e-07	2.2462e-07	2.2616e-07
0.0150810366485	2.0166e-05	2.0291e-05	2.0478e-05	2.075e-05	2.044e-05	5.1884e-07	5.1493e-07	5.1493e-07	5.1342e-07	5.1621e-07
0.0196053476431	6.7408e-05	6.7361e-05	6.7301e-05	6.7334e-05	6.7134e-05	7.7768e-07	7.7975e-07	7.7947e-07	7.7962e-07	7.8163e-07
0.025486951936	2.939e-05	2.9353e-05	2.922e-05	2.922e-05	2.9328e-05	2.2554e-06	2.2641e-06	2.2573e-06	2.2533e-06	2.2748e-06
0.0331330375168	1.3393e-05	1.353e-05	1.3432e-05	1.3626e-05	1.3388e-05	2.4359e-06	2.4352e-06	2.4632e-06	2.4348e-06	2.4437e-06
0.0430729487718	1.1744e-05	1.1809e-05	1.1832e-05	1.1648e-05	1.1856e-05	3.3392e-06	3.3152e-06	3.3383e-06	3.3608e-06	3.3348e-06
0.0559948334034	1.2852e-05	1.2628e-05	1.2649e-05	1.2544e-05	1.2927e-05	5.4832e-06	5.5205e-06	5.475e-06	5.4689e-06	5.4279e-06
0.0727932834244	1.5823e-05	1.5876e-05	1.5716e-05	1.5838e-05	1.5737e-05	8.4325e-06	8.4134e-06	8.3762e-06	8.3807e-06	8.3841e-06
0.0946312684517	2.3705e-05	2.3757e-05	2.3978e-05	2.3518e-05	2.3628e-05	1.7151e-05	1.7214e-05	1.7252e-05	1.7183e-05	1.718e-05
0.123020648987	3.4892e-05	3.5059e-05	3.5184e-05	3.5514e-05	3.5096e-05	2.6017e-05	2.5807e-05	2.5867e-05	2.5438e-05	2.592e-05
0.159926843683	4.5406e-05	4.5306e-05	4.5313e-05	4.5406e-05	4.4872e-05	3.7412e-05	3.7215e-05	3.7283e-05	3.7408e-05	3.7122e-05
0.207904896788	3.9295e-05	4.0737e-05	3.8871e-05	4.0187e-05	3.9406e-05	3.7389e-05	3.7386e-05	3.8307e-05	3.8084e-05	3.7562e-05
0.270276365825	3.7197e-05	3.7394e-05	3.609e-05	3.9413e-05	3.7617e-05	3.5292e-05	3.6313e-05	3.5121e-05	3.4775e-05	3.5173e-05
0.351359275572	3.479e-05	3.5042e-05	3.3258e-05	3.4051e-05	3.2812e-05	3.1154e-05	3.2748e-05	3.1901e-05	3.3231e-05	3.2461e-05
0.456767058244	2.9179e-05	2.962e-05	2.8911e-05	2.9568e-05	2.8922e-05	2.7723e-05	2.6844e-05	2.725e-05	2.8377e-05	2.7659e-05
0.593797175717	2.8285e-05	2.8425e-05	2.8402e-05	2.7869e-05	2.8153e-05	2.64e-05	2.6611e-05	2.6014e-05	2.7075e-05	2.7573e-05
0.771936328433	2.9459e-05	2.8421e-05	3.067e-05	2.9166e-05	3.0058e-05	2.8021e-05	2.7732e-05	2.7651e-05	2.8875e-05	2.8115e-05
1.00351722696	3.4812e-05	3.5163e-05	3.3984e-05	3.6145e-05	3.2438e-05	3.1611e-05	3.2483e-05	3.288e-05	3.2541e-05	3.364e-05
1.30457239505	4.1353e-05	4.1593e-05	4.1091e-05	4.3245e-05	4.2733e-05	4.0376e-05	4.0143e-05	3.9608e-05	4.0172e-05	4.1025e-05
1.69594411357	4.8732e-05	4.7798e-05	4.6577e-05	4.7367e-05	4.962e-05	4.7109e-05	4.6413e-05	4.5411e-05	4.5993e-05	4.6931e-05
2.20472734764	5.4697e-05	5.2797e-05	5.5838e-05	5.1977e-05	5.4325e-05	5.128e-05	5.1576e-05	5.3535e-05	5.3378e-05	5.2223e-05
2.86614555193	5.6312e-05	5.862e-05	5.4052e-05	5.5273e-05	5.5358e-05	5.4527e-05	5.5691e-05	5.6155e-05	5.3973e-05	5.5092e-05
3.72598921751	5.8942e-05	5.9167e-05	5.9074e-05	6.0289e-05	5.9452e-05	5.498e-05	5.8064e-05	5.8735e-05	5.7651e-05	5.3379e-05
4.84378598276	5.7141e-05	5.5509e-05	5.7784e-05	5.7914e-05	5.8581e-05	5.6536e-05	5.6245e-05	5.4795e-05	5.5575e-05	5.2615e-05
6.29692177759	5.3128e-05	5.2997e-05	5.3086e-05	5.3164e-05	5.377e-05	5.0911e-05	5.157e-05	5.0248e-05	5.1624e-05	4.9697e-05
8.18599831086	5.6675e-05	5.6253e-05	5.7731e-05	5.7321e-05	5.5254e-05	5.1045e-05	5.4168e-05	5.2797e-05	5.265e-05	5.3439e-05
10.6417978041	5.8166e-05	5.7938e-05	5.7332e-05	5.8388e-05	5.8914e-05	5.6559e-05	5.6258e-05	5.6183e-05	5.5141e-05	5.6564e-05
13.8343371454	6.1102e-05	5.8957e-05	5.9846e-05	5.8997e-05	6.0823e-05	5.7461e-05	5.6717e-05	5.8402e-05	5.8137e-05	5.4749e-05
17.984638289	5.9735e-05	5.7699e-05	5.8579e-05	5.9935e-05	5.8152e-05	5.651e-05	5.4952e-05	5.6852e-05	5.8575e-05	5.7167e-05
23.3800297756	5.8633e-05	6.0555e-05	5.7287e-05	5.7967e-05	5.7182e-05	5.3716e-05	5.4815e-05	5.6108e-05	5.7563e-05	5.5423e-05
30.3940387083	5.8774e-05	5.8985e-05	5.8353e-05	6.0551e-05	5.7335e-05	5.5369e-05	5.6152e-05	5.5668e-05	5.765e-05	5.3898e-05
39.5122503208	5.9286e-05	5.9752e-05	5.7723e-05	5.7402e-05	5.8317e-05	5.906e-05	5.5019e-05	5.7071e-05	5.3898e-05	5.5491e-05
51.3659254171	5.9846e-05	5.9608e-05	6.0541e-05	6.0003e-05	6.0221e-05	5.6478e-05	5.5376e-05	5.5846e-05	5.3795e-05	5.7724e-05
66.7757030422	5.7471e-05	5.9171e-05	6.0622e-05	5.8328e-05	5.962e-05	5.6722e-05	5.9213e-05	5.7785e-05	5.5609e-05	6.0111e-05
86.8084139549	5.9602e-05	5.7192e-05	6.1262e-05	6.052e-05	5.8416e-05	5.7428e-05	5.9266e-05	5.7047e-05	5.894e-05	5.8317e-05
112.850938141	6.1042e-05	5.9284e-05	6.0317e-05	5.9353e-05	6.0722e-05	5.7087e-05	5.6794e-05	5.5582e-05	5.826e-05	5.9175e-05
146.706219584	6.1081e-05	5.787e-05	5.9065e-05	5.8738e-05	6.2309e-05	5.891e-05	5.6368e-05	5.7557e-05	5.8673e-05	5.804e-05
190.718085459	6.1051e-05	6.0686e-05	6.2574e-05	6.3505e-05	6.633e-05	6.0666e-05	5.7711e-05	5.9646e-05	5.6751e-05	5.6946e-05
247.933511097	6.247e-05	6.018e-05	6.2263e-05	6.1633e-05	5.904e-05	5.3618e-05	5.943e-05	5.9564e-05	5.9301e-05	6.0385e-05
322.313564426	6.318e-05	5.96e-05	6.3089e-05	6.156e-05	6.0578e-05	6.2601e-05	5.7284e-05	5.7694e-05	6.125e-05	5.6847e-05
419.007633753	6.2057e-05	6.1976e-05	6.6678e-05	6.4636e-05	6.5424e-05	6.201e-05	6.0881e-05	5.809e-05	5.8231e-05	5.9838e-05
544.709923879	6.4227e-05	6.7172e-05	6.1819e-05	6.4581e-05	6.3863e-05	6.3036e-05	5.8882e-05	5.7488e-05	6.2515e-05	6.2409e-05
708.122901043	6.7768e-05	6.3634e-05	6.3289e-05	6.7419e-05	6.7513e-05	6.0034e-05	5.9414e-05	6.035e-05	6.2128e-05	6.4502e-05
920.559771356	6.4803e-05	6.5659e-05	6.9388e-05	6.7076e-05	6.5815e-05	6.2434e-05	6.3135e-05	6.1652e-05	6.1056e-05	6.2856e-05
1196.72770276	6.6763e-05	6.7376e-05	6.667e-05	6.837e-05	6.6446e-05	6.1227e-05	6.2648e-05	6.4822e-05	6.4296e-05	6.3476e-05
1555.74601359	7.0597e-05	6.5414e-05	6.593e-05	6.5822e-05	6.669e-05	6.1101e-05	6.2074e-05	6.2744e-05	6.3769e-05	6.4467e-05
2022.46981767	6.6852e-05	6.8156e-05	6.5876e-05	7.0906e-05	6.7611e-05	6.506e-05	6.4562e-05	6.5217e-05	6.5038e-05	6.3919e-05
2629.21076297	7.1251e-05	7.0162e-05	7.2521e-05	7.1078e-05	7.1044e-05	6.4312e-05	6.5834e-05	6.4683e-05	6.9014e-05	6.6695e-05
3417.97399186	6.7965e-05	7.1678e-05	7.0308e-05	7.3093e-05	7.0421e-05	6.8703e-05	6.5849e-05	6.6531e-05	6.6715e-05	6.723e-05
4443.36618942	7.3736e-05	7.0729e-05	7.2566e-05	7.0003e-05	7.5454e-05	6.7382e-05	6.8517e-05	6.6704e-05	6.8482e-05	6.9753e-05
5776.37604624	7.3435e-05	7.3237e-05	7.4208e-05	7.4908e-05	7.1456e-05	6.7549e-05	7.1794e-05	6.76e-05	7.0327e-05	7.1884e-05
7509.28886012	7.4199e-05	7.4991e-05	7.7463e-05	7.3539e-05	7.3437e-05	7.082e-05	7.1894e-05	7.275e-05	7.3893e-05	7.3982e-05
9762.07551815	7.7997e-05	7.928e-05	7.8621e-05	7.5869e-05	7.7709e-05	7.596e-05	7.1846e-05	7.3712e-05	7.6138e-05	7.4354e-05