E	rate6	rate7
1e-09	0.0047684	0.0047655	0.0047646	0.0047722	0.0047684	0.0047598	0.0047684	2.2207e-07	1.4577e-09	1.51e-09	7.3832e-09	1.5074e-09	2.3898e-08	1.3945e-09
1.3e-09	0.0047617	0.0047674	0.0047703	0.0047646	0.0047617	0.0047761	0.0047674	1.3043e-09	1.4621e-09	1.481e-09	1.4661e-09	1.325e-09	1.4053e-09	1.3129e-09
1.69e-09	0.0047665	0.0047722	0.0047751	0.0047732	0.0047722	0.0047722	0.0047674	1.4853e-09	1.3994e-09	4.5391e-08	1.4944e-09	1.5672e-08	4.9193e-09	1.4306e-09
2.197e-09	0.0047789	0.0047761	0.0047732	0.004777	0.0047722	0.0047741	0.0047665	1.3731e-09	1.4047e-09	1.4532e-09	1.3071e-09	1.5065e-09	2.2574e-08	1.4426e-09
2.8561e-09	0.0047713	0.004778	0.0047684	0.004777	0.0047751	0.004777	0.0047808	1.4437e-09	1.0526e-08	1.3667e-09	1.5084e-09	1.4274e-09	1.4502e-09	1.4417e-09
3.71293e-09	0.004777	0.0047818	0.0047741	0.0047741	0.004778	0.0047761	0.0047799	1.4073e-09	1.413e-09	9.9449e-08	1.4405e-09	6.2558e-08	1.542e-09	2.7632e-08
4.826809e-09	0.0047818	0.004777	0.004778	0.004778	0.004778	0.004778	0.0047761	1.3445e-09	1.4963e-09	1.2794e-09	1.371e-09	1.4541e-09	1.4066e-09	1.4851e-09
6.2748517e-09	0.0047789	0.0047818	0.0047818	0.004778	0.0047837	0.004777	0.004778	1.1361e-07	1.4582e-09	1.4113e-09	1.3617e-09	1.4862e-09	1.2517e-09	1.4649e-09
8.15730721e-09	0.0047808	0.0047789	0.0047808	0.0047808	0.004778	0.0047789	0.0047799	1.3945e-09	1.4274e-09	1.4708e-09	1.1094e-07	1.5108e-09	1.3942e-09	1.422e-09
1.0604499373e-08	0.0047856	0.0047818	0.0047751	0.0047799	0.0047818	0.0047827	0.004778	1.0722e-07	1.3689e-09	4.0121e-08	1.5108e-09	1.4169e-09	4.695e-09	1.4483e-09
1.37858491849e-08	0.0047799	0.0047808	0.0047799	0.004778	0.0047799	0.0047808	0.0047808	1.4235e-09	1.4053e-09	1.9097e-08	1.3436e-09	1.4144e-09	1.4555e-09	1.415e-09
1.79216039404e-08	0.0047827	0.004777	0.004778	0.0047799	0.0047808	0.0047818	0.0047818	1.3607e-09	2.8211e-08	1.3305e-09	1.3999e-09	6.8647e-08	1.345e-09	1.4837e-09
2.32980851225e-08	0.0047818	0.0047818	0.0047837	0.0047837	0.0047789	0.0047827	0.0047818	1.3436e-09	1.4516e-09	1.442e-09	1.4704e-09	1.4171e-09	1.436e-09	1.5819e-08
3.02875106592e-08	0.0047837	0.0047827	0.0047818	0.0047818	0.0047837	0.0047818	0.0047827	1.5707e-08	1.4294e-09	1.2431e-07	1.0483e-07	1.4548e-09	1.3425e-09	1.4132e-09
3.9373763857e-08	0.0047818	0.0047837	0.0047818	0.0047837	0.0047808	0.0047808	0.0047827	2.0833e-07	3.7683e-08	1.3805e-09	9.946e-08	1.389e-09	1.4626e-09	1.392e-09
5.11858930141e-08	0.0047761	0.0047808	0.0047847	0.0047818	0.0047808	0.0047837	0.0047818	3.0563e-08	1.337e-09	1.4724e-09	5.0642e-08	1.6321e-09	1.4054e-09	1.5482e-09
6.65416609183e-08	0.0047808	0.0047808	0.0047808	0.0047808	0.0047827	0.0047799	0.0047818	1.3431e-09	1.4218e-09	1.4283e-09	1.4603e-09	6.6496e-08	1.4334e-09	1.4357e-09
8.65041591938e-08	0.0047827	0.0047799	0.0047808	0.0047789	0.0047837	0.0047827	0.0047808	1.31e-09	1.4157e-09	1.4679e-09	1.4663e-09	1.4434e-09	1.4501e-09	1.5817e-07
1.12455406952e-07	0.0047789	0.0047808	0.0047808	0.0047827	0.0047808	0.0047818	0.0047818	1.4235e-09	1.4747e-09	6.1859e-08	1.3595e-09	1.6386e-09	1.4794e-09	1.3677e-09
1.46192029038e-07	0.0047818	0.0047799	0.0047828	0.0047818	0.0047827	0.004778	0.0047818	1.4942e-09	3.2367e-08	1.4101e-09	1.4195e-09	1.4527e-09	1.5155e-09	4.9156e-08
1.90049637749e-07	0.004777	0.0047808	0.0047808	0.0047837	0.0047799	0.0047818	0.0047808	6.2909e-08	7.5243e-09	2.7686e-08	1.0161e-08	1.3845e-09	2.3785e-07	1.3479e-09
2.47064529073e-07	0.0047808	0.0047799	0.0047789	0.0047818	0.0047789	0.0047818	0.0047808	1.4413e-09	1.5459e-09	1.4999e-09	1.4836e-09	1.5506e-09	3.0029e-07	1.4118e-09
3.21183887795e-07	0.0047818	0.0047808	0.0047818	0.0047789	0.0047818	0.0047827	0.0047808	1.432e-09	9.9388e-08	1.4889e-09	1.3851e-09	1.5364e-09	2.0378e-08	1.9383e-09
4.17539054134e-07	0.0047827	0.0047799	0.0047827	0.0047799	0.0047808	0.0047808	0.0047818	1.3942e-09	1.5128e-09	9.9321e-08	1.493e-09	1.3902e-09	1.3856e-09	1.4856e-09
5.42800770374e-07	0.0047827	0.0047827	0.0047761	0.0047799	0.0047808	0.0047818	0.0047818	1.427e-09	1.559e-09	1.4038e-09	1.755e-08	1.4403e-09	1.4384e-09	6.0988e-08
7.05641001487e-07	0.004781	0.004781	0.00478	0.0047839	0.00478	0.00478	0.0047791	9.8076e-10	1.0521e-09	1.0655e-09	9.5821e-10	1.0878e-09	1.2635e-08	1.0231e-09
9.17333301933e-07	0.0047828	0.0047818	0.0047809	0.0047818	0.0047818	0.0047799	0.0047818	7.3471e-10	6.7304e-10	6.4009e-10	6.6822e-10	6.8148e-10	7.2536e-10	2.7002e-09
1.19253329251e-06	0.0047818	0.0047828	0.004779	0.0047809	0.0047809	0.0047809	0.0047828	3.4996e-08	5.585e-10	5.8585e-10	6.4978e-10	5.3115e-10	4.6365e-10	4.8875e-10
1.55029328027e-06	0.0047789	0.0047808	0.0047827	0.0047808	0.004778	0.0047837	0.0047818	4.8213e-10	4.7447e-10	5.0444e-10	5.227e-10	4.127e-10	4.6837e-10	4.9725e-10
2.01538126435e-06	0.0047856	0.0047799	0.0047837	0.0047799	0.0047789	0.0047818	0.0047808	3.2722e-10	3.6963e-10	3.1411e-10	3.1002e-10	2.958e-10	3.2735e-10	3.1832e-10
2.61999564365e-06	0.0047807	0.0047807	0.0047817	0.0047855	0.0047826	0.0047826	0.0047836	2.41e-10	2.6797e-10	2.6559e-10	2.3535e-10	2.108e-10	2.5435e-10	2.2731e-10
3.40599433674e-06	0.0047813	0.0047822	0.0047793	0.0047832	0.0047841	0.0047822	0.0047813	1.6139e-10	2.6121e-10	2.503e-10	1.8223e-10	2.2506e-10	2.3973e-10	2.4253e-10
4.42779263777e-06	0.0047768	0.0047768	0.0047768	0.0047787	0.0047768	0.0047758	0.0047863	1.6545e-10	1.7106e-10	1.7584e-10	1.6588e-10	1.9459e-10	1.3768e-10	1.3062e-10
5.7561304291e-06	0.0047746	0.0047727	0.0047746	0.0047756	0.0047756	0.0047766	0.0047775	1.5565e-10	1.2731e-10	1.025e-10	1.4701e-10	1.5278e-10	1.5359e-10	1.3581e-10
7.48296955783e-06	0.0047217	0.0047169	0.0047274	0.0047293	0.0047207	0.0047217	0.0047293	8.078e-11	7.1987e-11	8.9977e-11	8.3445e-11	8.4099e-11	8.101e-11	8.573e-11
9.72786042518e-06	0.00465	0.0046739	0.0046672	0.0046787	0.0046682	0.0046682	0.0046596	7.2515e-11	6.8269e-11	7.6502e-11	7.2307e-11	7.2011e-11	7.072e-11	6.0165e-11
1.26462185527e-05	0.0045478	0.0045842	0.0045756	0.0045564	0.0045689	0.0045918	0.0045803	5.2468e-11	5.5181e-11	6.8406e-11	6.3842e-11	5.0112e-11	6.6724e-11	6.4112e-11
1.64400841185e-05	0.0042088	0.0042165	0.0042375	0.0041716	0.0042002	0.0042375	0.0042241	3.0934e-11	3.1355e-11	3.9777e-11	4.4448e-11	4.4104e-11	4.4526e-11	3.8743e-11
2.13721093541e-05	0.0039381	0.0038856	0.0039476	0.0039829	0.0039266	0.0039705	0.0039534	4.1003e-11	3.8898e-11	3.2235e-11	3.566e-11	3.9041e-11	3.0471e-11	3.1196e-11
2.77837421603e-05	0.0036605	0.0036442	0.0037158	0.0036977	0.0036948	0.0036519	0.0036757	2.4009e-11	2.8038e-11	2.7623e-11	2.7924e-11	2.685e-11	2.4633e-11	2.979e-11
3.61188648085e-05	0.0029617	0.0029351	0.002977	0.0030027	0.002976	0.0030075	0.0030065	2.1188e-11	1.8033e-11	1.8485e-11	2.0887e-11	2.4855e-11	1.9022e-11	1.7261e-11
4.6954524251e-05	0.002469	0.0025414	0.0025261	0.0025119	0.0025747	0.0025566	0.0025385	1.8052e-11	1.8479e-11	1.7159e-11	2.0299e-11	1.7755e-11	1.674e-11	1.8455e-11
6.10408815263e-05	0.0021555	0.0021479	0.0020985	0.002089	0.0021251	0.0021403	0.0021717	1.7665e-11	1.75e-11	1.548e-11	1.7625e-11	1.544e-11	1.6429e-11	1.9836e-11
7.93531459842e-05	0.0017634	0.0017577	0.0017558	0.0017634	0.0017312	0.0017786	0.0017758	2.1129e-11	1.9533e-11	2.1697e-11	2.5372e-11	1.961e-11	1.9739e-11	1.7933e-11
0.000103159089779	0.0014137	0.0013986	0.0014648	0.0014837	0.0014251	0.0013759	0.0014828	2.7266e-11	2.8625e-11	2.3978e-11	2.5944e-11	2.3095e-11	2.764e-11	2.3442e-11
0.000134106816713	0.0011641	0.0011857	0.0011838	0.0011179	0.0011763	0.0011414	0.0011169	3.9865e-11	3.1493e-11	3.0173e-11	3.0285e-11	3.6879e-11	3.71e-11	3.5778e-11
0.000174338861727	0.00093954	0.00091796	0.0009067	0.00092735	0.00095927	0.00089168	0.00091607	5.8475e-11	4.0832e-11	5.1054e-11	6.0041e-11	5.5419e-11	4.7344e-11	4.8707e-11
0.000226640520245	0.00074961	0.00073375	0.0007543	0.00072817	0.00076457	0.00077577	0.00074496	7.9627e-11	8.2251e-11	8.1597e-11	6.7459e-11	6.6586e-11	8.7299e-11	8.0621e-11
0.000294632676319	0.00060543	0.00061378	0.00059616	0.00059801	0.00058504	0.00061471	0.00060265	1.4067e-10	1.1685e-10	1.3119e-10	1.3048e-10	1.2103e-10	1.1745e-10	1.3109e-10
0.000383022479215	0.00043568	0.00046235	0.00044121	0.00047887	0.00047796	0.00046784	0.00045408	2.3667e-10	1.7068e-10	1.8327e-10	1.7553e-10	2.0411e-10	2.2273e-10	2.073e-10
0.000497929222979	0.00032054	0.00031967	0.00033051	0.00028717	0.00032687	0.00029257	0.00032148	4.3699e-10	4.8149e-10	4.2101e-10	3.968e-10	3.7206e-10	3.3463e-10	4.5877e-10
0.000647307989873	0.00027287	0.00027373	0.00023466	0.00026841	0.00026222	0.00025421	0.0002462	7.5869e-10	7.9826e-10	7.4259e-10	6.5162e-10	6.4363e-10	7.7819e-10	8.435e-10
0.000841500386835	0.00021348	0.0002117	0.00019517	0.00019779	0.00020301	0.00018382	0.00019166	1.1821e-09	1.1675e-09	1.4955e-09	1.2775e-09	1.1658e-09	1.0796e-09	1.1812e-09
0.00109395050289	0.00015634	0.00014872	0.00015975	0.00016652	0.00016911	0.00016998	0.00015466	2.1272e-09	2.0013e-09	2.1574e-09	1.9886e-09	2.0675e-09	2.1367e-09	1.9878e-09
0.00142213565375	0.00011532	0.00011447	0.00012849	0.00011863	0.00011781	9.3102e-05	0.00012685	3.2928e-09	3.3605e-09	3.3287e-09	3.6808e-09	3.3401e-09	3.6105e-09	3.4167e-09
0.00184877634988	8.813e-05	0.00010086	0.00010243	8.5785e-05	9.3692e-05	0.00010085	0.00010164	5.4813e-09	4.9725e-09	5.2413e-09	5.2713e-09	6.0411e-09	6.025e-09	4.9893e-09
0.00240340925484	7.1251e-05	6.6769e-05	6.4513e-05	7.729e-05	6.3769e-05	7.205e-05	7.8802e-05	1.009e-08	9.8283e-09	1.1643e-08	9.1741e-09	8.745e-09	9.4355e-09	1.0005e-08
0.00312443203129	6.0126e-05	4.5274e-05	7.0755e-05	4.5316e-05	5.0235e-05	4.6701e-05	5.7342e-05	1.7202e-08	1.4057e-08	1.495e-08	1.9522e-08	1.6835e-08	1.9175e-08	1.4002e-08
0.00406176164068	4.8987e-05	4.9648e-05	5.1605e-05	3.7058e-05	4.3693e-05	4.4472e-05	4.3009e-05	2.4639e-08	2.0508e-08	2.827e-08	3.0129e-08	2.5414e-08	2.6438e-08	2.5693e-08
0.00528029013288	4.1008e-05	2.5715e-05	3.5553e-05	4.4104e-05	2.5105e-05	3.6727e-05	2.8783e-05	4.2698e-08	3.935e-08	4.336e-08	3.4689e-08	3.6955e-08	4.5062e-08	4.0541e-08
0.00686437717274	2.7137e-05	2.4897e-05	2.824e-05	1.8834e-05	2.8762e-05	3.3197e-05	3.2116e-05	9.4045e-08	9.6138e-08	8.4162e-08	9.9342e-08	9.1588e-08	9.4797e-08	9.6043e-08
0.00892369032457	2.5728e-05	2.2198e-05	2.2146e-05	2.8735e-05	2.3218e-05	2.9168e-05	1.6178e-05	1.5034e-07	1.381e-07	1.7667e-07	1.8026e-07	1.8217e-07	1.5075e-07	1.7205e-07
0.0116007974219	2.3182e-05	1.5356e-05	1.9552e-05	2.0421e-05	1.6293e-05	2.1363e-05	2.2742e-05	2.4537e-07	2.259e-07	2.1534e-07	2.4992e-07	1.9418e-07	2.1093e-07	2.0124e-07
0.0150810366485	2.4882e-05	2.0669e-05	2.1134e-05	1.6384e-05	1.9848e-05	2.5271e-05	2.5067e-05	5.0465e-07	5.4141e-07	5.2193e-07	5.4396e-07	5.2917e-07	5.0823e-07	6.1981e-07
0.0196053476431	6.8612e-05	6.1873e-05	6.8476e-05	5.8489e-05	7.0916e-05	7.0937e-05	6.2473e-05	6.6618e-07	8.0431e-07	6.7151e-07	8.2705e-07	7.3117e-07	7.6065e-07	7.5731e-07
0.025486951936	3.2864e-05	2.7427e-05	3.4252e-05	3.0373e-05	3.0897e-05	2.721e-05	3.0773e-05	2.1077e-06	2.1856e-06	2.1931e-06	2.4072e-06	2.0472e-06	2.247e-06	2.0783e-06
0.0331330375168	1.1464e-05	1.3278e-05	1.3174e-05	1.0957e-05	1.3851e-05	1.3251e-05	8.964e-06	2.0687e-06	2.5949e-06	2.3529e-06	2.2237e-06	2.4223e-06	2.4316e-06	2.49e-06
0.0430729487718	1.5629e-05	1.3965e-05	1.2921e-05	1.1178e-05	9.65e-06	1.16e-05	9.9729e-06	3.8725e-06	3.3065e-06	3.8068e-06	3.4e-06	3.8659e-06	3.2741e-06	3.2824e-06
0.0559948334034	1.2885e-05	1.3001e-05	1.1529e-05	1.137e-05	1.0298e-05	1.3957e-05	1.134e-05	5.0819e-06	5.8875e-06	5.8823e-06	5.3317e-06	4.7928e-06	6.3097e-06	4.5975e-06
0.0727932834244	1.7844e-05	1.6553e-05	1.4781e-05	1.5529e-05	1.3257e-05	1.7681e-05	1.7515e-05	8.3822e-06	8.5429e-06	7.6324e-06	7.5898e-06	9.1389e-06	8.7608e-06	7.8137e-06
0.0946312684517	2.3145e-05	2.3745e-05	2.1459e-05	2.5284e-05	2.116e-05	2.0268e-05	2.5811e-05	1.6047e-05	1.5634e-05	1.7011e-05	1.8538e-05	1.8261e-05	1.6681e-05	1.8559e-05
0.123020648987	3.5549e-05	3.6839e-05	3.0509e-05	3.0844e-05	3.6405e-05	3.3413e-05	3.7174e-05	2.602e-05	2.5858e-05	2.5086e-05	2.2703e-05	3.0243e-05	2.1413e-05	2.9447e-05
0.159926843683	3.7965e-05	4.2648e-05	4.7946e-05	5.0041e-05	4.4924e-05	4.5635e-05	4.9019e-05	3.9034e-05	3.4108e-05	3.7673e-05	3.9594e-05	2.8253e-05	4.0642e-05	3.7722e-05
0.207904896788	4.1993e-05	3.4193e-05	4.4042e-05	6.0365e-05	4.1207e-05	3.4341e-05	3.4033e-05	4.6567e-05	5.5677e-05	4.5612e-05	4.3743e-05	3.8322e-05	3.8646e-05	2.9661e-05
0.270276365825	4.3736e-05	4.4162e-05	4.0268e-05	4.0005e-05	4.2556e-05	4.6832e-05	3.7028e-05	2.4007e-05	2.7754e-05	3.4992e-05	4.8967e-05	3.0018e-05	3.433e-05	4.03e-05
0.351359275572	2.8841e-05	4.0679e-05	4.2566e-05	3.724e-05	3.2302e-05	3.053e-05	2.1131e-05	3.1997e-05	4.8458e-05	3.2407e-05	2.8399e-05	3.584e-05	2.2807e-05	3.0316e-05
0.456767058244	3.0724e-05	4.8132e-05	2.2343e-05	2.1478e-05	2.033e-05	2.3146e-05	1.6281e-05	3.4436e-05	2.3682e-05	2.9639e-05	3.3954e-05	5.5297e-05	3.5046e-05	2.9806e-05
0.593797175717	3.2987e-05	3.281e-05	2.567e-05	3.6366e-05	1.568e-05	6.208e-05	3.8826e-05	1.5084e-05	2.4846e-05	3.9355e-05	3.0666e-05	1.625e-05	3.9027e-05	2.7968e-05
0.771936328433	2.6459e-05	4.5689e-05	3.2717e-05	2.2828e-05	4.9021e-05	2.1854e-05	2.8205e-05	4.6189e-05	1.7658e-05	1.8621e-05	4.2362e-05	2.0762e-05	2.4065e-05	2.3682e-05
1.00351722696	3.0278e-05	3.4084e-05	2.8066e-05	1.9518e-05	3.0659e-05	9.7342e-06	1.2658e-05	3.4969e-05	2.8384e-05	6.5916e-05	2.0169e-05	1.8024e-05	2.0068e-05	4.0596e-05
1.30457239505	3.9403e-05	5.0822e-05	3.5575e-05	4.7851e-05	6.1917e-05	2.8259e-05	2.9159e-05	1.5218e-05	2.5801e-05	3.3249e-05	6.0846e-05	3.7656e-05	3.8085e-05	6.9699e-05
1.69594411357	3.2106e-05	4.7e-05	4.5475e-05	5.0445e-05	4.9692e-05	7.3666e-05	7.2212e-05	4.0453e-05	9.9507e-05	8.9195e-05	3.5276e-05	3.0432e-05	2.1787e-05	4.6264e-05
2.20472734764	3.8578e-05	8.8814e-05	5.0909e-05	5.5898e-05	4.2379e-05	6.8665e-05	7.0984e-05	5.0006e-05	4.37e-05	7.8621e-05	5.873e-05	5.4223e-05	7.1957e-05	4.7085e-05
2.86614555193	0.00010125	5.0155e-05	6.5756e-05	5.1275e-05	8.1642e-05	2.2983e-05	4.2201e-05	8.3758e-05	7.416e-05	4.4606e-05	5.144e-05	3.3739e-05	3.9317e-05	6.9718e-05
3.72598921751	6.8693e-05	5.4343e-05	5.7713e-05	0.00011299	6.4716e-05	5.4305e-05	7.9482e-05	5.4258e-05	2.6832e-05	6.2502e-05	6.5721e-05	4.719e-05	6.0568e-05	5.2204e-05
4.84378598276	0.00011576	8.783e-05	6.1085e-05	5.6306e-05	3.885e-05	4.8529e-05	7.418e-05	3.9153e-05	3.9862e-05	3.2771e-05	4.3064e-05	4.3006e-05	2.5782e-05	4.5165e-05
6.29692177759	6.7214e-05	3.9861e-05	7.6851e-05	7.3238e-05	5.0311e-05	6.9373e-05	5.6638e-05	4.914e-05	5.6324e-05	3.6734e-05	5.174e-05	4.9444e-05	4.7103e-05	5.5442e-05
8.18599831086	7.1348e-05	3.9999e-05	8.2947e-05	4.3722e-05	5.4552e-05	5.9851e-05	8.8067e-05	2.6601e-05	3.5628e-05	4.2648e-05	3.5812e-05	3.7829e-05	5.5181e-05	4.3654e-05
10.6417978041	5.2368e-05	0.00010734	2.6194e-05	5.0346e-05	4.5046e-05	8.7578e-05	5.156e-05	5.1357e-05	7.4241e-05	5.6686e-05	0.00010748	6.9157e-05	9.5311e-05	6.2915e-05
13.8343371454	6.2141e-05	3.2633e-05	6.0633e-05	6.323e-05	7.0696e-05	8.68e-05	6.0885e-05	5.9631e-05	6.7379e-05	5.4396e-05	8.5051e-05	3.9888e-05	6.835e-05	4.4667e-05
17.984638289	7.7707e-05	7.4575e-05	5.0015e-05	5.7286e-05	3.9778e-05	5.4193e-05	7.0473e-05	3.244e-05	3.6978e-05	6.3452e-05	6.402e-05	5.5792e-05	7.0308e-05	5.244e-05
23.3800297756	5.9044e-05	3.4056e-05	7.8175e-05	6.6766e-05	6.5777e-05	7.8059e-05	0.00010104	4.1953e-05	4.3847e-05	3.002e-05	6.0527e-05	6.7035e-05	6.4215e-05	0.0001054
30.3940387083	8.0189e-05	8.1083e-05	3.5648e-05	3.0553e-05	4.5759e-05	8.4393e-05	3.9534e-05	3.1769e-05	4.7897e-05	2.3567e-05	6.0683e-05	4.6693e-05	4.5376e-05	2.4575e-05
39.5122503208	6.5486e-05	6.8325e-05	1.7086e-05	6.7426e-05	5.0842e-05	8.4981e-05	2.1334e-05	6.3552e-05	2.9602e-05	4.6611e-05	7.5176e-05	8.45e-05	4.3207e-05	9.3282e-05
51.3659254171	6.2274e-05	5.7028e-05	6.6005e-05	3.4372e-05	4.9899e-05	6.8792e-05	7.9958e-05	6.402e-05	5.2225e-05	8.0234e-05	5.6286e-05	4.3952e-05	3.4005e-05	3.8558e-05
66.7757030422	3.5215e-05	6.5824e-05	4.8864e-05	3.8093e-05	7.1351e-05	5.8224e-05	5.441e-05	7.543e-05	6.3776e-05	6.1875e-05	6.6648e-05	4.7699e-05	0.00010049	5.1399e-05
86.8084139549	8.1658e-05	5.4494e-05	6.7248e-05	4.1628e-05	5.7872e-05	0.00010942	7.4498e-05	5.3618e-05	4.1638e-05	3.4674e-05	3.727e-05	8.154e-05	2.3902e-05	2.7856e-05
112.850938141	7.8633e-05	4.1346e-05	4.9845e-05	6.5778e-05	5.6471e-05	4.0313e-05	7.4006e-05	3.851e-05	7.0565e-05	5.5188e-05	4.2128e-05	3.6255e-05	3.8965e-05	5.6897e-05
146.706219584	3.7712e-05	3.394e-05	8.4758e-05	5.6451e-05	3.1211e-05	6.0071e-05	4.8513e-05	5.0068e-05	5.98e-05	6.4221e-05	7.1909e-05	5.6459e-05	4.0183e-05	5.4253e-05
190.718085459	8.9673e-05	3.7254e-05	5.3985e-05	6.7965e-05	7.4093e-05	4.9336e-05	4.1496e-05	4.5664e-05	6.7841e-05	7.0061e-05	4.6845e-05	5.7635e-05	6.0812e-05	7.0408e-05