E	rate6	rate7
1e-11	0.0047789	0.0047792	0.0047791	1.9801e-09	1.6761e-09	2.8605e-09
1.3e-11	0.004779	0.0047793	0.0047789	1.061e-09	2.0701e-09	8.484e-10
1.69e-11	0.0047743	0.0047735	0.0047746	1.3315e-09	1.1536e-09	6.9669e-10
2.197e-11	0.0047599	0.00476	0.0047606	9.988e-10	1.8938e-09	1.1742e-09
2.8561e-11	0.0047598	0.0047605	0.0047599	9.8836e-10	1.9563e-09	2.0113e-09
3.71293e-11	0.0047288	0.0047285	0.0047276	8.7857e-10	7.8873e-10	3.6039e-09
4.826809e-11	0.0046678	0.0046684	0.0046681	2.2585e-09	9.2637e-10	1.7437e-09
6.2748517e-11	0.0045694	0.0045693	0.0045704	5.8654e-10	2.0581e-09	1.8577e-09
8.15730721e-11	0.0045699	0.0045692	0.0045674	1.4905e-10	8.2717e-10	4.8507e-10
1.0604499373e-10	0.0044277	0.004425	0.0044268	5.0501e-11	4.749e-10	7.2672e-10
1.37858491849e-10	0.0042076	0.0042082	0.0042101	4.0936e-11	4.0644e-11	4.5815e-10
1.79216039404e-10	0.0042079	0.0042087	0.0042071	2.7e-10	8.0381e-10	5.5037e-10
2.32980851225e-10	0.0039551	0.0039562	0.0039561	4.9461e-10	1.4644e-10	2.7066e-10
3.02875106592e-10	0.0036601	0.0036603	0.0036605	2.8523e-11	2.7144e-10	3.0868e-10
3.9373763857e-10	0.0036619	0.0036633	0.0036623	2.8735e-11	2.8759e-11	4.7683e-10
5.11858930141e-10	0.0033937	0.0033988	0.0033984	2.1263e-10	2.5214e-11	2.4793e-11
6.65416609183e-10	0.003109	0.0031109	0.0031112	2.2002e-11	2.1844e-11	2.1884e-10
8.65041591938e-10	0.0028765	0.0028725	0.0028736	1.9634e-10	8.2042e-11	1.0665e-09
1.12455406952e-09	0.0027423	0.002741	0.0027434	1.9357e-11	1.9383e-11	1.914e-11
1.46192029038e-09	0.0023201	0.0023263	0.0023182	1.7736e-11	1.7748e-11	1.7572e-11
1.90049637749e-09	0.0021231	0.0021233	0.0021222	1.769e-11	1.7605e-11	1.7794e-11
2.47064529073e-09	0.001934	0.0019349	0.0019322	1.298e-10	1.1837e-10	1.8162e-11
3.21183887795e-09	0.0017549	0.0017575	0.0017597	1.6472e-10	6.0122e-10	1.9296e-11
4.17539054134e-09	0.0015879	0.0015929	0.0015886	2.137e-11	2.1224e-11	2.1343e-11
5.42800770374e-09	0.0014317	0.0014344	0.0014353	2.4872e-10	2.4531e-11	2.8216e-10
7.05641001487e-09	0.0012913	0.0012911	0.0012896	2.8258e-11	2.8949e-11	2.9061e-11
9.17333301933e-09	0.0011621	0.0011619	0.0011597	3.4014e-11	3.407e-11	3.4063e-11
1.19253329251e-08	0.001041	0.00104	0.0010411	4.1997e-11	4.1587e-11	4.1957e-11
1.55029328027e-08	0.00093212	0.00093098	0.00093174	5.1339e-11	2.7705e-10	5.1993e-11
2.01538126435e-08	0.00083473	0.00083094	0.00082857	1.6704e-10	6.547e-11	6.5373e-11
2.61999564365e-08	0.00074032	0.00074342	0.00074092	8.2626e-11	8.3043e-11	8.203e-11
3.40599433674e-08	0.00066206	0.00066287	0.00066228	1.037e-10	1.0284e-10	1.0429e-10
4.42779263777e-08	0.00058964	0.0005903	0.00058931	1.3268e-10	1.6058e-10	1.3363e-10
5.7561304291e-08	0.00052629	0.00052446	0.00052304	1.694e-10	1.681e-10	1.7717e-10
7.48296955783e-08	0.00046391	0.00046525	0.00046689	2.1503e-10	6.5526e-10	2.1674e-10
9.72786042518e-08	0.00041255	0.00041445	0.00041304	2.7981e-10	2.769e-10	2.758e-10
1.26462185527e-07	0.00036726	0.00036528	0.000366	3.56e-10	3.55e-10	3.5274e-10
1.64400841185e-07	0.00032516	0.00032488	0.00032455	4.5728e-10	4.5903e-10	4.5989e-10
2.13721093541e-07	0.00028779	0.00028713	0.00028973	5.9e-10	5.8603e-10	5.8755e-10
2.77837421603e-07	0.00022733	0.00022517	0.00022577	9.594e-10	9.5986e-10	9.5657e-10
3.61188648085e-07	0.00019953	0.00019987	0.00020001	1.229e-09	1.5474e-09	1.2275e-09
4.6954524251e-07	0.00017391	0.00017657	0.00017602	1.5926e-09	1.5863e-09	1.5779e-09
6.10408815263e-07	0.00015789	0.00015611	0.00015569	2.0432e-09	2.0445e-09	2.0253e-09
7.93531459842e-07	0.00013892	0.00013727	0.00013699	2.6283e-09	2.6229e-09	2.6167e-09
1.03159089779e-06	0.00012298	0.0001234	0.00012327	3.3588e-09	3.3033e-09	3.352e-09
1.34106816713e-06	0.0001109	0.0001121	0.00011353	4.0037e-09	4.0235e-09	3.9963e-09
1.74338861727e-06	9.6244e-05	9.6885e-05	9.7429e-05	5.3717e-09	5.3362e-09	5.421e-09
2.26640520245e-06	8.3303e-05	8.3183e-05	8.2641e-05	7.2356e-09	7.2767e-09	7.358e-09
2.94632676319e-06	7.4594e-05	7.5381e-05	7.5472e-05	8.9439e-09	9.0283e-09	9.2039e-09
3.83022479215e-06	6.5016e-05	6.4856e-05	6.5507e-05	1.1879e-08	1.2039e-08	1.1931e-08
4.97929222979e-06	5.86e-05	5.9827e-05	5.9343e-05	1.4715e-08	1.4557e-08	1.463e-08
6.47307989873e-06	5.027e-05	5.0534e-05	5.0007e-05	2.0251e-08	2.0318e-08	2.0576e-08
8.41500386835e-06	4.4637e-05	4.4779e-05	4.4322e-05	2.6395e-08	2.6698e-08	2.6567e-08
1.09395050289e-05	3.9913e-05	3.9564e-05	3.934e-05	3.4229e-08	3.3815e-08	3.3675e-08
1.42213565375e-05	3.5458e-05	3.5297e-05	3.479e-05	4.336e-08	4.3212e-08	4.3229e-08
1.84877634988e-05	3.1167e-05	3.1439e-05	3.0606e-05	5.5661e-08	5.5416e-08	5.6447e-08
2.40340925484e-05	2.7514e-05	2.7788e-05	2.7777e-05	7.6914e-08	7.6987e-08	7.7666e-08
3.12443203129e-05	2.5286e-05	2.5156e-05	2.4795e-05	1.1179e-07	1.1166e-07	1.1065e-07
4.06176164068e-05	2.2693e-05	2.3017e-05	2.2523e-05	1.2636e-07	1.2488e-07	1.2528e-07
5.28029013288e-05	2.0374e-05	2.0214e-05	2.02e-05	1.8698e-07	1.8725e-07	1.8567e-07
6.86437717274e-05	1.8827e-05	1.9099e-05	1.8581e-05	2.2491e-07	2.2383e-07	2.25e-07
8.92369032457e-05	1.9937e-05	1.9401e-05	1.9365e-05	8.9467e-07	8.9041e-07	8.9521e-07
0.000116007974219	1.9703e-05	2.0042e-05	1.9909e-05	5.978e-07	5.9858e-07	6.0338e-07
0.000150810366485	2.7456e-05	2.6975e-05	2.6516e-05	4.9031e-07	4.8266e-07	4.8696e-07
0.000196053476431	5.5049e-05	5.5781e-05	5.5648e-05	6.5613e-07	6.5988e-07	6.6417e-07
0.00025486951936	9.061e-05	9.0825e-05	9.0923e-05	3.7264e-06	3.7479e-06	3.7333e-06
0.000331330375168	3.4941e-05	3.4217e-05	3.4532e-05	2.3296e-06	2.3215e-06	2.3242e-06
0.000430729487718	1.7527e-05	1.7404e-05	1.7585e-05	2.1312e-06	2.1587e-06	2.147e-06
0.000559948334034	1.3228e-05	1.3466e-05	1.3414e-05	1.9722e-06	1.9804e-06	1.9873e-06
0.000727932834244	1.205e-05	1.2123e-05	1.2151e-05	2.4266e-06	2.3976e-06	2.4098e-06
0.000946312684517	1.1942e-05	1.2263e-05	1.204e-05	3.4061e-06	3.4127e-06	3.4217e-06
0.00123020648987	1.2794e-05	1.2865e-05	1.3058e-05	4.97e-06	4.9643e-06	4.9995e-06
0.00159926843683	1.2824e-05	1.3234e-05	1.2944e-05	5.5448e-06	5.5438e-06	5.5564e-06
0.00207904896788	1.3752e-05	1.3882e-05	1.3766e-05	6.3081e-06	6.3317e-06	6.4104e-06
0.00270276365825	1.553e-05	1.5731e-05	1.5752e-05	8.2624e-06	8.2271e-06	8.2384e-06
0.00351359275572	1.8391e-05	1.8326e-05	1.8491e-05	1.1019e-05	1.1124e-05	1.1144e-05
0.00456767058244	2.2625e-05	2.2662e-05	2.2295e-05	1.6855e-05	1.6922e-05	1.6777e-05
0.00593797175717	2.8926e-05	2.9076e-05	2.8986e-05	2.1375e-05	2.1113e-05	2.1157e-05
0.00771936328433	3.4306e-05	3.4404e-05	3.4547e-05	2.5159e-05	2.5053e-05	2.4907e-05
0.0100351722696	4.2411e-05	4.2145e-05	4.2403e-05	3.1721e-05	3.1585e-05	3.2122e-05
0.0130457239505	4.5846e-05	4.5739e-05	4.5818e-05	3.6645e-05	3.6815e-05	3.7408e-05
0.0169594411357	5.2623e-05	5.3153e-05	5.2389e-05	3.7855e-05	3.8265e-05	3.802e-05
0.0220472734764	3.857e-05	3.9989e-05	4.0051e-05	3.7168e-05	3.8564e-05	3.7838e-05
0.0286614555193	3.8519e-05	3.8373e-05	3.8484e-05	3.731e-05	3.6561e-05	3.599e-05
0.0372598921751	3.8125e-05	3.7053e-05	3.6917e-05	3.5523e-05	3.5913e-05	3.6006e-05
0.0484378598276	3.708e-05	3.5587e-05	3.6335e-05	3.4205e-05	3.5825e-05	3.342e-05
0.0629692177759	3.4244e-05	3.4593e-05	3.3401e-05	3.2581e-05	3.3153e-05	3.2492e-05
0.0818599831086	3.1785e-05	3.1654e-05	3.0998e-05	3.1637e-05	3.0273e-05	3.0154e-05
0.106417978041	2.9748e-05	2.8465e-05	3.0015e-05	2.7577e-05	2.8503e-05	2.8689e-05
0.138343371454	2.775e-05	2.6351e-05	2.9024e-05	2.6287e-05	2.6539e-05	2.7524e-05
0.17984638289	2.6507e-05	2.8874e-05	2.8093e-05	2.5385e-05	2.6715e-05	2.6219e-05
0.233800297756	2.8787e-05	2.9869e-05	2.8684e-05	2.7726e-05	2.7444e-05	2.6282e-05
0.303940387083	2.9378e-05	3.1003e-05	2.9789e-05	2.8773e-05	3.0041e-05	2.8549e-05
0.395122503208	3.3415e-05	3.4184e-05	3.2804e-05	3.2284e-05	3.2553e-05	3.1108e-05
0.513659254171	3.7018e-05	3.6449e-05	3.8286e-05	3.7901e-05	3.5288e-05	3.6957e-05
0.667757030422	4.2011e-05	4.3076e-05	4.3276e-05	3.8877e-05	3.9914e-05	3.9771e-05
0.868084139549	4.6672e-05	4.4652e-05	4.6847e-05	4.3139e-05	4.1311e-05	4.3996e-05
1.12850938141	4.7805e-05	4.8605e-05	4.9034e-05	4.5929e-05	4.8703e-05	4.5551e-05
1.46706219584	5.3096e-05	5.5079e-05	5.2344e-05	4.9479e-05	5.0377e-05	5.1943e-05
1.90718085459	5.7582e-05	5.8642e-05	5.8253e-05	5.607e-05	5.2602e-05	5.48e-05
2.47933511097	5.8558e-05	5.8854e-05	5.608e-05	5.6524e-05	5.5264e-05	5.6987e-05
3.22313564426	5.9551e-05	6.2603e-05	5.786e-05	5.9928e-05	5.4452e-05	5.6373e-05
4.19007633753	5.6756e-05	5.5265e-05	5.8075e-05	5.5373e-05	5.4006e-05	5.4514e-05
5.44709923879	5.2371e-05	5.4035e-05	5.5189e-05	5.0831e-05	5.0876e-05	4.8974e-05
7.08122901043	5.5199e-05	5.7928e-05	5.7771e-05	5.5391e-05	5.1834e-05	5.2595e-05
9.20559771356	5.8394e-05	5.7947e-05	5.8548e-05	5.2227e-05	5.4769e-05	5.4923e-05