E	r	rate
2.5e-11	4.05	-0.011645	-0.011635	-0.01134	-0.011726	-0.011519	-0.011711	-0.011764	-0.011805	-0.011846	-0.012082	-0.011902	-0.012116	-0.011691	-0.011409	-0.011989
2.5e-11	5.4	-0.004535	-0.0048611	-0.0048271	-0.0047537	-0.0046655	-0.0048685	-0.0046999	-0.0050071	-0.0045532	-0.0048408	-0.0047273	-0.0046723	-0.0044577	-0.0049074	-0.0044717
2.5e-11	6.65	-0.0020176	-0.0020883	-0.0021975	-0.0022527	-0.0022318	-0.0021906	-0.0021647	-0.0021847	-0.0022454	-0.0023562	-0.0021456	-0.0021702	-0.0023339	-0.0020953	-0.0022209
2.5e-11	8.9	-0.00070783	-0.00061574	-0.00068551	-0.00067283	-0.0006958	-0.00059829	-0.00054264	-0.00063432	-0.0006569	-0.0005707	-0.00061602	-0.0006005	-0.00069656	-0.00059451	-0.00054198
2.5e-11	11.65	-0.00014858	-0.00013142	-0.00016027	-7.4151e-05	-0.00011432	-0.00015501	-0.00011417	-0.00015456	-0.00011446	-0.00015957	-0.00014225	-0.00016595	-8.5776e-05	-6.8515e-05	-0.00010278
1e-10	4.05	-0.020498	-0.020662	-0.020822	-0.020552	-0.020784	-0.019966	-0.020823	-0.020683	-0.020363	-0.021008	-0.021203	-0.020971	-0.020657	-0.020846	-0.02069
1e-10	5.4	-0.0079703	-0.0082727	-0.0082643	-0.0081946	-0.0080298	-0.0081302	-0.0082151	-0.0079439	-0.008151	-0.0077381	-0.008111	-0.007573	-0.0079217	-0.0085025	-0.0078123
1e-10	6.65	-0.0040151	-0.0036624	-0.0039605	-0.0038644	-0.0038944	-0.0036084	-0.0037053	-0.0039685	-0.003786	-0.0035548	-0.0034156	-0.0039811	-0.0038135	-0.0035878	-0.0038391
1e-10	8.9	-0.0010366	-0.00089816	-0.00097823	-0.00095857	-0.00090143	-0.0011878	-0.0011025	-0.0007571	-0.00091889	-0.00086209	-0.001104	-0.0010439	-0.0010834	-0.00092017	-0.00098499
1e-10	11.65	-0.00025932	-0.000228	-0.00023483	-0.00022789	-0.00019602	-0.00024745	-0.00020268	-0.00021549	-0.00019612	-0.0002348	-0.000242	-0.00020221	-0.00020922	-0.00020905	-0.00020256
3e-10	4.05	-0.032479	-0.031662	-0.031877	-0.030603	-0.030683	-0.031313	-0.03098	-0.031993	-0.032103	-0.031445	-0.031744	-0.031191	-0.030991	-0.031744	-0.031949
3e-10	5.4	-0.012358	-0.011265	-0.012233	-0.01243	-0.012384	-0.012203	-0.012231	-0.012868	-0.012204	-0.012145	-0.012276	-0.012191	-0.012726	-0.012521	-0.012105
3e-10	6.65	-0.0055908	-0.0055406	-0.0049648	-0.0056493	-0.0050405	-0.0055293	-0.0056842	-0.0057033	-0.005226	-0.0057575	-0.0053837	-0.0054612	-0.0053042	-0.0060029	-0.0053162
3e-10	8.9	-0.0017192	-0.0014393	-0.0014616	-0.0013775	-0.0016773	-0.0014677	-0.0014331	-0.0016165	-0.0016492	-0.0015836	-0.0016176	-0.001519	-0.0014115	-0.0013654	-0.0013732
3e-10	11.65	-0.00026525	-0.00032675	-0.00043891	-0.00037113	-0.00026576	-0.00035732	-0.00031037	-0.00027993	-0.00034518	-0.00046561	-0.0002583	-0.00044444	-0.00034846	-0.00025062	-0.00032207
1e-09	4.05	-0.041599	-0.042072	-0.041879	-0.042378	-0.040882	-0.040705	-0.042199	-0.042412	-0.04209	-0.041375	-0.041175	-0.04174	-0.041989	-0.04054	-0.041377
1e-09	5.4	-0.016688	-0.016316	-0.016341	-0.017107	-0.016319	-0.015961	-0.015764	-0.016829	-0.01582	-0.015878	-0.016739	-0.01644	-0.016416	-0.016085	-0.016766
1e-09	6.65	-0.0075309	-0.0077677	-0.0073545	-0.0074853	-0.0071752	-0.0075023	-0.0072112	-0.007878	-0.0077133	-0.0073082	-0.0075146	-0.007541	-0.0075239	-0.0074309	-0.0073249
1e-09	8.9	-0.0019348	-0.0018903	-0.0019856	-0.0017473	-0.0023252	-0.0019712	-0.0018533	-0.0019533	-0.0019451	-0.0020314	-0.0020013	-0.0019446	-0.0019587	-0.0019976	-0.0021601
1e-09	11.65	-0.0004521	-0.00038813	-0.00050893	-0.00036138	-0.00036936	-0.00043389	-0.00049976	-0.00044265	-0.00060182	-0.00062083	-0.0003598	-0.00038701	-0.0003517	-0.0004435	-0.0003193
3e-09	4.05	-0.047791	-0.048127	-0.048758	-0.04779	-0.048903	-0.04947	-0.047111	-0.048533	-0.049301	-0.048419	-0.04832	-0.047767	-0.048263	-0.04815	-0.047393
3e-09	5.4	-0.019838	-0.019503	-0.019648	-0.01858	-0.019343	-0.020097	-0.019677	-0.018645	-0.020048	-0.018905	-0.019577	-0.019979	-0.019252	-0.018982	-0.019221
3e-09	6.65	-0.0085368	-0.0092956	-0.0086942	-0.0085861	-0.0087477	-0.0090687	-0.0087637	-0.0088194	-0.0091867	-0.0088861	-0.0089955	-0.0092683	-0.0091928	-0.0077281	-0.0086411
3e-09	8.9	-0.0022484	-0.0025046	-0.002113	-0.002257	-0.002426	-0.0023788	-0.002275	-0.0021918	-0.0021343	-0.0024707	-0.00274	-0.0020894	-0.0020886	-0.0019668	-0.0018335
3e-09	11.65	-0.00048824	-0.00045057	-0.00049184	-0.00055633	-0.00052533	-0.00050219	-0.0004378	-0.00054073	-0.00056241	-0.00049107	-0.00054899	-0.00057139	-0.00041868	-0.00042018	-0.00043218
1e-08	4.05	-0.053603	-0.05322	-0.053981	-0.053857	-0.054542	-0.054284	-0.053995	-0.053492	-0.054098	-0.053527	-0.053301	-0.054575	-0.053272	-0.054355	-0.054518
1e-08	5.4	-0.022853	-0.022898	-0.022298	-0.022508	-0.023577	-0.021808	-0.021955	-0.022753	-0.021827	-0.023206	-0.022749	-0.023729	-0.021989	-0.022024	-0.022279
1e-08	6.65	-0.01068	-0.010038	-0.010724	-0.0099961	-0.011043	-0.010373	-0.010279	-0.010436	-0.010813	-0.010697	-0.010768	-0.010059	-0.010909	-0.0099868	-0.0096575
1e-08	8.9	-0.0025657	-0.0026737	-0.0026494	-0.0026499	-0.0032457	-0.0030127	-0.0027025	-0.0029993	-0.0028079	-0.0026107	-0.0027818	-0.0028081	-0.0024392	-0.0025791	-0.0024236
1e-08	11.65	-0.0006915	-0.00060496	-0.00054749	-0.00055084	-0.00049567	-0.00064673	-0.00098948	-0.00084825	-0.00062608	-0.0005597	-0.0005163	-0.00066953	-0.00067124	-0.00044889	-0.00048287
3e-08	4.05	-0.056326	-0.056043	-0.056963	-0.056666	-0.055449	-0.056439	-0.057257	-0.056278	-0.056096	-0.056371	-0.056612	-0.055048	-0.056646	-0.055368	-0.055239
3e-08	5.4	-0.024512	-0.024669	-0.024424	-0.023741	-0.023679	-0.024111	-0.025058	-0.023207	-0.023831	-0.024182	-0.024112	-0.024449	-0.024886	-0.02517	-0.024898
3e-08	6.65	-0.01165	-0.011365	-0.010713	-0.010824	-0.011125	-0.011192	-0.01132	-0.010762	-0.011526	-0.010994	-0.011061	-0.011178	-0.010991	-0.011454	-0.011186
3e-08	8.9	-0.0029891	-0.0029004	-0.0032218	-0.0030308	-0.0029423	-0.0027732	-0.0031457	-0.0032246	-0.0029214	-0.0028342	-0.0029072	-0.0032942	-0.0034515	-0.0031134	-0.0030166
3e-08	11.65	-0.0005482	-0.00065682	-0.00073177	-0.00088268	-0.00059568	-0.00074348	-0.00072293	-0.00061618	-0.00062845	-0.00063903	-0.00067162	-0.00082461	-0.00063753	-0.00059666	-0.00076224
1e-07	4.05	-0.056701	-0.057589	-0.056736	-0.056619	-0.056898	-0.056846	-0.056263	-0.056467	-0.056876	-0.057997	-0.057479	-0.057298	-0.05669	-0.05594	-0.057347
1e-07	5.4	-0.025538	-0.025402	-0.025261	-0.024826	-0.024881	-0.025532	-0.025012	-0.025006	-0.02548	-0.025151	-0.025204	-0.023949	-0.025864	-0.025266	-0.02399
1e-07	6.65	-0.011993	-0.012433	-0.01207	-0.011656	-0.012301	-0.012724	-0.011964	-0.011894	-0.012464	-0.012108	-0.011952	-0.012177	-0.01183	-0.012052	-0.01145
1e-07	8.9	-0.0033271	-0.0031155	-0.0035057	-0.0034116	-0.0031542	-0.0034247	-0.0032599	-0.0032055	-0.0031841	-0.0030652	-0.0031771	-0.0033704	-0.0034015	-0.0029825	-0.0037979
1e-07	11.65	-0.00070897	-0.00083861	-0.00071831	-0.00074054	-0.00070539	-0.00067789	-0.00068799	-0.00070989	-0.00081961	-0.00077045	-0.00059222	-0.00055696	-0.00059338	-0.00075312	-0.00062617
3e-07	4.05	-0.056578	-0.056635	-0.056809	-0.056823	-0.056581	-0.057307	-0.056144	-0.05741	-0.057465	-0.056386	-0.056993	-0.057087	-0.057667	-0.05621	-0.057215
3e-07	5.4	-0.026151	-0.025092	-0.027147	-0.026019	-0.026877	-0.026239	-0.025772	-0.025969	-0.02532	-0.026455	-0.026336	-0.02666	-0.026503	-0.026442	-0.02565
3e-07	6.65	-0.012275	-0.012647	-0.012352	-0.012744	-0.012453	-0.012664	-0.013067	-0.012116	-0.012427	-0.01246	-0.013208	-0.012445	-0.012601	-0.012797	-0.012166
3e-07	8.9	-0.0037157	-0.0035716	-0.0037717	-0.0034041	-0.0033301	-0.003669	-0.0036677	-0.0034705	-0.0037155	-0.0035298	-0.0037104	-0.0032596	-0.0038873	-0.0034983	-0.0037344
3e-07	11.65	-0.00067447	-0.00078607	-0.00085867	-0.00084791	-0.00084246	-0.0009901	-0.00081602	-0.00073639	-0.00077576	-0.00093065	-0.00089065	-0.00093506	-0.00078814	-0.00092628	-0.0010212
1e-06	4.05	-0.056233	-0.055151	-0.055153	-0.055914	-0.055461	-0.054661	-0.056638	-0.055223	-0.056191	-0.055256	-0.056172	-0.056388	-0.055214	-0.055797	-0.055598
1e-06	5.4	-0.026508	-0.026195	-0.02657	-0.027038	-0.027027	-0.027042	-0.02744	-0.026668	-0.026017	-0.026587	-0.026042	-0.027057	-0.026302	-0.026897	-0.026469
1e-06	6.65	-0.013624	-0.013393	-0.014516	-0.013723	-0.013319	-0.013628	-0.013836	-0.014168	-0.013001	-0.013289	-0.014183	-0.013228	-0.01275	-0.013318	-0.013283
1e-06	8.9	-0.0042122	-0.0038539	-0.0036019	-0.0037598	-0.0037875	-0.0038841	-0.0039393	-0.0035836	-0.0039583	-0.0040413	-0.0038896	-0.0040438	-0.0037954	-0.0037879	-0.0036048
1e-06	11.65	-0.00085075	-0.00083124	-0.00074539	-0.00094878	-0.00097166	-0.00075504	-0.00079001	-0.00081491	-0.00071291	-0.0012228	-0.00085099	-0.00075509	-0.00088861	-0.00081452	-0.00089746
3e-06	4.05	-0.053234	-0.054584	-0.054535	-0.054743	-0.054821	-0.054617	-0.055048	-0.054959	-0.054459	-0.055456	-0.054641	-0.056066	-0.054476	-0.055146	-0.055138
3e-06	5.4	-0.026535	-0.026615	-0.025897	-0.026905	-0.027526	-0.027759	-0.026965	-0.027357	-0.027565	-0.026383	-0.026682	-0.026502	-0.027774	-0.026821	-0.027349
3e-06	6.65	-0.013573	-0.014564	-0.014091	-0.014574	-0.013865	-0.014112	-0.013515	-0.014028	-0.014019	-0.014374	-0.014101	-0.014088	-0.01355	-0.014074	-0.013355
3e-06	8.9	-0.004281	-0.004121	-0.0043154	-0.0042688	-0.0040803	-0.0040657	-0.0040915	-0.0048396	-0.0039286	-0.0043169	-0.0040109	-0.0038929	-0.0040622	-0.0043331	-0.0041537
3e-06	11.65	-0.00094213	-0.0009635	-0.0010386	-0.000959	-0.00086873	-0.00090487	-0.00073241	-0.0010147	-0.00092768	-0.00085075	-0.00090654	-0.00092314	-0.00090299	-0.0009055	-0.00094442
1e-05	4.05	-0.053884	-0.052321	-0.053071	-0.052434	-0.053934	-0.053239	-0.053435	-0.053399	-0.052949	-0.052866	-0.053606	-0.053628	-0.053891	-0.053007	-0.053269
1e-05	5.4	-0.027652	-0.028554	-0.027772	-0.027605	-0.028095	-0.02807	-0.027309	-0.029049	-0.027533	-0.02824	-0.028013	-0.02803	-0.027736	-0.027968	-0.02785
1e-05	6.65	-0.014381	-0.015265	-0.014455	-0.014925	-0.013852	-0.01575	-0.015145	-0.01488	-0.014918	-0.014776	-0.014398	-0.014292	-0.014992	-0.014371	-0.014985
1e-05	8.9	-0.0048967	-0.0047052	-0.0046649	-0.0046209	-0.0043875	-0.0044986	-0.0043032	-0.004065	-0.0043582	-0.0042538	-0.0047056	-0.0046489	-0.0044435	-0.0045172	-0.0040833
1e-05	11.65	-0.00099345	-0.0011443	-0.0010085	-0.00098884	-0.001105	-0.00097875	-0.0011039	-0.00096774	-0.00097611	-0.0010762	-0.00095327	-0.00092233	-0.0010919	-0.0010556	-0.0012345
3e-05	4.05	-0.052119	-0.052097	-0.052777	-0.052548	-0.052299	-0.05222	-0.052726	-0.052995	-0.052866	-0.053527	-0.051588	-0.052326	-0.051772	-0.053176	-0.051869
3e-05	5.4	-0.029075	-0.02932	-0.027957	-0.028647	-0.029285	-0.029033	-0.029471	-0.029972	-0.029079	-0.029799	-0.029091	-0.028868	-0.029672	-0.028828	-0.028953
3e-05	6.65	-0.016132	-0.015947	-0.015776	-0.016066	-0.016622	-0.015388	-0.01579	-0.016012	-0.016111	-0.016289	-0.016106	-0.016133	-0.016318	-0.016037	-0.015592
3e-05	8.9	-0.0049616	-0.0050595	-0.0049143	-0.0054414	-0.004784	-0.0048376	-0.0054952	-0.0052618	-0.0049583	-0.0051421	-0.0050054	-0.0049234	-0.0050515	-0.0053176	-0.0050451
3e-05	11.65	-0.00099586	-0.001033	-0.0014201	-0.0012934	-0.0011569	-0.0013088	-0.0010729	-0.00099187	-0.001365	-0.0012204	-0.0014598	-0.0010101	-0.0011255	-0.001055	-0.0012225
0.0001	4.05	-0.052675	-0.052125	-0.05252	-0.051911	-0.052537	-0.052471	-0.051965	-0.052771	-0.053451	-0.053265	-0.052097	-0.052669	-0.052399	-0.051876	-0.052072
0.0001	5.4	-0.033057	-0.031942	-0.032886	-0.032889	-0.032396	-0.03227	-0.031991	-0.032826	-0.032816	-0.03219	-0.032555	-0.032364	-0.032275	-0.032518	-0.031697
0.0001	6.65	-0.019439	-0.018907	-0.019154	-0.019256	-0.019819	-0.019141	-0.019134	-0.019182	-0.019222	-0.019222	-0.01909	-0.019278	-0.019464	-0.018959	-0.019177
0.0001	8.9	-0.0069546	-0.0070245	-0.0066283	-0.0065226	-0.0069292	-0.0065755	-0.0071138	-0.0067863	-0.0070955	-0.0064434	-0.007059	-0.0069724	-0.0067999	-0.0072412	-0.0065222
0.0001	11.65	-0.0014133	-0.0014518	-0.0016327	-0.001463	-0.0015827	-0.0012682	-0.0015895	-0.0016054	-0.0016046	-0.0014566	-0.0018198	-0.0016859	-0.0018136	-0.001644	-0.0017552
0.0003	4.05	-0.049559	-0.049745	-0.048276	-0.049262	-0.048633	-0.049392	-0.049538	-0.04846	-0.048238	-0.048458	-0.049055	-0.048913	-0.048403	-0.049655	-0.048696
0.0003	5.4	-0.035228	-0.036607	-0.035586	-0.035451	-0.036627	-0.035477	-0.035558	-0.036092	-0.035831	-0.03636	-0.034991	-0.035949	-0.035224	-0.036279	-0.034855
0.0003	6.65	-0.024838	-0.023507	-0.023369	-0.023517	-0.023702	-0.024216	-0.024053	-0.02409	-0.024315	-0.023205	-0.023642	-0.023818	-0.024371	-0.02419	-0.024
0.0003	8.9	-0.010006	-0.0095038	-0.009685	-0.0099459	-0.0098274	-0.0094201	-0.010144	-0.0098933	-0.0097909	-0.010016	-0.0098524	-0.010536	-0.01007	-0.0099205	-0.010056
0.0003	11.65	-0.0028993	-0.0030469	-0.0029941	-0.0031848	-0.0034108	-0.0033731	-0.0025776	-0.0028126	-0.0027007	-0.0026193	-0.0029477	-0.0031251	-0.0031078	-0.0026286	-0.0028431
0.001	4.05	-0.033044	-0.032634	-0.032607	-0.032865	-0.032414	-0.033276	-0.032755	-0.032568	-0.032212	-0.032289	-0.032521	-0.032616	-0.032939	-0.03266	-0.032905
0.001	5.4	-0.029954	-0.03026	-0.030198	-0.030492	-0.030221	-0.030329	-0.031116	-0.03012	-0.03059	-0.030337	-0.031217	-0.03134	-0.03029	-0.029842	-0.030896
0.001	6.65	-0.025402	-0.02574	-0.026075	-0.024934	-0.025521	-0.024827	-0.024571	-0.025475	-0.025247	-0.024853	-0.025464	-0.025749	-0.024742	-0.02502	-0.02508
0.001	8.9	-0.014394	-0.015071	-0.014851	-0.014963	-0.014463	-0.014409	-0.014739	-0.014699	-0.014677	-0.014854	-0.014598	-0.014648	-0.014234	-0.014562	-0.01427
0.001	11.65	-0.0062134	-0.0058727	-0.0062113	-0.0064339	-0.0063332	-0.0059421	-0.0063362	-0.0063994	-0.0066015	-0.0064399	-0.0061976	-0.0061707	-0.0064914	-0.0061508	-0.0062896
0.004	4.05	-0.012626	-0.012177	-0.012318	-0.012577	-0.012118	-0.01188	-0.012176	-0.012254	-0.01215	-0.012735	-0.012356	-0.012309	-0.012405	-0.012007	-0.012757
0.004	5.4	-0.014195	-0.013936	-0.014156	-0.013697	-0.014256	-0.013761	-0.013912	-0.01441	-0.013655	-0.013621	-0.014047	-0.013696	-0.014739	-0.014118	-0.013738
0.004	6.65	-0.013753	-0.013524	-0.013892	-0.013532	-0.014086	-0.013471	-0.014101	-0.013964	-0.013366	-0.01412	-0.014327	-0.01446	-0.01372	-0.014286	-0.013485
0.004	8.9	-0.011111	-0.011309	-0.011334	-0.011903	-0.011579	-0.012045	-0.01149	-0.011382	-0.011521	-0.010941	-0.011051	-0.011592	-0.011742	-0.011063	-0.011177
0.004	11.65	-0.0071981	-0.0073034	-0.0075199	-0.0076125	-0.0075459	-0.0074522	-0.0081146	-0.0078561	-0.0073428	-0.0070459	-0.0076354	-0.0076628	-0.0076557	-0.0075707	-0.0074179
0.01	4.05	-0.0049456	-0.0049341	-0.0049803	-0.0049638	-0.0049788	-0.00506	-0.0048841	-0.0049172	-0.0050848	-0.0047267	-0.0048716	-0.0049254	-0.0047625	-0.0050493	-0.0047405
0.01	5.4	-0.0059979	-0.0053844	-0.0056225	-0.0058732	-0.0054914	-0.006036	-0.0057511	-0.0056458	-0.0056891	-0.0056833	-0.0056762	-0.0056764	-0.0056813	-0.0058853	-0.0054989
0.01	6.65	-0.0060091	-0.0059457	-0.0064014	-0.0061737	-0.0062145	-0.0060675	-0.006234	-0.0061964	-0.0064356	-0.0064239	-0.0063756	-0.0064908	-0.006114	-0.0060376	-0.0057579
0.01	8.9	-0.0061056	-0.0059799	-0.0060408	-0.0061643	-0.0054504	-0.0061515	-0.0060809	-0.0060523	-0.0056807	-0.0063565	-0.0056174	-0.0060555	-0.0058612	-0.0055719	-0.0063435
0.01	11.65	-0.0051099	-0.0050676	-0.0051701	-0.0050192	-0.0051243	-0.0052443	-0.0050525	-0.0051446	-0.0050733	-0.0055619	-0.005278	-0.0050899	-0.0046958	-0.005549	-0.0048036
0.02	4.05	-0.002332	-0.0022736	-0.0022291	-0.0021929	-0.0022419	-0.0021132	-0.0023084	-0.0020558	-0.0022906	-0.0021098	-0.0023829	-0.0022741	-0.0019859	-0.0020111	-0.002078
0.02	5.4	-0.0031795	-0.0027426	-0.0031816	-0.0031572	-0.0031649	-0.0032754	-0.0028936	-0.0030634	-0.0029374	-0.0031788	-0.0030262	-0.0029531	-0.0030298	-0.0030339	-0.0030489
0.02	6.65	-0.0036383	-0.0036164	-0.0033805	-0.0039763	-0.0034018	-0.003398	-0.0037462	-0.0035377	-0.0033981	-0.003593	-0.0036258	-0.0034299	-0.0036073	-0.0036024	-0.0036375
0.02	8.9	-0.0038414	-0.0039537	-0.0040148	-0.0037679	-0.0039822	-0.004022	-0.003626	-0.0036295	-0.0036592	-0.0036688	-0.0038431	-0.0038456	-0.00369	-0.0036289	-0.0037479
0.02	11.65	-0.0035981	-0.0034393	-0.0034024	-0.003336	-0.0035031	-0.0034345	-0.0035828	-0.0032226	-0.0034323	-0.0035117	-0.00327	-0.0035314	-0.0035087	-0.0033901	-0.0031895
0.05	4.05	0.00037378	0.00025572	0.00015003	0.00019667	0.00029217	0.00026877	0.0002687	0.0002352	0.00021968	0.00019188	0.00026531	0.00010175	0.00031164	0.00030421	0.00028792
0.05	5.4	-0.00042413	-0.00046818	-0.00059203	-0.00059549	-0.00050762	-0.00041294	-0.00047184	-0.0004716	-0.00038389	-0.00049872	-0.00063176	-0.00051652	-0.0004359	-0.00029744	-0.00032781
0.05	6.65	-0.00095952	-0.00076288	-0.00081794	-0.0006911	-0.0009641	-0.00083955	-0.00088132	-0.00082796	-0.00082112	-0.00092513	-0.0010289	-0.00088695	-0.0010518	-0.00078301	-0.00083758
0.05	8.9	-0.0013014	-0.0014009	-0.0011154	-0.0011007	-0.0011339	-0.00124	-0.0010578	-0.001102	-0.0010349	-0.0011518	-0.0012372	-0.00099098	-0.0011179	-0.00091447	-0.001213
0.05	11.65	-0.0012235	-0.00097962	-0.0012183	-0.0011121	-0.0011238	-0.0012862	-0.0011603	-0.0011436	-0.0012505	-0.0010601	-0.0011989	-0.0010675	-0.001154	-0.0012649	-0.0012611
0.1	4.05	0.00075484	0.00067807	0.00063298	0.00071245	0.00081682	0.00058887	0.00067806	0.00066055	0.00081447	0.00083982	0.00067976	0.00062748	0.0007327	0.00064764	0.00070022
0.1	5.4	-5.9557e-06	9.222e-06	1.3921e-06	7.2948e-06	-8.1977e-05	-9.137e-05	-2.5868e-05	-1.5487e-05	-7.795e-06	-9.3482e-05	-7.7704e-05	-4.7068e-05	-8.3055e-05	1.4129e-05	7.2984e-05
0.1	6.65	-0.0003363	-0.00035931	-0.00043332	-0.00046109	-0.00034201	-0.00045815	-0.00060907	-0.00050117	-0.00032379	-0.0005637	-0.00029871	-0.00038144	-0.0003698	-0.000384	-0.00044632
0.1	8.9	-0.0005942	-0.00070445	-0.00058529	-0.00053025	-0.00079493	-0.00057609	-0.00071328	-0.00071975	-0.0005788	-0.00062938	-0.00079897	-0.00086625	-0.00064281	-0.00067222	-0.00068206
0.1	11.65	-0.00064677	-0.00080982	-0.00076719	-0.00070492	-0.00071347	-0.00079836	-0.0007108	-0.00063291	-0.00075196	-0.00068883	-0.00068387	-0.00067389	-0.00081605	-0.00062518	-0.00088429
0.2	4.05	0.00091493	0.0009864	0.0010235	0.0008775	0.0008445	0.00095041	0.0010072	0.00097269	0.00086378	0.00091909	0.00099448	0.00094922	0.00096363	0.00094653	0.0010264
0.2	5.4	0.00035122	0.00018699	0.00029507	0.00022785	0.00019174	0.00019649	0.00029548	0.00015728	0.00019705	0.00013509	0.00020546	0.00028224	0.00032058	0.00020922	0.00023793
0.2	6.65	-0.00019758	-0.00011703	9.7426e-06	-0.00021074	-0.00018059	-7.0152e-05	-0.0001443	-0.0002317	-0.00013841	-0.00014023	-0.00023807	-0.0002587	-4.3767e-05	-9.8932e-05	-0.00014756
0.2	8.9	-0.00040405	-0.00035814	-0.00050927	-0.00046481	-0.00041313	-0.00046323	-0.0004693	-0.00052363	-0.00042307	-0.0005476	-0.0003755	-0.00043545	-0.00039311	-0.00066575	-0.00029855
0.2	11.65	-0.00048453	-0.00070406	-0.00074797	-0.00054941	-0.0005477	-0.00067853	-0.00049872	-0.00049396	-0.00061666	-0.0006026	-0.00039774	-0.00065885	-0.00053918	-0.00059864	-0.00058191
0.5	4.05	0.0014364	0.0014663	0.0013106	0.0012969	0.0013157	0.0013661	0.0013148	0.0013737	0.001298	0.0012	0.0012385	0.0013441	0.0012774	0.0013758	0.0014543
0.5	5.4	0.00052837	0.00063919	0.00045786	0.00045046	0.0006	0.00064332	0.00041735	0.0005049	0.00061237	0.00050553	0.00063389	0.00048321	0.00062304	0.00060202	0.00051438
0.5	6.65	0.00013438	6.2475e-05	3.8576e-05	1.2617e-06	6.4884e-05	0.00015673	9.0637e-05	0.00013719	0.00010315	0.00019753	2.8343e-05	8.2879e-05	-1.1635e-05	0.00013108	0.00014577
0.5	8.9	-0.00035871	-0.00012379	-0.00014823	-0.00039384	-0.00028102	-0.00024915	-0.00027815	-0.00026352	-0.00028774	-0.00037804	-0.0002223	-0.00015246	-0.0002692	-0.00044705	-0.00022394
0.5	11.65	-0.00035995	-0.00037697	-0.00033965	-0.00045067	-0.000487	-0.00050231	-0.00046217	-0.00039426	-0.00037773	-0.00033988	-0.00035447	-0.00040291	-0.00047813	-0.00030448	-0.00040674
1.0	4.05	0.0018591	0.0016907	0.0016454	0.0018059	0.0016326	0.0016538	0.0016491	0.0017957	0.0016492	0.0018818	0.0016333	0.001695	0.0017377	0.0018212	0.0016163
1.0	5.4	0.00077356	0.00087323	0.00076802	0.00076235	0.0006987	0.00072779	0.00055152	0.00068219	0.00073774	0.00088777	0.00057243	0.00077509	0.00071486	0.00063012	0.00063581
1.0	6.65	0.00022538	0.00027349	0.00023101	0.00042368	0.00030322	0.00018782	0.00021735	0.00023015	0.00026475	0.00039747	0.00025432	0.00037688	0.00030944	0.00032839	0.00045778
1.0	8.9	-0.00021177	-0.00019846	-8.4375e-05	-0.00022583	-0.00023231	-0.00025134	-0.00032446	-0.00017019	-0.00020522	-0.0002329	-9.7663e-05	-0.00017694	-0.0001717	-0.0001239	-0.00011963
1.0	11.65	-0.00038567	-0.00040304	-0.00039583	-0.00031603	-0.00037475	-0.00015426	-0.00032871	-0.00035375	-0.00029152	-0.00026249	-0.00032197	-0.00033631	-0.00045324	-0.00042229	-0.00033478