Energy MeV, radius mm	81	108	133	178	233	81+lead	Linus
2.5000E-08	4.6045E-01	3.1583E-01	2.1831E-01	9.9215E-02	3.5000E-02	4.2341E-01	6.0653E-03
1.0000E-07	7.7467E-01	5.3713E-01	3.6493E-01	1.6925E-01	5.8000E-02	6.7152E-01	1.0542E-02
3.0000E-07	1.1155E+00	7.9280E-01	5.3436E-01	2.4512E-01	8.5000E-02	9.2502E-01	1.5452E-02
1.0000E-06	1.3898E+00	1.0270E+00	7.1031E-01	3.2683E-01	1.1000E-01	1.1623E+00	2.0651E-02
3.0000E-06	1.5228E+00	1.1860E+00	8.3738E-01	3.9102E-01	1.4000E-01	1.2756E+00	2.5619E-02
1.0000E-05	1.5711E+00	1.3342E+00	9.5142E-01	4.4939E-01	1.6000E-01	1.3403E+00	2.9749E-02
3.0000E-05	1.5832E+00	1.3965E+00	1.0427E+00	5.0775E-01	1.8000E-01	1.3592E+00	3.3792E-02
1.0000E-04	1.5228E+00	1.4373E+00	1.1209E+00	5.5444E-01	1.9000E-01	1.3215E+00	4.0580E-02
3.0000E-04	1.4261E+00	1.4438E+00	1.1567E+00	5.9529E-01	2.1000E-01	1.2810E+00	4.7800E-02
1.0000E-03	1.3415E+00	1.4481E+00	1.2023E+00	6.4198E-01	2.3000E-01	1.2082E+00	5.5310E-02
3.0000E-03	1.2327E+00	1.4352E+00	1.2251E+00	6.7116E-01	2.5000E-01	1.0599E+00	6.5563E-02
1.0000E-02	1.1336E+00	1.3987E+00	1.2675E+00	7.3536E-01	2.8000E-01	1.0707E+00	7.9716E-02
3.0000E-02	1.0321E+00	1.3815E+00	1.3164E+00	8.1706E-01	3.1000E-01	1.0491E+00	1.0094E-01
1.0000E-01	9.2090E-01	1.3858E+00	1.4239E+00	9.6297E-01	4.1000E-01	9.4121E-01	1.5308E-01
3.0000E-01	7.5896E-01	1.3471E+00	1.5640E+00	1.2781E+00	6.2000E-01	8.4412E-01	3.1049E-01
1.0000E+00	4.5803E-01	1.0399E+00	1.4434E+00	1.6166E+00	1.1400E+00	5.7443E-01	7.3650E-01
4.0000E+00	1.4623E-01	4.2540E-01	7.4615E-01	1.1556E+00	1.2900E+00	2.4541E-01	1.0253E+00
1.0000E+01	4.8341E-02	1.5899E-01	3.0628E-01	6.0113E-01	8.4000E-01	2.0226E-01	6.6430E-01
2.0000E+01	2.4171E-02	8.1643E-02	1.6617E-01	3.3850E-01	5.2000E-01	1.8878E-01	4.9100E-01
5.0000E+01	9.4266E-03	3.2228E-02	6.8424E-02	1.5174E-01	2.5000E-01	3.7756E-01	4.7512E-01
1.0000E+02	6.1635E-03	2.1485E-02	4.5616E-02	9.3379E-02	1.5000E-01	3.9374E-01	4.3901E-01
2.0000E+02	5.0758E-03	1.7188E-02	3.5841E-02	7.5870E-02	1.5000E-01	4.6116E-01	4.7656E-01
5.0000E+02	4.2299E-03	1.6114E-02	3.0628E-02	7.0034E-02	1.3000E-01	6.9849E-01	6.7874E-01
1.0000E+03	6.1635E-03	1.5469E-02	3.2257E-02	7.5870E-02	1.3000E-01	1.0491E+00	9.5312E-01
