E	r	scoring	value
1.0	2.0	neubal	1.2e-05
1.0	2.0	alpha	9.5493e-11
1.0	2.0	neubal	1.2e-05
1.0	2.0	alpha	2.5465e-10
1.0	2.0	neubal	1.4e-05
1.0	2.0	alpha	7.9577e-11
1.0	2.0	neubal	2.3e-05
1.0	2.0	alpha	1.5915e-10
3e-07	2.0	neubal	-0.001591
3e-07	2.0	alpha	6.223e-09
3e-07	2.0	neubal	-0.001591
3e-07	2.0	alpha	6.5094e-09
3e-07	2.0	neubal	-0.001569
3e-07	2.0	alpha	6.6368e-09
3e-07	2.0	neubal	-0.001652
3e-07	2.0	alpha	6.6368e-09
2.5e-11	6.65	neubal	-0.000274
2.5e-11	6.65	alpha	1.2573e-09
2.5e-11	6.65	neubal	-0.000283
2.5e-11	6.65	alpha	1.2096e-09
2.5e-11	6.65	neubal	-0.000283
2.5e-11	6.65	alpha	1.0982e-09
2.5e-11	6.65	neubal	-0.000281
2.5e-11	6.65	alpha	1.6711e-09
0.01	8.9	neubal	-0.000849
0.01	8.9	alpha	3.8038e-09
0.01	8.9	neubal	-0.000835
0.01	8.9	alpha	3.5492e-09
0.01	8.9	neubal	-0.000853
0.01	8.9	alpha	3.7401e-09
0.01	8.9	neubal	-0.000851
0.01	8.9	alpha	3.7242e-09
1e-09	4.05	neubal	-0.007886
1e-09	4.05	alpha	3.3836e-08
1e-09	4.05	neubal	-0.007969
1e-09	4.05	alpha	3.4186e-08
1e-09	4.05	neubal	-0.00808
1e-09	4.05	alpha	3.5476e-08
1e-09	4.05	neubal	-0.008081
1e-09	4.05	alpha	3.5858e-08
3e-05	5.4	neubal	-0.004715
3e-05	5.4	alpha	2.0642e-08
3e-05	5.4	neubal	-0.004673
3e-05	5.4	alpha	2.0245e-08
3e-05	5.4	neubal	-0.004776
3e-05	5.4	alpha	2.0754e-08
3e-05	5.4	neubal	-0.004708
3e-05	5.4	alpha	2.0547e-08
1e-05	6.65	neubal	-0.002531
1e-05	6.65	alpha	1.1189e-08
1e-05	6.65	neubal	-0.002574
1e-05	6.65	alpha	1.1061e-08
1e-05	6.65	neubal	-0.002579
1e-05	6.65	alpha	1.095e-08
1e-05	6.65	neubal	-0.002547
1e-05	6.65	alpha	1.0966e-08
1e-06	2.0	neubal	-0.000851
1e-06	2.0	alpha	3.4696e-09
1e-06	2.0	neubal	-0.000857
1e-06	2.0	alpha	3.4855e-09
1e-06	2.0	neubal	-0.00084
1e-06	2.0	alpha	3.2627e-09
1e-06	2.0	neubal	-0.000871
1e-06	2.0	alpha	3.5651e-09
1e-08	6.65	neubal	-0.001897
1e-08	6.65	alpha	8.3397e-09
1e-08	6.65	neubal	-0.001924
1e-08	6.65	alpha	7.8623e-09
1e-08	6.65	neubal	-0.001748
1e-08	6.65	alpha	7.4962e-09
1e-08	6.65	neubal	-0.001934
1e-08	6.65	alpha	8.0214e-09
1e-06	8.9	neubal	-0.000661
1e-06	8.9	alpha	2.5465e-09
1e-06	8.9	neubal	-0.00062
1e-06	8.9	alpha	2.8489e-09
1e-06	8.9	neubal	-0.00064
1e-06	8.9	alpha	2.8966e-09
1e-06	8.9	neubal	-0.000621
1e-06	8.9	alpha	2.5146e-09
0.01	4.05	neubal	-0.000408
0.01	4.05	alpha	1.5915e-09
0.01	4.05	neubal	-0.000385
0.01	4.05	alpha	1.7348e-09
0.01	4.05	neubal	-0.00039
0.01	4.05	alpha	1.5438e-09
0.01	4.05	neubal	-0.00036
0.01	4.05	alpha	1.512e-09
1e-09	5.4	neubal	-0.002926
1e-09	5.4	alpha	1.2557e-08
1e-09	5.4	neubal	-0.003023
1e-09	5.4	alpha	1.3305e-08
1e-09	5.4	neubal	-0.003034
1e-09	5.4	alpha	1.2828e-08
1e-09	5.4	neubal	-0.002977
1e-09	5.4	alpha	1.364e-08
0.2	5.4	neubal	-5.3e-05
0.2	5.4	alpha	2.3873e-10
0.2	5.4	neubal	-6.7e-05
0.2	5.4	alpha	3.0239e-10
0.2	5.4	neubal	-5.7e-05
0.2	5.4	alpha	2.3873e-10
0.2	5.4	neubal	-5e-05
0.2	5.4	alpha	3.0239e-10
0.0001	2.0	neubal	-0.000105
0.0001	2.0	alpha	3.0239e-10
0.0001	2.0	neubal	-8.6e-05
0.0001	2.0	alpha	3.1831e-10
0.0001	2.0	neubal	-9.8e-05
0.0001	2.0	alpha	3.8197e-10
0.0001	2.0	neubal	-9.8e-05
0.0001	2.0	alpha	3.9789e-10
0.0001	5.4	neubal	-0.004884
0.0001	5.4	alpha	2.1534e-08
0.0001	5.4	neubal	-0.00499
0.0001	5.4	alpha	2.1215e-08
0.0001	5.4	neubal	-0.00485
0.0001	5.4	alpha	2.104e-08
0.0001	5.4	neubal	-0.004974
0.0001	5.4	alpha	2.112e-08
0.05	2.0	neubal	3e-06
0.05	2.0	alpha	6.3662e-11
0.05	2.0	neubal	1.2e-05
0.05	2.0	alpha	6.3662e-11
0.05	2.0	neubal	5e-06
0.05	2.0	alpha	7.9577e-11
0.05	2.0	neubal	1.1e-05
0.05	2.0	alpha	1.5915e-10
1e-06	4.05	neubal	-0.008657
1e-06	4.05	alpha	3.6717e-08
1e-06	4.05	neubal	-0.008695
1e-06	4.05	alpha	3.6892e-08
1e-06	4.05	neubal	-0.008706
1e-06	4.05	alpha	3.7306e-08
1e-06	4.05	neubal	-0.008646
1e-06	4.05	alpha	3.7895e-08
0.0003	8.9	neubal	-0.001647
0.0003	8.9	alpha	7.353e-09
0.0003	8.9	neubal	-0.001601
0.0003	8.9	alpha	7.0665e-09
0.0003	8.9	neubal	-0.001562
0.0003	8.9	alpha	6.5731e-09
0.0003	8.9	neubal	-0.001618
0.0003	8.9	alpha	6.971e-09
3e-06	5.4	neubal	-0.0047
3e-06	5.4	alpha	2.139e-08
3e-06	5.4	neubal	-0.004603
3e-06	5.4	alpha	2.0945e-08
3e-06	5.4	neubal	-0.004704
3e-06	5.4	alpha	2.1168e-08
3e-06	5.4	neubal	-0.004746
3e-06	5.4	alpha	2.0006e-08
3e-10	6.65	neubal	-0.000865
3e-10	6.65	alpha	3.6287e-09
3e-10	6.65	neubal	-0.000865
3e-10	6.65	alpha	3.7561e-09
3e-10	6.65	neubal	-0.000867
3e-10	6.65	alpha	3.6446e-09
3e-10	6.65	neubal	-0.00089
3e-10	6.65	alpha	3.7083e-09
1e-08	2.0	neubal	-0.009398
1e-08	2.0	alpha	3.8515e-08
1e-08	2.0	neubal	-0.009324
1e-08	2.0	alpha	3.9423e-08
1e-08	2.0	neubal	-0.009491
1e-08	2.0	alpha	3.8834e-08
1e-08	2.0	neubal	-0.009307
1e-08	2.0	alpha	3.8261e-08
3e-08	8.9	neubal	-0.000512
3e-08	8.9	alpha	2.2918e-09
3e-08	8.9	neubal	-0.00049
3e-08	8.9	alpha	2.4828e-09
3e-08	8.9	neubal	-0.000494
3e-08	8.9	alpha	2.1645e-09
3e-08	8.9	neubal	-0.000527
3e-08	8.9	alpha	2.3396e-09
0.5	4.05	neubal	-2.1e-05
0.5	4.05	alpha	1.9099e-10
0.5	4.05	neubal	-3.3e-05
0.5	4.05	alpha	2.5465e-10
0.5	4.05	neubal	-3e-05
0.5	4.05	alpha	2.8648e-10
0.5	4.05	neubal	-1.9e-05
0.5	4.05	alpha	1.4324e-10
3e-09	2.0	neubal	-0.017261
3e-09	2.0	alpha	7.2686e-08
3e-09	2.0	neubal	-0.017309
3e-09	2.0	alpha	7.24e-08
3e-09	2.0	neubal	-0.017151
3e-09	2.0	alpha	7.1031e-08
3e-09	2.0	neubal	-0.017133
3e-09	2.0	alpha	7.2368e-08
0.2	8.9	neubal	-0.000101
0.2	8.9	alpha	4.138e-10
0.2	8.9	neubal	-0.000109
0.2	8.9	alpha	4.6155e-10
0.2	8.9	neubal	-9.7e-05
0.2	8.9	alpha	4.7746e-10
0.2	8.9	neubal	-8.5e-05
0.2	8.9	alpha	4.138e-10
0.004	4.05	neubal	-0.001168
0.004	4.05	alpha	5.2362e-09
0.004	4.05	neubal	-0.001217
0.004	4.05	alpha	5.2203e-09
0.004	4.05	neubal	-0.001226
0.004	4.05	alpha	5.0452e-09
0.004	4.05	neubal	-0.001206
0.004	4.05	alpha	5.3158e-09
3e-06	8.9	neubal	-0.00065
3e-06	8.9	alpha	2.9285e-09
3e-06	8.9	neubal	-0.000667
3e-06	8.9	alpha	2.9125e-09
3e-06	8.9	neubal	-0.000639
3e-06	8.9	alpha	2.8648e-09
3e-06	8.9	neubal	-0.000684
3e-06	8.9	alpha	3.0399e-09
1.0	6.65	neubal	-6e-05
1.0	6.65	alpha	3.9789e-10
1.0	6.65	neubal	-7.6e-05
1.0	6.65	alpha	5.093e-10
1.0	6.65	neubal	-8e-05
1.0	6.65	alpha	3.6606e-10
1.0	6.65	neubal	-7.2e-05
1.0	6.65	alpha	2.5465e-10
1.0	8.9	neubal	-9.2e-05
1.0	8.9	alpha	4.2972e-10
1.0	8.9	neubal	-9.1e-05
1.0	8.9	alpha	4.9338e-10
1.0	8.9	neubal	-9e-05
1.0	8.9	alpha	2.3873e-10
1.0	8.9	neubal	-0.000111
1.0	8.9	alpha	4.4563e-10
3e-10	11.65	neubal	-3.4e-05
3e-10	11.65	alpha	1.1141e-10
3e-10	11.65	neubal	-3.7e-05
3e-10	11.65	alpha	1.2732e-10
3e-10	11.65	neubal	-4.5e-05
3e-10	11.65	alpha	1.9099e-10
3e-10	11.65	neubal	-4e-05
3e-10	11.65	alpha	2.3873e-10
2.5e-11	8.9	neubal	-6.9e-05
2.5e-11	8.9	alpha	2.069e-10
2.5e-11	8.9	neubal	-5.5e-05
2.5e-11	8.9	alpha	2.2282e-10
2.5e-11	8.9	neubal	-7.3e-05
2.5e-11	8.9	alpha	3.8197e-10
2.5e-11	8.9	neubal	-6.1e-05
2.5e-11	8.9	alpha	2.3873e-10
1e-09	11.65	neubal	-4.7e-05
1e-09	11.65	alpha	1.9099e-10
1e-09	11.65	neubal	-4e-05
1e-09	11.65	alpha	2.2282e-10
1e-09	11.65	neubal	-5.7e-05
1e-09	11.65	alpha	2.2282e-10
1e-09	11.65	neubal	-5.6e-05
1e-09	11.65	alpha	1.7507e-10
0.001	2.0	neubal	-1.5e-05
0.001	2.0	alpha	6.3662e-11
0.001	2.0	neubal	-1.2e-05
0.001	2.0	alpha	3.1831e-11
0.001	2.0	neubal	-1.3e-05
0.001	2.0	alpha	6.3662e-11
0.001	2.0	neubal	-1.6e-05
0.001	2.0	alpha	3.1831e-11
2.5e-11	2.0	neubal	-0.16895
2.5e-11	2.0	alpha	7.1416e-07
2.5e-11	2.0	neubal	-0.16978
2.5e-11	2.0	alpha	7.1615e-07
2.5e-11	2.0	neubal	-0.16936
2.5e-11	2.0	alpha	7.2287e-07
2.5e-11	2.0	neubal	-0.16959
2.5e-11	2.0	alpha	7.1863e-07
1e-10	4.05	neubal	-0.003529
1e-10	4.05	alpha	1.5581e-08
1e-10	4.05	neubal	-0.003645
1e-10	4.05	alpha	1.5693e-08
1e-10	4.05	neubal	-0.003542
1e-10	4.05	alpha	1.5136e-08
1e-10	4.05	neubal	-0.003546
1e-10	4.05	alpha	1.5756e-08
0.0003	2.0	neubal	-4.9e-05
0.0003	2.0	alpha	2.2282e-10
0.0003	2.0	neubal	-4.7e-05
0.0003	2.0	alpha	1.1141e-10
0.0003	2.0	neubal	-4.4e-05
0.0003	2.0	alpha	7.9577e-11
0.0003	2.0	neubal	-4.9e-05
0.0003	2.0	alpha	1.4324e-10
2.5e-11	11.65	neubal	-1.5e-05
2.5e-11	11.65	alpha	9.5493e-11
2.5e-11	11.65	neubal	-1e-05
2.5e-11	11.65	alpha	4.7746e-11
2.5e-11	11.65	neubal	-1e-05
2.5e-11	11.65	alpha	3.1831e-11
2.5e-11	11.65	neubal	-1.3e-05
2.5e-11	11.65	alpha	7.9577e-11
3e-05	11.65	neubal	-0.000153
3e-05	11.65	alpha	5.5704e-10
3e-05	11.65	neubal	-0.000166
3e-05	11.65	alpha	7.7986e-10
3e-05	11.65	neubal	-0.000189
3e-05	11.65	alpha	6.5254e-10
3e-05	11.65	neubal	-0.000185
3e-05	11.65	alpha	8.2761e-10
0.2	11.65	neubal	-8.4e-05
0.2	11.65	alpha	4.2972e-10
0.2	11.65	neubal	-9e-05
0.2	11.65	alpha	3.3423e-10
0.2	11.65	neubal	-8.4e-05
0.2	11.65	alpha	3.6606e-10
0.2	11.65	neubal	-9.1e-05
0.2	11.65	alpha	4.7746e-10
3e-06	6.65	neubal	-0.002518
3e-06	6.65	alpha	1.1459e-08
3e-06	6.65	neubal	-0.002499
3e-06	6.65	alpha	1.1236e-08
3e-06	6.65	neubal	-0.002556
3e-06	6.65	alpha	1.1141e-08
3e-06	6.65	neubal	-0.002509
3e-06	6.65	alpha	1.0568e-08
0.001	8.9	neubal	-0.002306
0.001	8.9	alpha	1.0265e-08
0.001	8.9	neubal	-0.002131
0.001	8.9	alpha	9.5652e-09
0.001	8.9	neubal	-0.002212
0.001	8.9	alpha	9.9313e-09
0.001	8.9	neubal	-0.002165
0.001	8.9	alpha	9.3106e-09
0.01	11.65	neubal	-0.000676
0.01	11.65	alpha	2.8648e-09
0.01	11.65	neubal	-0.000743
0.01	11.65	alpha	3.008e-09
0.01	11.65	neubal	-0.000762
0.01	11.65	alpha	3.3263e-09
0.01	11.65	neubal	-0.000715
0.01	11.65	alpha	3.0558e-09
0.5	6.65	neubal	-7.7e-05
0.5	6.65	alpha	3.8197e-10
0.5	6.65	neubal	-6.6e-05
0.5	6.65	alpha	2.3873e-10
0.5	6.65	neubal	-6.5e-05
0.5	6.65	alpha	3.8197e-10
0.5	6.65	neubal	-7.1e-05
0.5	6.65	alpha	3.0239e-10
0.1	2.0	neubal	6e-06
0.1	2.0	alpha	0.0
0.1	2.0	neubal	9e-06
0.1	2.0	alpha	9.5493e-11
0.1	2.0	neubal	8e-06
0.1	2.0	alpha	1.2732e-10
0.1	2.0	neubal	3e-06
0.1	2.0	alpha	1.1141e-10
3e-08	11.65	neubal	-8.7e-05
3e-08	11.65	alpha	3.1831e-10
3e-08	11.65	neubal	-9.1e-05
3e-08	11.65	alpha	4.7746e-10
3e-08	11.65	neubal	-8.3e-05
3e-08	11.65	alpha	3.9789e-10
3e-08	11.65	neubal	-7.6e-05
3e-08	11.65	alpha	3.3423e-10
0.0001	8.9	neubal	-0.00112
0.0001	8.9	alpha	4.5837e-09
0.0001	8.9	neubal	-0.001079
0.0001	8.9	alpha	4.4404e-09
0.0001	8.9	neubal	-0.001144
0.0001	8.9	alpha	5.077e-09
0.0001	8.9	neubal	-0.001054
0.0001	8.9	alpha	4.711e-09
3e-09	6.65	neubal	-0.001518
3e-09	6.65	alpha	6.78e-09
3e-09	6.65	neubal	-0.001509
3e-09	6.65	alpha	6.589e-09
3e-09	6.65	neubal	-0.001515
3e-09	6.65	alpha	6.5094e-09
3e-09	6.65	neubal	-0.001542
3e-09	6.65	alpha	6.6049e-09
0.1	8.9	neubal	-0.00013
0.1	8.9	alpha	7.0028e-10
0.1	8.9	neubal	-0.000132
0.1	8.9	alpha	3.8197e-10
0.1	8.9	neubal	-0.000139
0.1	8.9	alpha	5.2521e-10
0.1	8.9	neubal	-0.000143
0.1	8.9	alpha	7.7986e-10
0.0003	6.65	neubal	-0.003702
0.0003	6.65	alpha	1.5486e-08
0.0003	6.65	neubal	-0.003639
0.0003	6.65	alpha	1.6329e-08
0.0003	6.65	neubal	-0.003608
0.0003	6.65	alpha	1.5056e-08
0.0003	6.65	neubal	-0.003635
0.0003	6.65	alpha	1.5358e-08
1e-07	2.0	neubal	-0.003046
1e-07	2.0	alpha	1.2414e-08
1e-07	2.0	neubal	-0.002973
1e-07	2.0	alpha	1.235e-08
1e-07	2.0	neubal	-0.002945
1e-07	2.0	alpha	1.2096e-08
1e-07	2.0	neubal	-0.002997
1e-07	2.0	alpha	1.1809e-08
0.004	8.9	neubal	-0.001625
0.004	8.9	alpha	6.7482e-09
0.004	8.9	neubal	-0.001595
0.004	8.9	alpha	6.9392e-09
0.004	8.9	neubal	-0.001672
0.004	8.9	alpha	7.7986e-09
0.004	8.9	neubal	-0.001592
0.004	8.9	alpha	6.6527e-09
3e-08	6.65	neubal	-0.00207
3e-08	6.65	alpha	9.0877e-09
3e-08	6.65	neubal	-0.002024
3e-08	6.65	alpha	8.8013e-09
3e-08	6.65	neubal	-0.002035
3e-08	6.65	alpha	8.6103e-09
3e-08	6.65	neubal	-0.002081
3e-08	6.65	alpha	8.8968e-09
3e-07	11.65	neubal	-0.000107
3e-07	11.65	alpha	4.2972e-10
3e-07	11.65	neubal	-9.7e-05
3e-07	11.65	alpha	3.8197e-10
3e-07	11.65	neubal	-0.000115
3e-07	11.65	alpha	5.2521e-10
3e-07	11.65	neubal	-0.000113
3e-07	11.65	alpha	5.8887e-10
1e-07	6.65	neubal	-0.0022
1e-07	6.65	alpha	9.1196e-09
1e-07	6.65	neubal	-0.002168
1e-07	6.65	alpha	8.6421e-09
1e-07	6.65	neubal	-0.002217
1e-07	6.65	alpha	9.6607e-09
1e-07	6.65	neubal	-0.002168
1e-07	6.65	alpha	8.9286e-09
0.004	11.65	neubal	-0.001128
0.004	11.65	alpha	4.902e-09
0.004	11.65	neubal	-0.001137
0.004	11.65	alpha	4.5837e-09
0.004	11.65	neubal	-0.001086
0.004	11.65	alpha	4.6314e-09
0.004	11.65	neubal	-0.001099
0.004	11.65	alpha	5.2203e-09
3e-06	11.65	neubal	-0.00014
3e-06	11.65	alpha	7.0028e-10
3e-06	11.65	neubal	-0.000143
3e-06	11.65	alpha	7.162e-10
3e-06	11.65	neubal	-0.000128
3e-06	11.65	alpha	4.6155e-10
3e-06	11.65	neubal	-0.000139
3e-06	11.65	alpha	5.7296e-10
0.5	11.65	neubal	-8.5e-05
0.5	11.65	alpha	3.6606e-10
0.5	11.65	neubal	-8.8e-05
0.5	11.65	alpha	4.4563e-10
0.5	11.65	neubal	-0.00011
0.5	11.65	alpha	3.6606e-10
0.5	11.65	neubal	-9.3e-05
0.5	11.65	alpha	3.9789e-10
1e-08	4.05	neubal	-0.010147
1e-08	4.05	alpha	4.4261e-08
1e-08	4.05	neubal	-0.010202
1e-08	4.05	alpha	4.4993e-08
1e-08	4.05	neubal	-0.010237
1e-08	4.05	alpha	4.4134e-08
1e-08	4.05	neubal	-0.010091
1e-08	4.05	alpha	4.4372e-08
0.02	5.4	neubal	-0.000398
0.02	5.4	alpha	1.9417e-09
0.02	5.4	neubal	-0.000387
0.02	5.4	alpha	2.1008e-09
0.02	5.4	neubal	-0.000398
0.02	5.4	alpha	1.7189e-09
0.02	5.4	neubal	-0.000382
0.02	5.4	alpha	1.6075e-09
1e-07	11.65	neubal	-9.4e-05
1e-07	11.65	alpha	3.6606e-10
1e-07	11.65	neubal	-0.000101
1e-07	11.65	alpha	4.138e-10
1e-07	11.65	neubal	-0.000109
1e-07	11.65	alpha	6.0479e-10
1e-07	11.65	neubal	-9.5e-05
1e-07	11.65	alpha	5.093e-10
0.01	6.65	neubal	-0.000837
0.01	6.65	alpha	4.1699e-09
0.01	6.65	neubal	-0.000799
0.01	6.65	alpha	3.0717e-09
0.01	6.65	neubal	-0.000805
0.01	6.65	alpha	3.6446e-09
0.01	6.65	neubal	-0.000825
0.01	6.65	alpha	3.4855e-09
0.02	11.65	neubal	-0.000489
0.02	11.65	alpha	2.1486e-09
0.02	11.65	neubal	-0.000454
0.02	11.65	alpha	1.9417e-09
0.02	11.65	neubal	-0.000503
0.02	11.65	alpha	1.9258e-09
0.02	11.65	neubal	-0.00046
0.02	11.65	alpha	2.0531e-09
3e-09	5.4	neubal	-0.003495
3e-09	5.4	alpha	1.5422e-08
3e-09	5.4	neubal	-0.003522
3e-09	5.4	alpha	1.5279e-08
3e-09	5.4	neubal	-0.003559
3e-09	5.4	alpha	1.574e-08
3e-09	5.4	neubal	-0.003557
3e-09	5.4	alpha	1.6011e-08
0.02	4.05	neubal	-0.000216
0.02	4.05	alpha	8.2761e-10
0.02	4.05	neubal	-0.000226
0.02	4.05	alpha	7.9577e-10
0.02	4.05	neubal	-0.000216
0.02	4.05	alpha	1.0982e-09
0.02	4.05	neubal	-0.000252
0.02	4.05	alpha	1.2255e-09
1e-05	4.05	neubal	-0.007579
1e-05	4.05	alpha	3.1895e-08
1e-05	4.05	neubal	-0.007576
1e-05	4.05	alpha	3.2293e-08
1e-05	4.05	neubal	-0.007448
1e-05	4.05	alpha	3.1958e-08
1e-05	4.05	neubal	-0.007539
1e-05	4.05	alpha	3.2531e-08
3e-09	4.05	neubal	-0.009347
3e-09	4.05	alpha	4.0585e-08
3e-09	4.05	neubal	-0.009042
3e-09	4.05	alpha	3.7767e-08
3e-09	4.05	neubal	-0.009169
3e-09	4.05	alpha	3.9725e-08
3e-09	4.05	neubal	-0.009158
3e-09	4.05	alpha	3.9279e-08
1e-09	8.9	neubal	-0.000291
1e-09	8.9	alpha	1.0504e-09
1e-09	8.9	neubal	-0.000267
1e-09	8.9	alpha	1.3528e-09
1e-09	8.9	neubal	-0.000256
1e-09	8.9	alpha	1.1777e-09
1e-09	8.9	neubal	-0.00028
1e-09	8.9	alpha	1.2096e-09
0.0001	11.65	neubal	-0.00025
0.0001	11.65	alpha	1.2732e-09
0.0001	11.65	neubal	-0.000241
0.0001	11.65	alpha	1.0982e-09
0.0001	11.65	neubal	-0.00023
0.0001	11.65	alpha	9.0718e-10
0.0001	11.65	neubal	-0.000263
0.0001	11.65	alpha	1.2096e-09
0.1	4.05	neubal	-4.2e-05
0.1	4.05	alpha	1.5915e-10
0.1	4.05	neubal	-4.2e-05
0.1	4.05	alpha	2.069e-10
0.1	4.05	neubal	-5.9e-05
0.1	4.05	alpha	2.7056e-10
0.1	4.05	neubal	-5.7e-05
0.1	4.05	alpha	2.5465e-10
0.5	2.0	neubal	1.4e-05
0.5	2.0	alpha	1.4324e-10
0.5	2.0	neubal	1.2e-05
0.5	2.0	alpha	9.5493e-11
0.5	2.0	neubal	8e-06
0.5	2.0	alpha	1.1141e-10
0.5	2.0	neubal	1.1e-05
0.5	2.0	alpha	9.5493e-11
0.1	11.65	neubal	-0.00012
0.1	11.65	alpha	5.4113e-10
0.1	11.65	neubal	-0.000124
0.1	11.65	alpha	6.207e-10
0.1	11.65	neubal	-0.000111
0.1	11.65	alpha	5.5704e-10
0.1	11.65	neubal	-0.000139
0.1	11.65	alpha	6.0479e-10
2.5e-11	4.05	neubal	-0.00185
2.5e-11	4.05	alpha	8.0851e-09
2.5e-11	4.05	neubal	-0.00182
2.5e-11	4.05	alpha	7.2893e-09
2.5e-11	4.05	neubal	-0.001768
2.5e-11	4.05	alpha	7.9577e-09
2.5e-11	4.05	neubal	-0.001832
2.5e-11	4.05	alpha	7.9737e-09
1.0	4.05	neubal	-3.4e-05
1.0	4.05	alpha	2.7056e-10
1.0	4.05	neubal	-2.3e-05
1.0	4.05	alpha	2.069e-10
1.0	4.05	neubal	-2.2e-05
1.0	4.05	alpha	1.7507e-10
1.0	4.05	neubal	-3.3e-05
1.0	4.05	alpha	2.5465e-10
3e-05	4.05	neubal	-0.007059
3e-05	4.05	alpha	3.0351e-08
3e-05	4.05	neubal	-0.007042
3e-05	4.05	alpha	3.1274e-08
3e-05	4.05	neubal	-0.006954
3e-05	4.05	alpha	2.9269e-08
3e-05	4.05	neubal	-0.007143
3e-05	4.05	alpha	3.086e-08
0.004	6.65	neubal	-0.001937
0.004	6.65	alpha	8.483e-09
0.004	6.65	neubal	-0.001904
0.004	6.65	alpha	7.9737e-09
0.004	6.65	neubal	-0.001919
0.004	6.65	alpha	8.7376e-09
0.004	6.65	neubal	-0.001914
0.004	6.65	alpha	8.6739e-09
0.02	8.9	neubal	-0.000559
0.02	8.9	alpha	2.1804e-09
0.02	8.9	neubal	-0.000527
0.02	8.9	alpha	2.3077e-09
0.02	8.9	neubal	-0.000511
0.02	8.9	alpha	2.1486e-09
0.02	8.9	neubal	-0.000536
0.02	8.9	alpha	2.3873e-09
1e-07	8.9	neubal	-0.000531
1e-07	8.9	alpha	2.4828e-09
1e-07	8.9	neubal	-0.000573
1e-07	8.9	alpha	2.3555e-09
1e-07	8.9	neubal	-0.000527
1e-07	8.9	alpha	2.3077e-09
1e-07	8.9	neubal	-0.000515
1e-07	8.9	alpha	2.1168e-09
1e-06	5.4	neubal	-0.004841
1e-06	5.4	alpha	2.1056e-08
1e-06	5.4	neubal	-0.004667
1e-06	5.4	alpha	2.026e-08
1e-06	5.4	neubal	-0.004784
1e-06	5.4	alpha	2.1215e-08
1e-06	5.4	neubal	-0.00467
1e-06	5.4	alpha	2.1263e-08
3e-07	8.9	neubal	-0.000605
3e-07	8.9	alpha	2.7056e-09
3e-07	8.9	neubal	-0.000603
3e-07	8.9	alpha	2.3077e-09
3e-07	8.9	neubal	-0.00056
3e-07	8.9	alpha	2.4192e-09
3e-07	8.9	neubal	-0.000555
3e-07	8.9	alpha	2.4032e-09
0.001	6.65	neubal	-0.003546
0.001	6.65	alpha	1.5613e-08
0.001	6.65	neubal	-0.003566
0.001	6.65	alpha	1.4945e-08
0.001	6.65	neubal	-0.003582
0.001	6.65	alpha	1.5167e-08
0.001	6.65	neubal	-0.003601
0.001	6.65	alpha	1.5104e-08
3e-09	8.9	neubal	-0.000364
3e-09	8.9	alpha	1.703e-09
3e-09	8.9	neubal	-0.000324
3e-09	8.9	alpha	1.2892e-09
3e-09	8.9	neubal	-0.000367
3e-09	8.9	alpha	1.5279e-09
3e-09	8.9	neubal	-0.000354
3e-09	8.9	alpha	1.6075e-09
3e-10	5.4	neubal	-0.002145
3e-10	5.4	alpha	9.6766e-09
3e-10	5.4	neubal	-0.00218
3e-10	5.4	alpha	9.8358e-09
3e-10	5.4	neubal	-0.002243
3e-10	5.4	alpha	9.6607e-09
3e-10	5.4	neubal	-0.002167
3e-10	5.4	alpha	9.7562e-09
1e-05	5.4	neubal	-0.004728
1e-05	5.4	alpha	2.0324e-08
1e-05	5.4	neubal	-0.004635
1e-05	5.4	alpha	1.9369e-08
1e-05	5.4	neubal	-0.004552
1e-05	5.4	alpha	2.0197e-08
1e-05	5.4	neubal	-0.0047
1e-05	5.4	alpha	2.034e-08
0.004	5.4	neubal	-0.001675
0.004	5.4	alpha	6.9392e-09
0.004	5.4	neubal	-0.001736
0.004	5.4	alpha	8.3079e-09
0.004	5.4	neubal	-0.001724
0.004	5.4	alpha	6.8118e-09
0.004	5.4	neubal	-0.001755
0.004	5.4	alpha	7.9418e-09
0.001	4.05	neubal	-0.003549
0.001	4.05	alpha	1.4435e-08
0.001	4.05	neubal	-0.003542
0.001	4.05	alpha	1.5963e-08
0.001	4.05	neubal	-0.003565
0.001	4.05	alpha	1.5072e-08
0.001	4.05	neubal	-0.003675
0.001	4.05	alpha	1.5629e-08
3e-08	4.05	neubal	-0.010091
3e-08	4.05	alpha	4.4914e-08
3e-08	4.05	neubal	-0.010048
3e-08	4.05	alpha	4.4468e-08
3e-08	4.05	neubal	-0.010042
3e-08	4.05	alpha	4.3004e-08
3e-08	4.05	neubal	-0.010185
3e-08	4.05	alpha	4.4245e-08
3e-06	2.0	neubal	-0.000529
3e-06	2.0	alpha	1.9894e-09
3e-06	2.0	neubal	-0.000524
3e-06	2.0	alpha	1.6075e-09
3e-06	2.0	neubal	-0.000523
3e-06	2.0	alpha	2.2123e-09
3e-06	2.0	neubal	-0.000505
3e-06	2.0	alpha	2.1168e-09
0.05	11.65	neubal	-0.000194
0.05	11.65	alpha	8.9127e-10
0.05	11.65	neubal	-0.0002
0.05	11.65	alpha	8.4352e-10
0.05	11.65	neubal	-0.000186
0.05	11.65	alpha	8.1169e-10
0.05	11.65	neubal	-0.000188
0.05	11.65	alpha	7.3211e-10
0.2	4.05	neubal	-1.7e-05
0.2	4.05	alpha	9.5493e-11
0.2	4.05	neubal	-3.6e-05
0.2	4.05	alpha	1.9099e-10
0.2	4.05	neubal	-3.5e-05
0.2	4.05	alpha	1.7507e-10
0.2	4.05	neubal	-2.4e-05
0.2	4.05	alpha	2.2282e-10
0.0001	6.65	neubal	-0.003248
0.0001	6.65	alpha	1.4053e-08
0.0001	6.65	neubal	-0.003154
0.0001	6.65	alpha	1.4053e-08
0.0001	6.65	neubal	-0.003114
0.0001	6.65	alpha	1.3289e-08
0.0001	6.65	neubal	-0.003183
0.0001	6.65	alpha	1.4069e-08
1e-06	6.65	neubal	-0.002451
1e-06	6.65	alpha	1.0281e-08
1e-06	6.65	neubal	-0.002429
1e-06	6.65	alpha	1.009e-08
1e-06	6.65	neubal	-0.002495
1e-06	6.65	alpha	1.1284e-08
1e-06	6.65	neubal	-0.002374
1e-06	6.65	alpha	9.9949e-09
0.05	4.05	neubal	-5.6e-05
0.05	4.05	alpha	2.8648e-10
0.05	4.05	neubal	-6.3e-05
0.05	4.05	alpha	2.5465e-10
0.05	4.05	neubal	-6.4e-05
0.05	4.05	alpha	3.5014e-10
0.05	4.05	neubal	-6.3e-05
0.05	4.05	alpha	3.1831e-10
1e-10	11.65	neubal	-2.3e-05
1e-10	11.65	alpha	1.2732e-10
1e-10	11.65	neubal	-1.7e-05
1e-10	11.65	alpha	1.4324e-10
1e-10	11.65	neubal	-1.9e-05
1e-10	11.65	alpha	6.3662e-11
1e-10	11.65	neubal	-2.6e-05
1e-10	11.65	alpha	1.2732e-10
3e-10	4.05	neubal	-0.006054
3e-10	4.05	alpha	2.7056e-08
3e-10	4.05	neubal	-0.005962
3e-10	4.05	alpha	2.6006e-08
3e-10	4.05	neubal	-0.005979
3e-10	4.05	alpha	2.642e-08
3e-10	4.05	neubal	-0.006083
3e-10	4.05	alpha	2.5974e-08
2.5e-11	5.4	neubal	-0.000692
2.5e-11	5.4	alpha	2.8807e-09
2.5e-11	5.4	neubal	-0.00067
2.5e-11	5.4	alpha	3.1513e-09
2.5e-11	5.4	neubal	-0.000661
2.5e-11	5.4	alpha	2.6261e-09
2.5e-11	5.4	neubal	-0.000679
2.5e-11	5.4	alpha	3.2149e-09
0.02	2.0	neubal	1e-06
0.02	2.0	alpha	4.7746e-11
0.02	2.0	neubal	4e-06
0.02	2.0	alpha	0.0
0.02	2.0	neubal	1e-06
0.02	2.0	alpha	4.7746e-11
0.02	2.0	neubal	3e-06
0.02	2.0	alpha	4.7746e-11
0.05	5.4	neubal	-0.000135
0.05	5.4	alpha	6.6845e-10
0.05	5.4	neubal	-0.000111
0.05	5.4	alpha	5.4113e-10
0.05	5.4	neubal	-0.000124
0.05	5.4	alpha	5.093e-10
0.05	5.4	neubal	-0.000148
0.05	5.4	alpha	7.162e-10
0.5	5.4	neubal	-4.3e-05
0.5	5.4	alpha	3.1831e-10
0.5	5.4	neubal	-5e-05
0.5	5.4	alpha	3.5014e-10
0.5	5.4	neubal	-6.6e-05
0.5	5.4	alpha	3.9789e-10
0.5	5.4	neubal	-6.2e-05
0.5	5.4	alpha	3.5014e-10
1e-08	8.9	neubal	-0.000431
1e-08	8.9	alpha	1.7507e-09
1e-08	8.9	neubal	-0.000422
1e-08	8.9	alpha	1.7985e-09
1e-08	8.9	neubal	-0.0004
1e-08	8.9	alpha	1.6393e-09
1e-08	8.9	neubal	-0.000422
1e-08	8.9	alpha	1.8621e-09
0.01	5.4	neubal	-0.000634
0.01	5.4	alpha	2.8489e-09
0.01	5.4	neubal	-0.000608
0.01	5.4	alpha	2.6897e-09
0.01	5.4	neubal	-0.000668
0.01	5.4	alpha	2.7375e-09
0.01	5.4	neubal	-0.000697
0.01	5.4	alpha	3.1831e-09
1e-08	11.65	neubal	-8.6e-05
1e-08	11.65	alpha	3.0239e-10
1e-08	11.65	neubal	-8.1e-05
1e-08	11.65	alpha	2.8648e-10
1e-08	11.65	neubal	-8.6e-05
1e-08	11.65	alpha	3.5014e-10
1e-08	11.65	neubal	-7.6e-05
1e-08	11.65	alpha	3.0239e-10
3e-06	4.05	neubal	-0.008075
3e-06	4.05	alpha	3.4664e-08
3e-06	4.05	neubal	-0.008072
3e-06	4.05	alpha	3.4982e-08
3e-06	4.05	neubal	-0.008164
3e-06	4.05	alpha	3.4489e-08
3e-06	4.05	neubal	-0.008206
3e-06	4.05	alpha	3.4998e-08
0.1	6.65	neubal	-0.000115
0.1	6.65	alpha	4.4563e-10
0.1	6.65	neubal	-0.000118
0.1	6.65	alpha	6.207e-10
0.1	6.65	neubal	-0.000101
0.1	6.65	alpha	4.7746e-10
0.1	6.65	neubal	-0.000114
0.1	6.65	alpha	4.2972e-10
0.004	2.0	neubal	-4.4e-05
0.004	2.0	alpha	1.7507e-10
0.004	2.0	neubal	-3.4e-05
0.004	2.0	alpha	1.4324e-10
0.004	2.0	neubal	-3.1e-05
0.004	2.0	alpha	1.4324e-10
0.004	2.0	neubal	-1.3e-05
0.004	2.0	alpha	7.9577e-11
1e-07	4.05	neubal	-0.010088
1e-07	4.05	alpha	4.5693e-08
1e-07	4.05	neubal	-0.009699
1e-07	4.05	alpha	4.1126e-08
1e-07	4.05	neubal	-0.009882
1e-07	4.05	alpha	4.2574e-08
1e-07	4.05	neubal	-0.009962
1e-07	4.05	alpha	4.4372e-08
3e-05	8.9	neubal	-0.0008
3e-05	8.9	alpha	3.0876e-09
3e-05	8.9	neubal	-0.000834
3e-05	8.9	alpha	3.4059e-09
3e-05	8.9	neubal	-0.000817
3e-05	8.9	alpha	3.6128e-09
3e-05	8.9	neubal	-0.000804
3e-05	8.9	alpha	3.6924e-09
1e-07	5.4	neubal	-0.004728
1e-07	5.4	alpha	1.9847e-08
1e-07	5.4	neubal	-0.004856
1e-07	5.4	alpha	2.2059e-08
1e-07	5.4	neubal	-0.004692
1e-07	5.4	alpha	2.0245e-08
1e-07	5.4	neubal	-0.004615
1e-07	5.4	alpha	1.9815e-08
1e-08	5.4	neubal	-0.004234
1e-08	5.4	alpha	1.843e-08
1e-08	5.4	neubal	-0.004279
1e-08	5.4	alpha	1.8032e-08
1e-08	5.4	neubal	-0.004368
1e-08	5.4	alpha	1.8621e-08
1e-08	5.4	neubal	-0.004242
1e-08	5.4	alpha	1.9035e-08
0.0001	4.05	neubal	-0.006462
0.0001	4.05	alpha	2.7916e-08
0.0001	4.05	neubal	-0.006483
0.0001	4.05	alpha	2.7056e-08
0.0001	4.05	neubal	-0.006595
0.0001	4.05	alpha	2.8775e-08
0.0001	4.05	neubal	-0.006509
0.0001	4.05	alpha	2.8441e-08
1.0	11.65	neubal	-8.9e-05
1.0	11.65	alpha	3.1831e-10
1.0	11.65	neubal	-0.000101
1.0	11.65	alpha	3.9789e-10
1.0	11.65	neubal	-9.9e-05
1.0	11.65	alpha	4.6155e-10
1.0	11.65	neubal	-0.000101
1.0	11.65	alpha	4.138e-10
3e-08	5.4	neubal	-0.00446
3e-08	5.4	alpha	1.9735e-08
3e-08	5.4	neubal	-0.004631
3e-08	5.4	alpha	2.1056e-08
3e-08	5.4	neubal	-0.004442
3e-08	5.4	alpha	1.8796e-08
3e-08	5.4	neubal	-0.004608
3e-08	5.4	alpha	1.913e-08
1e-09	6.65	neubal	-0.001266
1e-09	6.65	alpha	5.9206e-09
1e-09	6.65	neubal	-0.001162
1e-09	6.65	alpha	5.1566e-09
1e-09	6.65	neubal	-0.001184
1e-09	6.65	alpha	5.4431e-09
1e-09	6.65	neubal	-0.00124
1e-09	6.65	alpha	5.7614e-09
3e-10	2.0	neubal	-0.047697
3e-10	2.0	alpha	1.9816e-07
3e-10	2.0	neubal	-0.048161
3e-10	2.0	alpha	2.0132e-07
3e-10	2.0	neubal	-0.047928
3e-10	2.0	alpha	1.9972e-07
3e-10	2.0	neubal	-0.048081
3e-10	2.0	alpha	2.0127e-07
3e-09	11.65	neubal	-6.2e-05
3e-09	11.65	alpha	2.5465e-10
3e-09	11.65	neubal	-5.9e-05
3e-09	11.65	alpha	3.3423e-10
3e-09	11.65	neubal	-6.5e-05
3e-09	11.65	alpha	2.2282e-10
3e-09	11.65	neubal	-6.1e-05
3e-09	11.65	alpha	4.4563e-10
3e-07	4.05	neubal	-0.009413
3e-07	4.05	alpha	4.0569e-08
3e-07	4.05	neubal	-0.009128
3e-07	4.05	alpha	3.8436e-08
3e-07	4.05	neubal	-0.009471
3e-07	4.05	alpha	4.1269e-08
3e-07	4.05	neubal	-0.009302
3e-07	4.05	alpha	4.0059e-08
3e-10	8.9	neubal	-0.000215
3e-10	8.9	alpha	8.5944e-10
3e-10	8.9	neubal	-0.000198
3e-10	8.9	alpha	8.4352e-10
3e-10	8.9	neubal	-0.000194
3e-10	8.9	alpha	7.6394e-10
3e-10	8.9	neubal	-0.000228
3e-10	8.9	alpha	1.0504e-09
0.01	2.0	neubal	-1.7e-05
0.01	2.0	alpha	3.1831e-11
0.01	2.0	neubal	-8e-06
0.01	2.0	alpha	6.3662e-11
0.01	2.0	neubal	-1.8e-05
0.01	2.0	alpha	7.9577e-11
0.01	2.0	neubal	-1.2e-05
0.01	2.0	alpha	0.0
1e-05	8.9	neubal	-0.000751
1e-05	8.9	alpha	3.5332e-09
1e-05	8.9	neubal	-0.000754
1e-05	8.9	alpha	3.4218e-09
1e-05	8.9	neubal	-0.000714
1e-05	8.9	alpha	3.0876e-09
1e-05	8.9	neubal	-0.000645
1e-05	8.9	alpha	2.7215e-09
0.0003	4.05	neubal	-0.005686
0.0003	4.05	alpha	2.4001e-08
0.0003	4.05	neubal	-0.005642
0.0003	4.05	alpha	2.3268e-08
0.0003	4.05	neubal	-0.005652
0.0003	4.05	alpha	2.4955e-08
0.0003	4.05	neubal	-0.00558
0.0003	4.05	alpha	2.4001e-08
0.001	11.65	neubal	-0.000976
0.001	11.65	alpha	4.6632e-09
0.001	11.65	neubal	-0.000948
0.001	11.65	alpha	4.1221e-09
0.001	11.65	neubal	-0.000974
0.001	11.65	alpha	4.0425e-09
0.001	11.65	neubal	-0.000924
0.001	11.65	alpha	3.9311e-09
1e-09	2.0	neubal	-0.028318
1e-09	2.0	alpha	1.1749e-07
1e-09	2.0	neubal	-0.02832
1e-09	2.0	alpha	1.1558e-07
1e-09	2.0	neubal	-0.028145
1e-09	2.0	alpha	1.1832e-07
1e-09	2.0	neubal	-0.028304
1e-09	2.0	alpha	1.1777e-07
0.001	5.4	neubal	-0.004066
0.001	5.4	alpha	1.73e-08
0.001	5.4	neubal	-0.004092
0.001	5.4	alpha	1.7921e-08
0.001	5.4	neubal	-0.004073
0.001	5.4	alpha	1.7587e-08
0.001	5.4	neubal	-0.004129
0.001	5.4	alpha	1.7618e-08
0.1	5.4	neubal	-8.8e-05
0.1	5.4	alpha	4.138e-10
0.1	5.4	neubal	-7.8e-05
0.1	5.4	alpha	4.9338e-10
0.1	5.4	neubal	-8.8e-05
0.1	5.4	alpha	3.5014e-10
0.1	5.4	neubal	-7.5e-05
0.1	5.4	alpha	3.3423e-10
0.0003	11.65	neubal	-0.000424
0.0003	11.65	alpha	1.8144e-09
0.0003	11.65	neubal	-0.000454
0.0003	11.65	alpha	1.9735e-09
0.0003	11.65	neubal	-0.000435
0.0003	11.65	alpha	1.878e-09
0.0003	11.65	neubal	-0.000453
0.0003	11.65	alpha	1.9417e-09
3e-05	2.0	neubal	-0.000151
3e-05	2.0	alpha	5.7296e-10
3e-05	2.0	neubal	-0.000178
3e-05	2.0	alpha	7.3211e-10
3e-05	2.0	neubal	-0.000141
3e-05	2.0	alpha	4.9338e-10
3e-05	2.0	neubal	-0.000155
3e-05	2.0	alpha	5.2521e-10
1e-10	5.4	neubal	-0.001277
1e-10	5.4	alpha	5.6182e-09
1e-10	5.4	neubal	-0.001256
1e-10	5.4	alpha	5.3476e-09
1e-10	5.4	neubal	-0.001287
1e-10	5.4	alpha	5.8569e-09
1e-10	5.4	neubal	-0.001227
1e-10	5.4	alpha	5.2999e-09
3e-07	6.65	neubal	-0.002319
3e-07	6.65	alpha	1.0456e-08
3e-07	6.65	neubal	-0.00225
3e-07	6.65	alpha	9.8517e-09
3e-07	6.65	neubal	-0.002311
3e-07	6.65	alpha	1.0154e-08
3e-07	6.65	neubal	-0.00235
3e-07	6.65	alpha	1.0154e-08
3e-08	2.0	neubal	-0.004937
3e-08	2.0	alpha	1.9974e-08
3e-08	2.0	neubal	-0.004924
3e-08	2.0	alpha	2.0483e-08
3e-08	2.0	neubal	-0.005026
3e-08	2.0	alpha	2.077e-08
3e-08	2.0	neubal	-0.004962
3e-08	2.0	alpha	2.0292e-08
1e-10	8.9	neubal	-0.000125
1e-10	8.9	alpha	5.2521e-10
1e-10	8.9	neubal	-0.000114
1e-10	8.9	alpha	3.3423e-10
1e-10	8.9	neubal	-9.9e-05
1e-10	8.9	alpha	4.2972e-10
1e-10	8.9	neubal	-0.000102
1e-10	8.9	alpha	2.7056e-10
1e-05	2.0	neubal	-0.000287
1e-05	2.0	alpha	1.3051e-09
1e-05	2.0	neubal	-0.000266
1e-05	2.0	alpha	8.9127e-10
1e-05	2.0	neubal	-0.000332
1e-05	2.0	alpha	1.3528e-09
1e-05	2.0	neubal	-0.00027
1e-05	2.0	alpha	1.1141e-09
0.02	6.65	neubal	-0.000498
0.02	6.65	alpha	2.3396e-09
0.02	6.65	neubal	-0.000481
0.02	6.65	alpha	1.9258e-09
0.02	6.65	neubal	-0.000456
0.02	6.65	alpha	1.6075e-09
0.02	6.65	neubal	-0.000502
0.02	6.65	alpha	2.3714e-09
0.2	2.0	neubal	5e-06
0.2	2.0	alpha	1.1141e-10
0.2	2.0	neubal	7e-06
0.2	2.0	alpha	1.4324e-10
0.2	2.0	neubal	1.5e-05
0.2	2.0	alpha	1.4324e-10
0.2	2.0	neubal	1e-05
0.2	2.0	alpha	6.3662e-11
1e-06	11.65	neubal	-0.000144
1e-06	11.65	alpha	5.2521e-10
1e-06	11.65	neubal	-0.00012
1e-06	11.65	alpha	4.7746e-10
1e-06	11.65	neubal	-0.000115
1e-06	11.65	alpha	5.4113e-10
1e-06	11.65	neubal	-9.7e-05
1e-06	11.65	alpha	3.9789e-10
3e-05	6.65	neubal	-0.002748
3e-05	6.65	alpha	1.1968e-08
3e-05	6.65	neubal	-0.002693
3e-05	6.65	alpha	1.2112e-08
3e-05	6.65	neubal	-0.002721
3e-05	6.65	alpha	1.1618e-08
3e-05	6.65	neubal	-0.002767
3e-05	6.65	alpha	1.2016e-08
1e-10	2.0	neubal	-0.084337
1e-10	2.0	alpha	3.5336e-07
1e-10	2.0	neubal	-0.083908
1e-10	2.0	alpha	3.4718e-07
1e-10	2.0	neubal	-0.083879
1e-10	2.0	alpha	3.495e-07
1e-10	2.0	neubal	-0.084051
1e-10	2.0	alpha	3.5119e-07
0.2	6.65	neubal	-8.6e-05
0.2	6.65	alpha	4.4563e-10
0.2	6.65	neubal	-7.4e-05
0.2	6.65	alpha	4.9338e-10
0.2	6.65	neubal	-7.6e-05
0.2	6.65	alpha	2.7056e-10
0.2	6.65	neubal	-6.8e-05
0.2	6.65	alpha	4.138e-10
1e-10	6.65	neubal	-0.000533
1e-10	6.65	alpha	2.1008e-09
1e-10	6.65	neubal	-0.000507
1e-10	6.65	alpha	2.1486e-09
1e-10	6.65	neubal	-0.000548
1e-10	6.65	alpha	2.3396e-09
1e-10	6.65	neubal	-0.000553
1e-10	6.65	alpha	2.3873e-09
0.0003	5.4	neubal	-0.005058
0.0003	5.4	alpha	2.2011e-08
0.0003	5.4	neubal	-0.005051
0.0003	5.4	alpha	2.1852e-08
0.0003	5.4	neubal	-0.005064
0.0003	5.4	alpha	2.1884e-08
0.0003	5.4	neubal	-0.005047
0.0003	5.4	alpha	2.1486e-08
0.05	6.65	neubal	-0.000161
0.05	6.65	alpha	6.3662e-10
0.05	6.65	neubal	-0.000171
0.05	6.65	alpha	6.207e-10
0.05	6.65	neubal	-0.00017
0.05	6.65	alpha	7.7986e-10
0.05	6.65	neubal	-0.000166
0.05	6.65	alpha	6.3662e-10
0.05	8.9	neubal	-0.000202
0.05	8.9	alpha	8.7535e-10
0.05	8.9	neubal	-0.000207
0.05	8.9	alpha	7.4803e-10
0.05	8.9	neubal	-0.000182
0.05	8.9	alpha	7.0028e-10
0.05	8.9	neubal	-0.000194
0.05	8.9	alpha	9.0718e-10
3e-07	5.4	neubal	-0.00481
3e-07	5.4	alpha	2.1565e-08
3e-07	5.4	neubal	-0.004717
3e-07	5.4	alpha	2.0993e-08
3e-07	5.4	neubal	-0.004745
3e-07	5.4	alpha	2.104e-08
3e-07	5.4	neubal	-0.004744
3e-07	5.4	alpha	2.0706e-08
1e-05	11.65	neubal	-0.000152
1e-05	11.65	alpha	5.2521e-10
1e-05	11.65	neubal	-0.000166
1e-05	11.65	alpha	6.8437e-10
1e-05	11.65	neubal	-0.000135
1e-05	11.65	alpha	5.4113e-10
1e-05	11.65	neubal	-0.000164
1e-05	11.65	alpha	7.9577e-10
1.0	5.4	neubal	-5.3e-05
1.0	5.4	alpha	2.8648e-10
1.0	5.4	neubal	-4.7e-05
1.0	5.4	alpha	2.7056e-10
1.0	5.4	neubal	-5.6e-05
1.0	5.4	alpha	3.0239e-10
1.0	5.4	neubal	-4.6e-05
1.0	5.4	alpha	2.3873e-10
0.5	8.9	neubal	-8.3e-05
0.5	8.9	alpha	4.2972e-10
0.5	8.9	neubal	-7e-05
0.5	8.9	alpha	3.6606e-10
0.5	8.9	neubal	-9.1e-05
0.5	8.9	alpha	4.4563e-10
0.5	8.9	neubal	-7.6e-05
0.5	8.9	alpha	3.0239e-10