E	rate6	rate7
1e-06	0.0047838	7.624e-10
1.3e-06	0.0047837	6.5064e-10
1.69e-06	0.0047835	4.0938e-10
2.197e-06	0.0047837	2.35e-08
2.8561e-06	0.0047841	2.3391e-08
3.71293e-06	0.0047829	2.336e-08
4.826809e-06	0.0047777	1.7699e-10
6.2748517e-06	0.0047634	1.1965e-10
8.15730721e-06	0.0047265	9.6227e-11
1.0604499373e-05	0.0046615	8.2615e-11
1.37858491849e-05	0.0044167	5.6521e-11
1.79216039404e-05	0.0042327	4.487e-11
2.32980851225e-05	0.0036023	3.1647e-11
3.02875106592e-05	0.0033409	2.7238e-11
3.9373763857e-05	0.002977	2.2729e-11
5.11858930141e-05	0.0025014	1.9756e-11
6.65416609183e-05	0.0021232	1.8927e-11
8.65041591938e-05	0.0015824	2.5917e-11
0.000112455406952	0.001236	3.0204e-11
0.000146192029038	0.0010084	4.4055e-11
0.000190049637749	0.00083889	6.8155e-11
0.000247064529073	0.00067557	1.0888e-10
0.000321183887795	0.00054574	1.7679e-10
0.000417539054134	0.00043614	2.8937e-10
0.000542800770374	0.00033501	4.7545e-10
0.000705641001487	0.00027908	7.8261e-10
0.000917333301933	0.00021082	1.264e-09
0.00119253329251	0.00015239	2.6745e-09
0.00155029328027	0.00011633	4.0764e-09
0.00201538126435	8.3491e-05	6.6569e-09
0.00261999564365	6.3066e-05	1.0974e-08
0.00340599433674	5.3704e-05	1.8318e-08
0.00442779263777	4.2082e-05	3.4177e-08
0.0057561304291	3.3447e-05	5.6253e-08
0.00748296955783	2.9543e-05	1.2404e-07
0.00972786042518	2.1631e-05	5.7289e-07
0.0126462185527	2.1119e-05	3.3077e-07
0.0164400841185	2.6358e-05	5.2165e-07
0.0213721093541	0.00010447	2.2208e-06
0.0277837421603	2.1077e-05	2.7595e-06
0.0361188648085	1.4167e-05	2.1409e-06
0.046954524251	1.3936e-05	4.6126e-06
0.0610408815263	1.6051e-05	6.9899e-06
0.0793531459842	2.0151e-05	1.0801e-05
0.103159089779	3.1177e-05	2.2793e-05
0.134106816713	4.3342e-05	2.7775e-05
0.174338861727	4.6299e-05	3.5083e-05
0.226640520245	3.8654e-05	4.7472e-05
0.294632676319	4.8107e-05	3.0976e-05
0.383022479215	2.3995e-05	2.2176e-05
0.497929222979	4.3102e-05	3.2077e-05
0.647307989873	3.0776e-05	3.2349e-05
0.841500386835	1.852e-05	2.6879e-05
1.09395050289	1.4899e-05	2.7844e-05
1.42213565375	2.1606e-05	2.6499e-05
1.84877634988	2.1323e-05	2.034e-05
2.40340925484	5.8178e-05	9.5495e-05
3.12443203129	5.5347e-05	5.1424e-05
4.06176164068	8.7855e-05	5.8492e-05
5.28029013288	2.5971e-05	4.2722e-05
6.86437717274	3.5585e-05	2.5594e-05
8.92369032457	3.3999e-05	8.209e-05
11.6007974219	2.5471e-05	5.2463e-05
15.0810366485	4.8916e-05	3.8532e-05
19.6053476431	2.1567e-05	3.57e-05
25.486951936	3.3805e-05	3.4427e-05
33.1330375168	6.8278e-05	3.7267e-05
43.0729487718	4.7583e-05	3.579e-05
55.9948334034	4.3518e-05	6.5866e-05
72.7932834244	2.8856e-05	7.7156e-05
94.6312684517	3.3085e-05	6.9346e-05
123.020648987	7.221e-05	6.8144e-05
159.926843683	3.7698e-05	2.0904e-05
207.904896788	2.7222e-05	5.3487e-05
270.276365825	6.028e-05	5.935e-05
351.359275572	8.4522e-05	5.0693e-05
456.767058244	4.0341e-05	4.8803e-05
593.797175717	7.2298e-05	7.3059e-05
771.936328433	4.6317e-05	5.7928e-05
1003.51722696	8.8713e-05	6.1418e-05