E	r	rate6	rate7
2.55e-11	0.03	0.0041657	0.0041642	0.0041659	0.0041656	0.0041652	2.8634e-09	2.1511e-09	3.3195e-09	2.0777e-09	3.3705e-09
2.55e-11	0.045	0.0041652	0.0041654	0.0041653	0.0041646	0.0041654	4.4131e-09	7.7907e-09	5.8142e-09	5.3141e-09	4.6644e-09
2.55e-11	0.0675	0.0035963	0.0035956	0.0035949	0.0035914	0.0035953	9.3913e-08	1.1016e-07	9.2542e-08	8.4809e-08	8.025e-08
2.55e-11	0.10125	0.0024768	0.0024746	0.0024733	0.0024747	0.0024788	9.1148e-08	9.5713e-08	8.6756e-08	9.3909e-08	9.0934e-08
2.55e-11	0.151875	0.001617	0.001612	0.0016158	0.001613	0.0016158	7.7018e-08	8.3666e-08	8.0592e-08	8.4196e-08	8.3057e-08
2.55e-11	0.2278125	0.00088383	0.00088443	0.00088352	0.00088484	0.00088303	5.9773e-08	5.0105e-08	6.1194e-08	5.1578e-08	6.5029e-08
7.65e-11	0.03	0.0045678	0.0045688	0.0045673	0.0045684	0.0045685	2.7331e-08	2.163e-08	2.1747e-08	2.456e-08	2.0761e-08
7.65e-11	0.045	0.0045673	0.0045678	0.0045666	0.0045662	0.0045673	3.2891e-08	3.527e-08	3.5877e-08	3.5711e-08	2.9336e-08
7.65e-11	0.0675	0.0037099	0.0037106	0.003709	0.0037101	0.003712	7.4003e-08	8.2395e-08	6.8154e-08	7.7403e-08	7.1285e-08
7.65e-11	0.10125	0.0025653	0.0025701	0.0025702	0.0025681	0.0025699	7.1016e-08	7.3906e-08	7.4305e-08	7.8204e-08	7.6706e-08
7.65e-11	0.151875	0.0016869	0.001689	0.0016878	0.0016867	0.0016861	8.0082e-08	6.4424e-08	6.8685e-08	6.51e-08	5.741e-08
7.65e-11	0.2278125	0.00092186	0.0009204	0.00092085	0.00092078	0.00092039	3.8762e-08	4.0949e-08	5.1571e-08	4.8949e-08	5.204e-08
2.295e-10	0.03	0.0047103	0.0047105	0.0047105	0.0047098	0.0047102	3.4093e-08	2.8136e-08	4.1051e-08	3.6081e-08	3.4201e-08
2.295e-10	0.045	0.0047095	0.0047104	0.0047096	0.0047093	0.0047093	4.0577e-08	4.697e-08	4.9421e-08	4.2313e-08	4.1856e-08
2.295e-10	0.0675	0.0037473	0.0037486	0.0037488	0.0037489	0.0037502	6.3911e-08	6.3236e-08	7.6311e-08	6.1851e-08	7.1026e-08
2.295e-10	0.10125	0.0026013	0.002602	0.0026019	0.0025989	0.0026034	6.7636e-08	7.5459e-08	6.705e-08	7.335e-08	7.303e-08
2.295e-10	0.151875	0.0017107	0.0017124	0.0017078	0.0017119	0.0017123	5.3991e-08	6.2589e-08	7.426e-08	6.9441e-08	6.5997e-08
2.295e-10	0.2278125	0.00093252	0.00093274	0.00093204	0.00093458	0.00093455	5.3389e-08	4.5449e-08	4.9434e-08	4.3981e-08	4.0773e-08
6.885e-10	0.03	0.0047587	0.004759	0.0047593	0.0047587	0.0047589	3.0041e-08	2.8489e-08	3.6244e-08	3.0776e-08	2.8669e-08
6.885e-10	0.045	0.0047579	0.0047582	0.0047578	0.0047577	0.0047575	3.7423e-08	3.9534e-08	3.8857e-08	4.5254e-08	4.5138e-08
6.885e-10	0.0675	0.0037642	0.0037624	0.0037602	0.0037622	0.0037624	7.2519e-08	6.4425e-08	5.9299e-08	5.864e-08	5.7936e-08
6.885e-10	0.10125	0.0026103	0.0026074	0.0026081	0.0026118	0.0026123	6.2204e-08	6.541e-08	6.1975e-08	6.6139e-08	6.5634e-08
6.885e-10	0.151875	0.001721	0.001718	0.0017175	0.0017185	0.0017165	5.7717e-08	6.0885e-08	6.5103e-08	5.4353e-08	5.3138e-08
6.885e-10	0.2278125	0.00093806	0.00093594	0.00093698	0.00093501	0.00093692	5.2748e-08	3.9642e-08	4.976e-08	4.3084e-08	4.9907e-08
2.0655e-09	0.03	0.0047751	0.0047754	0.0047751	0.0047752	0.0047751	3.7128e-08	2.9104e-08	2.8496e-08	3.0561e-08	2.6088e-08
2.0655e-09	0.045	0.0047731	0.0047733	0.0047737	0.0047736	0.0047735	4.2359e-08	3.0796e-08	3.5248e-08	4.1264e-08	4.1937e-08
2.0655e-09	0.0675	0.0037651	0.0037664	0.0037677	0.003765	0.0037672	7.0473e-08	5.7827e-08	6.4511e-08	5.8718e-08	5.868e-08
2.0655e-09	0.10125	0.0026151	0.0026105	0.0026169	0.0026139	0.0026122	6.6116e-08	5.9581e-08	6.8445e-08	6.2045e-08	6.7645e-08
2.0655e-09	0.151875	0.0017187	0.0017197	0.0017224	0.0017207	0.0017186	5.6863e-08	6.2453e-08	5.4268e-08	5.6725e-08	5.8872e-08
2.0655e-09	0.2278125	0.00094015	0.00093793	0.00094101	0.00093837	0.00093692	4.8179e-08	4.7415e-08	5.1895e-08	3.3071e-08	3.796e-08
6.1965e-09	0.03	0.0047806	0.0047806	0.0047806	0.0047806	0.0047809	3.3246e-08	3.0309e-08	3.6541e-08	2.9104e-08	4.1714e-08
6.1965e-09	0.045	0.0047785	0.0047785	0.0047788	0.0047787	0.0047785	4.0786e-08	3.9291e-08	3.613e-08	4.5821e-08	4.1754e-08
6.1965e-09	0.0675	0.0037672	0.0037663	0.0037635	0.0037677	0.0037689	6.4442e-08	5.5817e-08	6.1496e-08	6.8008e-08	6.5995e-08
6.1965e-09	0.10125	0.0026145	0.0026162	0.0026183	0.0026122	0.002615	5.8808e-08	7.3037e-08	6.4432e-08	6.6391e-08	5.972e-08
6.1965e-09	0.151875	0.0017202	0.0017195	0.0017232	0.0017212	0.0017216	5.9429e-08	7.205e-08	7.7192e-08	6.7759e-08	5.909e-08
6.1965e-09	0.2278125	0.00093687	0.00093896	0.00094195	0.00093185	0.00093963	4.6476e-08	3.8807e-08	3.6348e-08	4.3464e-08	3.6302e-08
1.85895e-08	0.03	0.0047825	0.0047824	0.0047824	0.0047826	0.0047824	3.7751e-08	3.15e-08	2.5541e-08	3.6952e-08	2.8706e-08
1.85895e-08	0.045	0.0047802	0.0047803	0.0047802	0.0047805	0.0047803	3.8374e-08	3.2009e-08	3.61e-08	3.7295e-08	3.6933e-08
1.85895e-08	0.0675	0.0037686	0.0037664	0.003768	0.0037677	0.0037699	5.2334e-08	6.0195e-08	6.0811e-08	5.8964e-08	5.3244e-08
1.85895e-08	0.10125	0.0026176	0.0026178	0.0026146	0.002618	0.0026109	5.8513e-08	6.3748e-08	6.6342e-08	6.5232e-08	5.4984e-08
1.85895e-08	0.151875	0.0017218	0.001722	0.0017199	0.00172	0.0017172	5.7559e-08	5.2695e-08	5.1259e-08	6.2718e-08	6.6147e-08
1.85895e-08	0.2278125	0.00093838	0.00093736	0.00093986	0.00093944	0.00093941	4.3099e-08	5.1325e-08	3.2596e-08	4.6004e-08	3.8833e-08
5.57685e-08	0.03	0.004783	0.004783	0.0047831	0.0047831	0.004783	3.3001e-08	3.3601e-08	3.1489e-08	3.8905e-08	3.6226e-08
5.57685e-08	0.045	0.0047807	0.0047809	0.0047809	0.0047808	0.004781	3.5976e-08	4.2361e-08	4.3386e-08	3.5452e-08	3.3875e-08
5.57685e-08	0.0675	0.0037685	0.0037717	0.0037692	0.0037664	0.0037659	6.5275e-08	4.2087e-08	6.2565e-08	5.756e-08	5.8866e-08
5.57685e-08	0.10125	0.0026137	0.0026147	0.0026157	0.0026152	0.0026148	6.6476e-08	5.9735e-08	7.4388e-08	6.8856e-08	6.9711e-08
5.57685e-08	0.151875	0.0017213	0.0017226	0.0017224	0.0017168	0.0017193	5.921e-08	5.4944e-08	5.6323e-08	5.899e-08	5.1004e-08
5.57685e-08	0.2278125	0.00093974	0.00093852	0.00094046	0.00094082	0.0009381	3.9897e-08	3.3231e-08	3.4803e-08	4.5599e-08	5.0931e-08
1.673055e-07	0.03	0.0047833	0.0047833	0.0047833	0.0047832	0.0047833	3.3464e-08	2.9371e-08	3.4293e-08	3.0557e-08	3.2194e-08
1.673055e-07	0.045	0.004781	0.004781	0.0047811	0.0047812	0.004781	3.7598e-08	3.5534e-08	4.4871e-08	2.8766e-08	3.5625e-08
1.673055e-07	0.0675	0.0037679	0.0037689	0.0037674	0.0037656	0.0037688	6.7562e-08	4.8821e-08	5.4145e-08	6.6024e-08	6.3507e-08
1.673055e-07	0.10125	0.002615	0.0026146	0.0026163	0.0026148	0.0026189	6.5423e-08	6.4047e-08	6.5179e-08	6.4896e-08	7.6763e-08
1.673055e-07	0.151875	0.0017209	0.0017232	0.0017212	0.0017231	0.0017205	6.0488e-08	5.4706e-08	5.1903e-08	6.1031e-08	6.7009e-08
1.673055e-07	0.2278125	0.00093934	0.00093827	0.00093956	0.00093945	0.00093965	5.5226e-08	4.3078e-08	5.3049e-08	4.0209e-08	4.2509e-08
5.019165e-07	0.03	0.0047834	0.0047834	0.0047834	0.0047833	0.0047833	3.2952e-08	3.0938e-08	3.2933e-08	3.2398e-08	4.0418e-08
5.019165e-07	0.045	0.0047812	0.0047813	0.0047809	0.004781	0.004781	4.3172e-08	4.221e-08	4.1565e-08	4.1895e-08	3.6295e-08