E	r	rate6	rate7
1e-09	0.04	4.5146e-08	4.3197e-08	4.4754e-08	4.0975e-08	4.74e-08	4.2525e-08
1e-09	0.052	5.5728e-08	4.9819e-08	4.2129e-08	5.073e-08	5.0517e-08	4.0645e-08
1e-09	0.0676	6.7127e-08	6.6147e-08	5.6625e-08	6.8027e-08	6.2468e-08	4.9311e-08
1e-09	0.08788	6.752e-08	9.3392e-08	6.5189e-08	7.0985e-08	8.8354e-08	6.6306e-08
1e-09	0.114244	6.0892e-08	9.7598e-08	6.7882e-08	5.9851e-08	8.2301e-08	7.9288e-08
1e-09	0.1485172	7.0723e-08	6.5446e-08	5.7724e-08	5.4093e-08	5.8144e-08	7.492e-08
1e-09	0.19307236	5.3685e-08	6.5123e-08	3.2645e-08	4.6536e-08	4.3878e-08	5.816e-08
1e-09	0.250994068	4.6486e-08	3.4846e-08	3.7894e-08	2.0888e-08	3.9712e-08	4.6081e-08
1e-09	0.3262922884	3.4693e-08	1.9487e-08	4.1557e-08	3.0156e-08	3.136e-08	3.0225e-08
3e-09	0.04	3.8159e-08	4.9197e-08	3.2358e-08	3.3252e-08	3.6786e-08	2.6411e-08
3e-09	0.052	4.6015e-08	4.5677e-08	4.5059e-08	5.3603e-08	4.9232e-08	4.6507e-08
3e-09	0.0676	4.3575e-08	6.9407e-08	6.8968e-08	5.1281e-08	7.9117e-08	5.8938e-08
3e-09	0.08788	6.0035e-08	4.5054e-08	6.7619e-08	7.2101e-08	5.9874e-08	5.9249e-08
3e-09	0.114244	6.9416e-08	7.0588e-08	5.4805e-08	6.6985e-08	5.6276e-08	6.9504e-08
3e-09	0.1485172	3.7787e-08	6.1934e-08	6.0822e-08	7.8034e-08	7.5931e-08	5.5582e-08
3e-09	0.19307236	4.2098e-08	4.0031e-08	6.793e-08	5.8752e-08	5.0027e-08	5.4643e-08
3e-09	0.250994068	3.7723e-08	4.9591e-08	3.7825e-08	4.8288e-08	2.6045e-08	4.24e-08
3e-09	0.3262922884	4.2138e-08	3.8023e-08	3.2156e-08	2.1404e-08	2.6156e-08	3.7242e-08
9e-09	0.04	2.8613e-08	2.3602e-08	3.619e-08	4.5341e-08	3.1989e-08	3.3405e-08
9e-09	0.052	4.0282e-08	4.1428e-08	4.1192e-08	5.7191e-08	7.319e-08	4.1715e-08
9e-09	0.0676	5.1602e-08	7.0509e-08	5.3829e-08	8.5566e-08	4.9111e-08	7.657e-08
9e-09	0.08788	7.8787e-08	5.8424e-08	6.3725e-08	6.2969e-08	7.9752e-08	5.5164e-08
9e-09	0.114244	5.6899e-08	6.1661e-08	6.7978e-08	5.6099e-08	6.9845e-08	6.15e-08
9e-09	0.1485172	5.5359e-08	5.0628e-08	5.7638e-08	3.4211e-08	4.9407e-08	5.6302e-08
9e-09	0.19307236	5.4807e-08	7.5176e-08	4.8485e-08	5.5597e-08	5.5068e-08	4.1554e-08
9e-09	0.250994068	2.6558e-08	4.6516e-08	3.2773e-08	4.0748e-08	3.4266e-08	4.9488e-08
9e-09	0.3262922884	2.9749e-08	2.2766e-08	3.5697e-08	2.8677e-08	3.0004e-08	3.8503e-08
2.7e-08	0.04	3.2666e-08	3.5937e-08	4.3942e-08	3.068e-08	3.6051e-08	3.0237e-08
2.7e-08	0.052	4.4475e-08	3.8449e-08	4.024e-08	4.9932e-08	6.0809e-08	4.6821e-08
2.7e-08	0.0676	6.4735e-08	6.1803e-08	7.0917e-08	5.8457e-08	7.8679e-08	6.8359e-08
2.7e-08	0.08788	6.2049e-08	7.1975e-08	7.2741e-08	4.3574e-08	7.0292e-08	6.9477e-08
2.7e-08	0.114244	6.4848e-08	7.0524e-08	7.468e-08	8.0875e-08	7.2455e-08	6.703e-08
2.7e-08	0.1485172	6.8755e-08	4.9246e-08	6.4649e-08	6.0327e-08	5.5205e-08	6.1071e-08
2.7e-08	0.19307236	4.4304e-08	4.3136e-08	4.6019e-08	4.9983e-08	6.0378e-08	3.1507e-08
2.7e-08	0.250994068	3.1172e-08	4.6974e-08	4.4197e-08	4.1428e-08	4.7325e-08	5.3321e-08
2.7e-08	0.3262922884	4.3901e-08	3.0111e-08	2.472e-08	3.1912e-08	1.439e-08	3.8302e-08
8.1e-08	0.04	3.5245e-08	3.8127e-08	1.9928e-08	3.0039e-08	3.7318e-08	4.5219e-08
8.1e-08	0.052	4.092e-08	4.5809e-08	4.2755e-08	3.6722e-08	4.1855e-08	4.9694e-08
8.1e-08	0.0676	6.4403e-08	6.5476e-08	6.2417e-08	5.9498e-08	7.7967e-08	6.3327e-08
8.1e-08	0.08788	6.4529e-08	5.4775e-08	7.8214e-08	6.4579e-08	8.3299e-08	7.1586e-08
8.1e-08	0.114244	8.7996e-08	6.8967e-08	6.6291e-08	7.1215e-08	4.9065e-08	5.2441e-08
8.1e-08	0.1485172	6.5493e-08	5.0121e-08	6.4711e-08	5.996e-08	7.215e-08	6.5847e-08
8.1e-08	0.19307236	5.8135e-08	4.2157e-08	5.866e-08	4.2817e-08	5.8076e-08	6.2755e-08
8.1e-08	0.250994068	4.0269e-08	4.2774e-08	4.7253e-08	4.5642e-08	4.0459e-08	3.6517e-08
8.1e-08	0.3262922884	3.4342e-08	4.3142e-08	1.1e-08	3.1348e-08	2.606e-08	3.158e-08
2.43e-07	0.04	4.9176e-08	4.3297e-08	3.3302e-08	4.0697e-08	4.1106e-08	3.363e-08
2.43e-07	0.052	4.3768e-08	5.1066e-08	2.8502e-08	4.4772e-08	4.2068e-08	4.2216e-08
2.43e-07	0.0676	4.233e-08	6.5202e-08	6.4682e-08	6.1257e-08	4.9312e-08	7.2236e-08
2.43e-07	0.08788	5.5937e-08	6.7287e-08	7.0644e-08	5.15e-08	6.1396e-08	8.5044e-08
2.43e-07	0.114244	7.6873e-08	4.8794e-08	6.8236e-08	7.5248e-08	7.2381e-08	7.5904e-08
2.43e-07	0.1485172	6.8821e-08	5.7208e-08	6.2603e-08	7.1767e-08	6.0538e-08	6.6243e-08
2.43e-07	0.19307236	3.9968e-08	6.6959e-08	5.1102e-08	6.2764e-08	4.9136e-08	5.6556e-08
2.43e-07	0.250994068	4.8182e-08	4.6473e-08	3.3216e-08	3.4126e-08	3.9887e-08	2.8614e-08
2.43e-07	0.3262922884	2.5124e-08	2.9207e-08	2.459e-08	3.5784e-08	4.2359e-08	1.9945e-08
7.29e-07	0.04	2.0541e-08	2.6699e-08	4.1798e-08	2.7777e-08	2.4484e-08	1.9018e-08
7.29e-07	0.052	2.7734e-08	2.8833e-08	3.9275e-08	1.6156e-08	4.2795e-08	3.5504e-08
7.29e-07	0.0676	2.7647e-08	4.2042e-08	4.0779e-08	4.0417e-08	4.397e-08	4.1829e-08
7.29e-07	0.08788	4.8599e-08	5.3536e-08	6.7327e-08	7.1679e-08	6.2334e-08	5.5489e-08
7.29e-07	0.114244	3.9566e-08	5.888e-08	5.7759e-08	7.2115e-08	4.7971e-08	5.5284e-08
7.29e-07	0.1485172	6.4186e-08	7.0703e-08	6.8854e-08	5.4705e-08	8.6533e-08	2.6914e-08
7.29e-07	0.19307236	4.5528e-08	4.7396e-08	5.4432e-08	5.5732e-08	8.7025e-08	4.5285e-08
7.29e-07	0.250994068	4.5572e-08	3.8047e-08	4.1726e-08	4.4148e-08	3.1216e-08	3.9702e-08
7.29e-07	0.3262922884	3.5374e-08	2.7138e-08	3.25e-08	1.7095e-08	2.9694e-08	3.8043e-08
2.187e-06	0.04	7.2595e-09	8.215e-09	7.8334e-09	5.0584e-09	9.0775e-09	5.2018e-09
2.187e-06	0.052	1.5612e-08	8.6518e-09	1.0762e-08	1.3545e-08	1.3683e-08	9.9037e-09
2.187e-06	0.0676	3.0272e-08	1.3657e-08	1.0172e-08	1.7994e-08	1.804e-08	1.6966e-08
2.187e-06	0.08788	2.8688e-08	2.018e-08	2.3516e-08	2.0996e-08	2.4164e-08	1.623e-08
2.187e-06	0.114244	1.7194e-08	2.5446e-08	3.0705e-08	3.3439e-08	2.6355e-08	3.1217e-08
2.187e-06	0.1485172	2.9848e-08	2.6665e-08	4.024e-08	4.0017e-08	2.8209e-08	3.3519e-08
2.187e-06	0.19307236	2.7772e-08	3.9614e-08	4.2822e-08	3.6957e-08	4.1868e-08	3.9151e-08
2.187e-06	0.250994068	3.2321e-08	4.1716e-08	4.2202e-08	3.422e-08	3.7553e-08	3.9218e-08
2.187e-06	0.3262922884	2.356e-08	3.143e-08	2.5887e-08	1.9202e-08	2.3231e-08	2.9062e-08
6.561e-06	0.04	1.9744e-09	4.5002e-10	8.6439e-10	5.7691e-09	5.5654e-10	7.6464e-10
