E	r	rate6	rate7
2.5e-08	4.05	8.6034e-06	8.3933e-06	8.4571e-06	2.0979e-08	2.326e-08	9.502e-09
2.5e-08	5.4	3.3077e-06	3.3414e-06	3.1218e-06	1.8236e-08	1.0506e-08	5.5439e-09
2.5e-08	6.65	1.3391e-06	1.5988e-06	1.2769e-06	9.3226e-09	8.7328e-09	7.8774e-09
2.5e-08	8.9	3.6532e-07	3.0675e-07	2.7387e-07	1.688e-09	1.0683e-08	5.3747e-09
2.5e-08	11.65	8.1036e-08	4.5978e-08	2.0508e-08	3.5119e-15	5.8004e-09	7.2585e-09
1e-07	4.05	8.3799e-06	7.982e-06	8.7726e-06	1.7887e-08	2.515e-08	3.5338e-08
1e-07	5.4	3.373e-06	3.1906e-06	2.9521e-06	1.3745e-08	9.4068e-09	9.0327e-09
1e-07	6.65	1.3771e-06	1.237e-06	1.1491e-06	8.2453e-10	1.1593e-08	4.0039e-09
1e-07	8.9	2.4879e-07	3.6807e-07	3.1451e-07	8.2533e-09	4.7112e-09	3.8216e-09
1e-07	11.65	6.6779e-08	1.5738e-07	8.0811e-08	4.155e-09	8.1277e-09	3.3434e-09
3e-07	4.05	8.1954e-06	9.3848e-06	8.0598e-06	3.7688e-08	2.0864e-08	2.908e-08
3e-07	5.4	3.5608e-06	3.1945e-06	3.5976e-06	2.0219e-08	1.0792e-08	8.6661e-09
3e-07	6.65	1.3999e-06	1.327e-06	1.4562e-06	6.9458e-09	7.7524e-09	6.0773e-09
3e-07	8.9	2.7381e-07	2.4939e-07	2.7171e-07	1.1805e-09	7.4362e-11	7.6471e-09
3e-07	11.65	8.0499e-08	6.7519e-08	5.0751e-08	4.5035e-09	6.8807e-14	3.2795e-14
1e-06	4.05	9.5788e-06	9.5131e-06	9.829e-06	1.4302e-08	2.431e-08	3.0309e-08
1e-06	5.4	3.643e-06	3.157e-06	3.583e-06	5.1019e-09	1.7741e-08	7.529e-09
1e-06	6.65	1.5093e-06	1.2057e-06	1.398e-06	7.1911e-10	1.2094e-08	7.626e-09
1e-06	8.9	3.6349e-07	2.9777e-07	3.3438e-07	2.3045e-09	1.4016e-09	4.0661e-10
1e-06	11.65	8.1877e-08	4.9359e-08	4.9195e-08	6.2596e-09	2.6346e-09	1.3434e-09
3e-06	4.05	1.2278e-05	1.1836e-05	1.2675e-05	2.8062e-08	5.1283e-08	2.5141e-08
3e-06	5.4	4.9776e-06	4.0754e-06	4.1419e-06	1.0878e-08	1.9844e-08	6.0595e-09
3e-06	6.65	2.536e-06	1.9778e-06	2.0701e-06	3.0405e-08	1.3903e-08	1.3644e-08
3e-06	8.9	5.664e-07	3.8787e-07	4.9467e-07	1.5944e-13	4.0524e-10	1.0752e-13
3e-06	11.65	8.2646e-08	9.4473e-08	1.447e-07	1.2448e-08	2.3816e-14	6.2457e-15
1e-05	4.05	2.217e-05	2.0567e-05	2.2525e-05	1.3417e-08	1.7882e-08	3.8475e-08
1e-05	5.4	7.6866e-06	8.5106e-06	7.298e-06	6.4793e-09	1.2906e-08	4.9867e-09
1e-05	6.65	3.6389e-06	3.0555e-06	3.4684e-06	2.7917e-08	2.0935e-08	1.1401e-08
1e-05	8.9	7.5742e-07	8.5796e-07	5.2255e-07	5.3394e-09	1.2211e-08	8.0955e-09
1e-05	11.65	1.2097e-07	1.2121e-07	9.0745e-08	2.708e-14	7.1074e-14	5.5553e-15
3e-05	4.05	6.0866e-05	5.8408e-05	5.8254e-05	8.0397e-08	8.2884e-08	4.9055e-08
3e-05	5.4	2.3539e-05	2.1051e-05	2.2107e-05	1.0436e-07	5.632e-08	2.5634e-08
3e-05	6.65	7.9782e-06	8.8837e-06	8.2018e-06	3.0507e-08	9.9744e-09	2.1378e-08
3e-05	8.9	2.1394e-06	2.1643e-06	1.7084e-06	1.1717e-08	5.4767e-09	1.4725e-09
3e-05	11.65	4.1713e-07	5.0167e-07	1.9341e-07	9.4221e-09	1.7617e-13	5.6078e-09
0.0001	4.05	9.8482e-05	9.6163e-05	9.6245e-05	1.2242e-07	1.3275e-07	1.0758e-07
0.0001	5.4	3.8841e-05	3.6722e-05	4.1111e-05	9.9708e-08	4.5999e-08	4.6443e-08
0.0001	6.65	1.6351e-05	1.6544e-05	1.5958e-05	6.2905e-08	6.371e-08	3.0521e-08
0.0001	8.9	3.2567e-06	3.5363e-06	3.1041e-06	2.3835e-08	3.5862e-08	3.185e-08
0.0001	11.65	8.4388e-07	4.6008e-07	8.6445e-07	1.0107e-08	1.9964e-13	2.7524e-09
0.0003	4.05	0.00010102	0.00010356	0.00010138	8.5487e-08	1.1202e-07	1.1946e-07
0.0003	5.4	4.7004e-05	4.3201e-05	4.6341e-05	7.995e-08	9.6726e-08	9.8145e-09
0.0003	6.65	1.9761e-05	1.9076e-05	2.0641e-05	4.9373e-08	4.3448e-08	7.0282e-08
0.0003	8.9	4.8753e-06	4.179e-06	5.057e-06	2.2562e-08	3.3542e-08	6.2464e-10
0.0003	11.65	8.653e-07	6.6195e-07	9.3448e-07	1.398e-13	1.1144e-08	1.537e-08
0.001	4.05	9.5516e-05	9.6783e-05	9.8151e-05	8.4505e-08	7.1544e-08	9.7471e-08
0.001	5.4	4.8051e-05	4.7977e-05	4.6134e-05	6.3671e-08	8.312e-08	5.3962e-08
0.001	6.65	2.1364e-05	2.3009e-05	2.1989e-05	3.2397e-08	6.9479e-09	1.0628e-08
0.001	8.9	5.4401e-06	6.4013e-06	5.4287e-06	1.8162e-08	8.8361e-09	1.0183e-08
0.001	11.65	9.5273e-07	1.5148e-06	7.5435e-07	4.5822e-10	1.0454e-08	1.2504e-08
0.003	4.05	8.843e-05	8.9234e-05	8.9889e-05	6.1242e-08	4.2455e-08	6.6198e-08
0.003	5.4	4.3979e-05	4.6439e-05	4.7195e-05	5.2173e-08	6.747e-08	7.5997e-08
0.003	6.65	2.6139e-05	2.6417e-05	2.3857e-05	4.12e-08	3.8506e-08	6.2753e-08
0.003	8.9	7.0271e-06	5.9349e-06	6.6932e-06	2.2029e-08	2.2542e-08	4.3837e-08
0.003	11.65	1.3693e-06	1.1537e-06	1.586e-06	2.8436e-09	6.6788e-15	1.1814e-08
0.01	4.05	8.1401e-05	7.9189e-05	7.7223e-05	7.0594e-08	2.2682e-08	4.8989e-08
0.01	5.4	5.0113e-05	5.0457e-05	4.7927e-05	6.3313e-08	7.3858e-08	5.2719e-08
0.01	6.65	2.8634e-05	2.8899e-05	2.8817e-05	2.0429e-08	5.4247e-08	2.4108e-08
0.01	8.9	1.0427e-05	8.6409e-06	9.4879e-06	8.747e-08	3.2386e-09	2.4825e-08
0.01	11.65	2.0842e-06	1.864e-06	2.1527e-06	1.4832e-08	1.4423e-08	5.1836e-09
0.03	4.05	5.8638e-05	5.8285e-05	5.7912e-05	1.6248e-07	1.8452e-07	2.8032e-07
0.03	5.4	5.3777e-05	5.2484e-05	5.0514e-05	7.8202e-08	7.7913e-08	8.4178e-08
0.03	6.65	4.1565e-05	4.1137e-05	3.9514e-05	7.4153e-08	3.3966e-08	6.5349e-08
0.03	8.9	2.1539e-05	1.9627e-05	1.9584e-05	4.9721e-08	3.5707e-08	3.303e-08
0.03	11.65	5.3163e-06	5.6015e-06	6.1072e-06	2.2027e-08	3.4777e-08	9.2694e-09
0.1	4.05	1.3633e-05	1.4236e-05	1.3395e-05	2.2486e-06	2.0938e-06	2.352e-06
0.1	5.4	1.7089e-05	1.6951e-05	1.8187e-05	1.1488e-06	1.1462e-06	1.1931e-06
0.1	6.65	1.8226e-05	1.8053e-05	1.9073e-05	6.6708e-07	6.4442e-07	6.6938e-07
0.1	8.9	1.6581e-05	1.6243e-05	1.6607e-05	3.153e-07	3.0048e-07	2.9279e-07
0.1	11.65	1.0798e-05	1.0178e-05	1.1656e-05	1.4492e-07	1.3023e-07	1.2818e-07
0.3	4.05	1.5768e-05	1.5124e-05	1.5774e-05	1.4061e-05	1.4894e-05	1.4209e-05
0.3	5.4	9.1246e-06	9.0698e-06	9.8624e-06	7.2317e-06	7.463e-06	8.1877e-06
0.3	6.65	7.1131e-06	7.3797e-06	6.8469e-06	5.5157e-06	4.7888e-06	4.6773e-06
0.3	8.9	4.5844e-06	4.7147e-06	4.7054e-06	2.2168e-06	2.8956e-06	3.0075e-06
0.3	11.65	3.1952e-06	3.2247e-06	3.2333e-06	1.5771e-06	1.5131e-06	1.7669e-06
1.0	4.05	1.6166e-05	1.5434e-05	1.4039e-05	1.4477e-05	1.3878e-05	1.5595e-05
1.0	5.4	1.1194e-05	9.715e-06	8.7543e-06	9.1976e-06	8.9383e-06	9.4394e-06
1.0	6.65	8.0818e-06	6.9735e-06	8.3095e-06	6.6198e-06	6.4717e-06	5.9326e-06
1.0	8.9	5.0949e-06	4.5914e-06	4.8763e-06	3.9946e-06	3.7669e-06	4.9627e-06
1.0	11.65	3.69e-06	3.6013e-06	4.6073e-06	3.5356e-06	2.3981e-06	3.0907e-06
4.0	4.05	2.6668e-05	2.8389e-05	3.0002e-05	2.7041e-05	2.7991e-05	2.8707e-05
4.0	5.4	1.9744e-05	1.9253e-05	2.0053e-05	1.8081e-05	1.7865e-05	1.8762e-05
4.0	6.65	1.3603e-05	1.3941e-05	1.3672e-05	1.2732e-05	1.2997e-05	1.3542e-05
4.0	8.9	9.4173e-06	1.044e-05	9.0457e-06	9.1117e-06	8.8286e-06	7.592e-06
4.0	11.65	7.8214e-06	7.4444e-06	6.8597e-06	5.2305e-06	5.7668e-06	5.9443e-06
10.0	4.05	3.4947e-05	3.3891e-05	3.6152e-05	3.5093e-05	3.567e-05	3.3444e-05
10.0	5.4	2.355e-05	2.4917e-05	2.6668e-05	2.3829e-05	2.3641e-05	2.5503e-05
10.0	6.65	2.097e-05	1.8026e-05	1.9879e-05	1.9219e-05	1.8448e-05	1.7715e-05
10.0	8.9	1.5071e-05	1.3614e-05	1.609e-05	1.3611e-05	1.2695e-05	1.2262e-05
10.0	11.65	1.0559e-05	1.1311e-05	1.0748e-05	9.0883e-06	9.0402e-06	9.6037e-06
20.0	4.05	4.2707e-05	4.1633e-05	4.2142e-05	3.9273e-05	4.0318e-05	3.9938e-05
20.0	5.4	2.8252e-05	3.0369e-05	2.7979e-05	2.7129e-05	2.652e-05	2.7786e-05
20.0	6.65	2.339e-05	2.2761e-05	2.3973e-05	2.1983e-05	2.1535e-05	2.2689e-05
20.0	8.9	1.7557e-05	1.7896e-05	1.6958e-05	1.5375e-05	1.5784e-05	1.5168e-05
20.0	11.65	1.3225e-05	1.2539e-05	1.3295e-05	1.148e-05	1.0958e-05	1.2322e-05
50.0	4.05	5.3196e-05	5.0748e-05	5.2027e-05	4.6596e-05	4.6867e-05	4.8148e-05
50.0	5.4	3.7659e-05	3.7069e-05	3.5781e-05	3.436e-05	3.555e-05	3.4351e-05
50.0	6.65	2.9806e-05	2.8411e-05	2.9305e-05	2.6094e-05	2.7716e-05	2.9657e-05
50.0	8.9	2.1011e-05	2.1506e-05	2.2416e-05	1.7843e-05	1.7659e-05	1.9355e-05
50.0	11.65	1.6161e-05	1.79e-05	1.6959e-05	1.397e-05	1.4524e-05	1.6383e-05
100.0	4.05	5.8963e-05	5.9904e-05	5.8778e-05	5.2606e-05	5.821e-05	5.3317e-05
100.0	5.4	4.3542e-05	4.2279e-05	4.2473e-05	3.8225e-05	4.097e-05	4.2486e-05
100.0	6.65	3.4793e-05	3.1111e-05	3.3004e-05	3.2544e-05	3.1126e-05	3.1835e-05
100.0	8.9	2.5251e-05	2.5078e-05	2.6885e-05	2.3593e-05	2.3219e-05	2.2655e-05
100.0	11.65	2.1064e-05	2.0492e-05	1.9284e-05	1.8143e-05	1.8627e-05	1.691e-05
200.0	4.05	6.4061e-05	6.5686e-05	6.6404e-05	6.4083e-05	6.2235e-05	6.4586e-05
200.0	5.4	4.8486e-05	4.7787e-05	4.8752e-05	4.5811e-05	4.5314e-05	4.6512e-05
200.0	6.65	3.9818e-05	4.0043e-05	3.8329e-05	3.698e-05	3.9149e-05	3.6597e-05
200.0	8.9	2.9857e-05	3.2537e-05	3.0603e-05	2.9081e-05	2.9475e-05	2.8097e-05
200.0	11.65	2.5071e-05	2.4444e-05	2.5817e-05	2.236e-05	2.1479e-05	2.1611e-05
500.0	4.05	8.4219e-05	7.8587e-05	8.0885e-05	7.2419e-05	7.6174e-05	7.903e-05
500.0	5.4	5.8133e-05	5.7917e-05	6.1956e-05	5.6627e-05	5.5742e-05	5.4507e-05
500.0	6.65	4.6302e-05	4.9193e-05	5.0313e-05	4.4513e-05	4.6654e-05	4.4333e-05
500.0	8.9	3.7839e-05	3.5465e-05	3.7474e-05	3.5924e-05	3.4435e-05	3.4262e-05
500.0	11.65	3.179e-05	3.1163e-05	3.0393e-05	2.6812e-05	2.8799e-05	2.5421e-05
1000.0	4.05	9.0393e-05	8.9982e-05	9.1512e-05	8.9227e-05	9.1533e-05	8.3537e-05
1000.0	5.4	7.056e-05	7.0021e-05	6.7403e-05	6.605e-05	6.8938e-05	6.8291e-05
1000.0	6.65	6.1326e-05	5.6091e-05	5.9258e-05	5.359e-05	5.2677e-05	5.3405e-05
1000.0	8.9	4.3406e-05	4.6019e-05	4.5524e-05	3.9598e-05	4.4308e-05	4.007e-05
1000.0	11.65	3.5315e-05	3.8236e-05	3.7754e-05	3.3616e-05	3.3369e-05	3.3714e-05