E	r	rate6	rate7
2.55e-11	3.0	2.798e-06	3.0014e-06	3.0402e-06	2.9077e-09	7.7162e-09	6.3096e-09
2.55e-11	4.5	8.0811e-07	1.0214e-06	9.3976e-07	3.4721e-14	2.0806e-09	1.3779e-13
2.55e-11	6.75	1.2079e-07	1.7427e-07	2.4145e-07	2.8638e-14	0.0	5.1602e-14
2.55e-11	10.125	4.0431e-08	4.0287e-08	1.3526e-08	0.0	0.0	0.0
2.55e-11	15.1875	0.0	0.0	0.0	0.0	0.0	0.0
2.55e-11	22.78125	0.0	0.0	0.0	0.0	0.0	0.0
2.55e-11	34.171875	0.0	0.0	0.0	0.0	0.0	0.0
2.55e-11	51.2578125	0.0	0.0	0.0	0.0	0.0	0.0
3.06e-11	3.0	2.7402e-06	2.8858e-06	2.7269e-06	8.029e-10	1.8032e-09	1.3094e-09
3.06e-11	4.5	8.0465e-07	6.8643e-07	9.9978e-07	7.6449e-10	7.9064e-15	1.5048e-14
3.06e-11	6.75	1.2069e-07	2.5534e-07	9.3564e-08	0.0	0.0	5.023e-15
3.06e-11	10.125	0.0	1.7253e-10	0.0	0.0	1.451e-10	0.0
3.06e-11	15.1875	0.0	0.0	0.0	0.0	0.0	0.0
3.06e-11	22.78125	0.0	0.0	0.0	0.0	0.0	0.0
3.06e-11	34.171875	0.0	0.0	0.0	0.0	0.0	0.0
3.06e-11	51.2578125	0.0	0.0	0.0	0.0	0.0	0.0
3.672e-11	3.0	2.5311e-06	3.1161e-06	2.8489e-06	6.322e-09	4.9491e-14	1.4487e-09
3.672e-11	4.5	8.3405e-07	8.7201e-07	8.0741e-07	5.5492e-10	2.2564e-14	2.16e-14
3.672e-11	6.75	2.2898e-07	1.6121e-07	2.1456e-07	9.2402e-10	8.3637e-15	4.1554e-14
3.672e-11	10.125	0.0	1.5703e-08	4.0377e-08	0.0	0.0	0.0
3.672e-11	15.1875	0.0	0.0	0.0	0.0	0.0	0.0
3.672e-11	22.78125	0.0	0.0	0.0	0.0	0.0	0.0
3.672e-11	34.171875	0.0	0.0	0.0	0.0	0.0	0.0
3.672e-11	51.2578125	0.0	0.0	0.0	0.0	0.0	0.0
4.4064e-11	3.0	2.7608e-06	3.1749e-06	2.918e-06	4.1461e-09	2.6596e-09	2.069e-09
4.4064e-11	4.5	9.6462e-07	9.6625e-07	7.2508e-07	2.114e-09	2.145e-14	9.9788e-10
4.4064e-11	6.75	1.4787e-07	1.0771e-07	1.475e-07	1.4026e-09	0.0	0.0
4.4064e-11	10.125	0.0	0.0	5.3379e-08	4.1856e-14	0.0	0.0
4.4064e-11	15.1875	0.0	0.0	0.0	0.0	0.0	0.0
4.4064e-11	22.78125	0.0	0.0	0.0	0.0	0.0	0.0
4.4064e-11	34.171875	0.0	0.0	0.0	0.0	0.0	0.0
4.4064e-11	51.2578125	0.0	0.0	0.0	0.0	0.0	0.0
5.28768e-11	3.0	2.9815e-06	2.8646e-06	3.2266e-06	2.189e-13	4.4681e-10	3.3984e-09
5.28768e-11	4.5	9.2696e-07	9.294e-07	9.4226e-07	1.1165e-09	2.5237e-09	0.0
5.28768e-11	6.75	1.4833e-07	2.5544e-07	1.7435e-07	2.9236e-15	0.0	7.4307e-10
5.28768e-11	10.125	1.3196e-08	2.6772e-08	0.0	0.0	0.0	0.0
5.28768e-11	15.1875	0.0	0.0	0.0	0.0	0.0	0.0
5.28768e-11	22.78125	0.0	0.0	0.0	0.0	0.0	0.0
5.28768e-11	34.171875	0.0	0.0	9.3647e-10	0.0	0.0	9.3647e-10
5.28768e-11	51.2578125	0.0	0.0	0.0	0.0	0.0	0.0
6.345216e-11	3.0	2.7779e-06	2.59e-06	3.3971e-06	4.2431e-14	2.7889e-14	5.2505e-14
6.345216e-11	4.5	9.8e-07	9.2618e-07	8.3164e-07	3.4807e-15	4.7568e-14	1.7991e-09
6.345216e-11	6.75	1.4885e-07	2.1521e-07	1.746e-07	6.3591e-14	0.0	1.9954e-15
6.345216e-11	10.125	1.3506e-08	9.1548e-10	1.3334e-08	1.003e-09	0.0	0.0
6.345216e-11	15.1875	0.0	0.0	0.0	0.0	0.0	0.0
6.345216e-11	22.78125	0.0	0.0	0.0	0.0	0.0	0.0
6.345216e-11	34.171875	0.0	0.0	0.0	0.0	0.0	0.0
6.345216e-11	51.2578125	0.0	0.0	0.0	0.0	0.0	0.0
7.6142592e-11	3.0	3.1046e-06	3.2436e-06	3.1669e-06	7.1106e-09	9.5612e-14	9.3078e-10
7.6142592e-11	4.5	9.0045e-07	7.9221e-07	9.4066e-07	4.218e-15	1.2518e-13	3.9836e-14
7.6142592e-11	6.75	1.6116e-07	1.068e-07	1.8857e-07	0.0	4.1924e-14	0.0
7.6142592e-11	10.125	1.3497e-08	0.0	0.0	0.0	0.0	3.4599e-15
7.6142592e-11	15.1875	0.0	1.3352e-08	7.1154e-10	0.0	0.0	0.0
7.6142592e-11	22.78125	0.0	0.0	0.0	0.0	0.0	0.0
7.6142592e-11	34.171875	0.0	0.0	0.0	0.0	0.0	0.0
7.6142592e-11	51.2578125	0.0	0.0	0.0	0.0	0.0	0.0
9.13711104e-11	3.0	3.0898e-06	3.0078e-06	2.8192e-06	5.8631e-09	2.2516e-10	1.2848e-09
9.13711104e-11	4.5	6.5704e-07	8.7432e-07	7.6431e-07	3.92e-14	4.9514e-10	4.9209e-09
9.13711104e-11	6.75	1.5345e-07	2.306e-07	2.5586e-07	4.2163e-15	0.0	2.0405e-15
9.13711104e-11	10.125	1.4035e-08	1.3375e-08	2.69e-08	0.0	0.0	0.0
9.13711104e-11	15.1875	9.2854e-10	1.3375e-08	0.0	0.0	0.0	0.0
9.13711104e-11	22.78125	0.0	0.0	0.0	0.0	0.0	0.0
9.13711104e-11	34.171875	0.0	0.0	0.0	0.0	0.0	0.0
9.13711104e-11	51.2578125	0.0	0.0	0.0	0.0	0.0	0.0
1.0964533248e-10	3.0	3.401e-06	2.6867e-06	2.7599e-06	1.1039e-09	7.5152e-14	8.4059e-14
1.0964533248e-10	4.5	8.7235e-07	9.9423e-07	8.0862e-07	5.5021e-14	8.9355e-15	6.8681e-14
1.0964533248e-10	6.75	1.8864e-07	2.0264e-07	2.6952e-07	0.0	0.0	1.1237e-14
1.0964533248e-10	10.125	2.7385e-08	1.4351e-10	2.6849e-08	0.0	0.0	8.5323e-10
1.0964533248e-10	15.1875	0.0	0.0	0.0	0.0	0.0	0.0
1.0964533248e-10	22.78125	0.0	0.0	0.0	0.0	0.0	0.0
1.0964533248e-10	34.171875	0.0	0.0	0.0	0.0	0.0	0.0
1.0964533248e-10	51.2578125	0.0	0.0	0.0	0.0	0.0	0.0
1.31574398976e-10	3.0	3.2863e-06	2.7436e-06	3.2235e-06	2.2879e-09	8.0136e-14	8.1438e-10
1.31574398976e-10	4.5	9.2491e-07	9.0049e-07	1.1033e-06	3.2046e-14	3.3703e-14	3.8233e-09
1.31574398976e-10	6.75	1.0692e-07	2.0092e-07	3.0712e-07	3.5447e-15	2.959e-15	4.1827e-15
1.31574398976e-10	10.125	1.3723e-08	1.3364e-08	4.0427e-08	0.0	0.0	0.0
1.31574398976e-10	15.1875	0.0	0.0	0.0	0.0	0.0	0.0
1.31574398976e-10	22.78125	0.0	0.0	0.0	0.0	0.0	0.0
1.31574398976e-10	34.171875	0.0	0.0	0.0	0.0	0.0	0.0
1.31574398976e-10	51.2578125	0.0	0.0	0.0	0.0	0.0	0.0
1.57889278771e-10	3.0	3.1708e-06	3.1295e-06	3.3549e-06	8.1029e-14	1.1417e-13	9.6779e-10
1.57889278771e-10	4.5	9.7821e-07	9.9416e-07	7.5096e-07	8.3926e-15	2.7834e-10	1.9931e-14
1.57889278771e-10	6.75	1.8914e-07	2.4309e-07	1.7475e-07	1.663e-10	0.0	0.0
1.57889278771e-10	10.125	5.3895e-08	2.7019e-08	0.0	0.0	0.0	0.0
1.57889278771e-10	15.1875	0.0	0.0	0.0	0.0	0.0	0.0
1.57889278771e-10	22.78125	0.0	0.0	0.0	0.0	1.5188e-09	0.0
1.57889278771e-10	34.171875	0.0	0.0	0.0	0.0	0.0	0.0
1.57889278771e-10	51.2578125	0.0	0.0	0.0	0.0	0.0	0.0
1.89467134525e-10	3.0	2.8237e-06	2.7521e-06	3.0372e-06	6.1649e-14	1.0341e-13	3.4865e-09
1.89467134525e-10	4.5	1.1347e-06	8.7217e-07	8.1853e-07	3.8875e-14	9.5739e-11	2.3182e-14
1.89467134525e-10	6.75	2.953e-07	1.6081e-07	1.7411e-07	0.0	2.7426e-14	1.6013e-14
1.89467134525e-10	10.125	1.3417e-08	1.3231e-08	2.6336e-08	0.0	2.1553e-10	0.0
1.89467134525e-10	15.1875	0.0	0.0	0.0	0.0	0.0	0.0
1.89467134525e-10	22.78125	0.0	0.0	0.0	0.0	0.0	0.0
1.89467134525e-10	34.171875	0.0	0.0	0.0	0.0	0.0	0.0
1.89467134525e-10	51.2578125	0.0	0.0	0.0	0.0	0.0	0.0
2.27360561431e-10	3.0	2.8755e-06	3.0874e-06	3.1483e-06	1.0657e-13	3.4531e-10	1.5428e-10
2.27360561431e-10	4.5	1.1024e-06	9.7526e-07	7.9365e-07	7.1361e-10	7.1427e-14	2.0106e-14
2.27360561431e-10	6.75	2.5481e-07	1.4843e-07	1.8792e-07	0.0	2.9512e-15	5.6495e-14
2.27360561431e-10	10.125	0.0	4.0234e-08	2.6571e-08	0.0	0.0	4.1772e-15
2.27360561431e-10	15.1875	1.3211e-08	0.0	1.3544e-08	0.0	0.0	0.0
2.27360561431e-10	22.78125	0.0	0.0	0.0	0.0	0.0	0.0
2.27360561431e-10	34.171875	0.0	0.0	0.0	0.0	0.0	0.0
2.27360561431e-10	51.2578125	0.0	0.0	0.0	0.0	0.0	0.0
2.72832673717e-10	3.0	2.9021e-06	3.1029e-06	3.1315e-06	5.0333e-09	7.7123e-14	3.7841e-11
2.72832673717e-10	4.5	9.7889e-07	1.1164e-06	1.0468e-06	3.0891e-14	9.4768e-10	2.2747e-14
2.72832673717e-10	6.75	1.4783e-07	1.4809e-07	1.474e-07	2.9914e-09	0.0	0.0
2.72832673717e-10	10.125	1.3662e-08	4.0902e-08	4.0071e-08	0.0	0.0	0.0
2.72832673717e-10	15.1875	0.0	0.0	0.0	0.0	2.9692e-15	0.0
2.72832673717e-10	22.78125	0.0	0.0	0.0	0.0	0.0	0.0
2.72832673717e-10	34.171875	0.0	0.0	0.0	0.0	0.0	0.0
2.72832673717e-10	51.2578125	0.0	0.0	0.0	0.0	0.0	0.0
3.2739920846e-10	3.0	3.1424e-06	2.9396e-06	3.0944e-06	1.6573e-14	2.1292e-09	3.1545e-10
3.2739920846e-10	4.5	9.9625e-07	9.2746e-07	7.9636e-07	3.0883e-14	9.6276e-15	2.3046e-14
3.2739920846e-10	6.75	2.6762e-07	2.0164e-07	2.5405e-07	4.2329e-15	3.5327e-15	3.2275e-10
3.2739920846e-10	10.125	1.3371e-08	5.3985e-08	1.3475e-08	0.0	0.0	0.0
3.2739920846e-10	15.1875	0.0	0.0	0.0	0.0	0.0	0.0
3.2739920846e-10	22.78125	0.0	0.0	0.0	0.0	0.0	0.0
3.2739920846e-10	34.171875	0.0	0.0	0.0	0.0	0.0	0.0
3.2739920846e-10	51.2578125	0.0	0.0	0.0	0.0	0.0	0.0
3.92879050152e-10	3.0	3.2778e-06	2.724e-06	3.1955e-06	1.4743e-13	1.8217e-09	3.8331e-09
3.92879050152e-10	4.5	8.1967e-07	9.5384e-07	1.0992e-06	3.5687e-09	2.4747e-14	1.245e-14
3.92879050152e-10	6.75	2.6981e-07	1.8811e-07	2.0029e-07	0.0	5.963e-12	0.0
3.92879050152e-10	10.125	0.0	1.3274e-08	1.3568e-08	0.0	0.0	0.0
3.92879050152e-10	15.1875	0.0	0.0	0.0	0.0	0.0	0.0
3.92879050152e-10	22.78125	0.0	0.0	0.0	0.0	0.0	0.0
3.92879050152e-10	34.171875	0.0	0.0	0.0	0.0	0.0	0.0
3.92879050152e-10	51.2578125	0.0	0.0	0.0	0.0	0.0	0.0
4.71454860182e-10	3.0	3.0674e-06	2.7804e-06	3.0766e-06	4.8687e-10	7.1379e-10	1.47e-13
4.71454860182e-10	4.5	9.4638e-07	7.6513e-07	9.1474e-07	0.0	5.5617e-09	8.0445e-14
4.71454860182e-10	6.75	2.2731e-07	2.2843e-07	1.4721e-07	0.0	5.8514e-15	2.4857e-15
4.71454860182e-10	10.125	1.3674e-08	4.1495e-08	5.4289e-08	0.0	0.0	0.0
4.71454860182e-10	15.1875	0.0	0.0	0.0	0.0	0.0	0.0
4.71454860182e-10	22.78125	0.0	0.0	0.0	0.0	0.0	0.0
4.71454860182e-10	34.171875	0.0	0.0	0.0	0.0	0.0	0.0
4.71454860182e-10	51.2578125	0.0	0.0	0.0	0.0	0.0	0.0
5.65745832219e-10	3.0	3.171e-06	3.4008e-06	3.1775e-06	2.5799e-13	3.447e-10	2.8185e-09
5.65745832219e-10	4.5	9.7971e-07	1.1134e-06	9.7154e-07	1.4013e-14	1.3649e-09	4.4888e-14
5.65745832219e-10	6.75	9.4267e-08	1.9056e-07	2.2836e-07	7.0314e-15	7.7814e-15	4.1844e-09
5.65745832219e-10	10.125	4.037e-08	0.0	1.3413e-08	0.0	0.0	0.0
5.65745832219e-10	15.1875	0.0	0.0	0.0	0.0	0.0	0.0
5.65745832219e-10	22.78125	0.0	0.0	0.0	0.0	0.0	0.0
5.65745832219e-10	34.171875	0.0	0.0	0.0	0.0	0.0	0.0
5.65745832219e-10	51.2578125	0.0	0.0	0.0	0.0	0.0	0.0
6.78894998663e-10	3.0	2.9662e-06	3.0723e-06	2.9681e-06	3.1188e-10	6.1012e-10	8.3458e-10
6.78894998663e-10	4.5	9.6426e-07	1.0095e-06	8.462e-07	1.2251e-09	4.4737e-14	1.019e-09
6.78894998663e-10	6.75	1.4696e-07	2.275e-07	1.3432e-07	1.0145e-14	5.932e-15	0.0
6.78894998663e-10	10.125	4.0195e-08	5.3488e-08	4.0527e-08	0.0	5.9978e-15	0.0
6.78894998663e-10	15.1875	0.0	0.0	0.0	0.0	0.0	0.0
6.78894998663e-10	22.78125	0.0	0.0	0.0	0.0	3.23e-10	0.0
6.78894998663e-10	34.171875	0.0	0.0	0.0	0.0	0.0	0.0
6.78894998663e-10	51.2578125	0.0	0.0	3.5887e-09	0.0	0.0	3.5887e-09
8.14673998395e-10	3.0	3.0048e-06	3.2939e-06	2.823e-06	6.1668e-09	1.2281e-13	1.6551e-10
8.14673998395e-10	4.5	7.5082e-07	8.0461e-07	9.0144e-07	2.7176e-14	1.44e-09	2.6837e-10
8.14673998395e-10	6.75	1.748e-07	1.0779e-07	1.4815e-07	4.2176e-14	4.3998e-10	3.2313e-14
8.14673998395e-10	10.125	1.3515e-08	2.6776e-08	1.3597e-08	0.0	0.0	0.0
8.14673998395e-10	15.1875	1.3508e-08	0.0	0.0	0.0	0.0	0.0
8.14673998395e-10	22.78125	0.0	0.0	0.0	0.0	0.0	0.0
8.14673998395e-10	34.171875	0.0	0.0	0.0	0.0	0.0	0.0
8.14673998395e-10	51.2578125	0.0	0.0	0.0	0.0	0.0	0.0
9.77608798074e-10	3.0	2.8228e-06	3.2784e-06	2.9673e-06	2.9107e-09	2.6597e-10	2.0894e-09
9.77608798074e-10	4.5	8.3336e-07	1.0256e-06	6.588e-07	0.0	2.5817e-09	4.7184e-14
9.77608798074e-10	6.75	1.7341e-07	1.3454e-07	1.7421e-07	0.0	0.0	0.0
9.77608798074e-10	10.125	2.6728e-08	1.3448e-08	1.3529e-08	0.0	0.0	0.0
9.77608798074e-10	15.1875	1.3604e-08	1.3285e-08	0.0	0.0	0.0	0.0
9.77608798074e-10	22.78125	0.0	0.0	0.0	0.0	0.0	0.0
9.77608798074e-10	34.171875	0.0	0.0	0.0	0.0	0.0	0.0
9.77608798074e-10	51.2578125	0.0	0.0	0.0	0.0	0.0	0.0
1.17313055769e-09	3.0	3.1697e-06	2.6987e-06	2.9441e-06	3.3525e-09	3.2525e-09	8.9749e-14
1.17313055769e-09	4.5	1.0467e-06	1.0986e-06	1.0229e-06	3.473e-15	3.262e-09	7.4968e-15
1.17313055769e-09	6.75	1.341e-07	2.4218e-07	1.0674e-07	0.0	0.0	6.922e-15
1.17313055769e-09	10.125	4.0267e-08	2.6744e-08	2.6874e-08	0.0	0.0	0.0
1.17313055769e-09	15.1875	1.3472e-08	0.0	0.0	0.0	0.0	0.0
1.17313055769e-09	22.78125	0.0	0.0	0.0	0.0	0.0	0.0
1.17313055769e-09	34.171875	0.0	0.0	0.0	0.0	0.0	0.0
1.17313055769e-09	51.2578125	0.0	0.0	0.0	0.0	0.0	0.0
1.40775666923e-09	3.0	3.0726e-06	2.9964e-06	3.3458e-06	3.143e-09	4.0088e-09	2.9925e-09
1.40775666923e-09	4.5	9.94e-07	9.6714e-07	9.8309e-07	2.7069e-14	5.3283e-09	8.1445e-14
1.40775666923e-09	6.75	1.8795e-07	6.6525e-08	1.4723e-07	0.0	4.2208e-15	1.6018e-10
1.40775666923e-09	10.125	2.6921e-08	5.3901e-08	1.37e-08	0.0	0.0	0.0
1.40775666923e-09	15.1875	0.0	0.0	0.0	0.0	0.0	0.0
1.40775666923e-09	22.78125	0.0	0.0	0.0	0.0	0.0	0.0
1.40775666923e-09	34.171875	0.0	0.0	0.0	0.0	0.0	0.0
1.40775666923e-09	51.2578125	0.0	0.0	0.0	0.0	0.0	0.0
1.68930800307e-09	3.0	2.9261e-06	2.946e-06	2.7102e-06	2.3532e-14	1.3434e-13	5.6633e-14
1.68930800307e-09	4.5	9.0288e-07	9.295e-07	9.6791e-07	3.4541e-15	4.7521e-09	3.3132e-09
1.68930800307e-09	6.75	1.8887e-07	2.4255e-07	2.4255e-07	1.0358e-09	0.0	0.0
1.68930800307e-09	10.125	2.679e-08	6.7158e-08	4.026e-08	0.0	0.0	0.0
1.68930800307e-09	15.1875	0.0	0.0	0.0	0.0	0.0	0.0
1.68930800307e-09	22.78125	0.0	0.0	0.0	0.0	0.0	0.0
1.68930800307e-09	34.171875	0.0	0.0	0.0	0.0	0.0	0.0
1.68930800307e-09	51.2578125	0.0	0.0	0.0	0.0	0.0	0.0
2.02716960369e-09	3.0	2.7666e-06	2.7163e-06	2.9959e-06	6.3896e-09	1.3648e-13	1.5112e-09
2.02716960369e-09	4.5	9.9489e-07	9.6734e-07	8.9922e-07	9.4002e-10	2.139e-14	1.757e-14
2.02716960369e-09	6.75	1.8841e-07	1.6061e-07	1.8686e-07	2.3563e-10	2.9585e-15	3.3522e-14
2.02716960369e-09	10.125	2.672e-08	4.0211e-08	2.7086e-08	0.0	0.0	0.0
2.02716960369e-09	15.1875	0.0	0.0	0.0	3.5639e-09	0.0	0.0
2.02716960369e-09	22.78125	0.0	0.0	0.0	0.0	0.0	0.0
2.02716960369e-09	34.171875	0.0	0.0	0.0	0.0	0.0	0.0
2.02716960369e-09	51.2578125	0.0	0.0	0.0	0.0	0.0	0.0
2.43260352442e-09	3.0	3.2212e-06	2.8765e-06	2.94e-06	3.9477e-09	2.7341e-13	3.722e-10
2.43260352442e-09	4.5	7.7898e-07	1.007e-06	9.0137e-07	9.8676e-10	1.3869e-14	3.7381e-14
2.43260352442e-09	6.75	1.9285e-07	2.2835e-07	1.21e-07	6.6824e-11	0.0	6.3973e-15
2.43260352442e-09	10.125	1.3264e-08	1.3711e-08	0.0	0.0	0.0	0.0
2.43260352442e-09	15.1875	0.0	0.0	0.0	0.0	0.0	0.0
2.43260352442e-09	22.78125	0.0	0.0	0.0	0.0	0.0	0.0
2.43260352442e-09	34.171875	0.0	0.0	0.0	0.0	0.0	0.0
2.43260352442e-09	51.2578125	0.0	0.0	0.0	0.0	0.0	0.0
2.91912422931e-09	3.0	3.0751e-06	2.7953e-06	2.836e-06	7.9826e-14	7.9118e-14	1.0433e-13
2.91912422931e-09	4.5	8.1687e-07	7.7943e-07	8.7488e-07	7.7406e-15	9.4739e-15	1.004e-14
2.91912422931e-09	6.75	2.0118e-07	2.4178e-07	2.41e-07	4.291e-15	4.9407e-15	9.6878e-10
2.91912422931e-09	10.125	4.0571e-08	1.4108e-08	2.6673e-08	4.4509e-11	0.0	0.0
2.91912422931e-09	15.1875	0.0	0.0	0.0	0.0	0.0	0.0
2.91912422931e-09	22.78125	0.0	0.0	0.0	0.0	0.0	0.0
2.91912422931e-09	34.171875	0.0	0.0	0.0	0.0	0.0	0.0
2.91912422931e-09	51.2578125	0.0	0.0	0.0	0.0	0.0	0.0
3.50294907517e-09	3.0	3.0605e-06	3.1624e-06	3.1124e-06	3.4618e-09	1.1324e-13	4.6133e-09
3.50294907517e-09	4.5	8.7396e-07	9.7794e-07	8.0683e-07	8.733e-10	3.425e-14	2.1804e-14
3.50294907517e-09	6.75	9.4066e-08	1.7389e-07	1.7706e-07	1.9014e-14	2.0031e-15	0.0
3.50294907517e-09	10.125	2.6955e-08	1.328e-08	1.3219e-08	0.0	2.396e-09	1.355e-09
3.50294907517e-09	15.1875	0.0	0.0	0.0	0.0	0.0	0.0
3.50294907517e-09	22.78125	0.0	0.0	0.0	0.0	0.0	0.0
3.50294907517e-09	34.171875	0.0	0.0	0.0	0.0	0.0	0.0
3.50294907517e-09	51.2578125	0.0	0.0	0.0	0.0	0.0	0.0
4.2035388902e-09	3.0	2.8872e-06	3.0755e-06	3.2479e-06	5.6218e-11	7.212e-14	6.7277e-10
4.2035388902e-09	4.5	9.5198e-07	1.1424e-06	9.934e-07	1.2935e-09	9.8361e-10	2.1881e-09
4.2035388902e-09	6.75	1.6199e-07	3.089e-07	1.879e-07	0.0	0.0	4.9302e-15
4.2035388902e-09	10.125	2.6836e-08	0.0	1.329e-08	0.0	0.0	5.8576e-10
4.2035388902e-09	15.1875	0.0	0.0	0.0	0.0	0.0	0.0
4.2035388902e-09	22.78125	0.0	0.0	0.0	0.0	0.0	0.0
4.2035388902e-09	34.171875	0.0	0.0	0.0	0.0	0.0	0.0
4.2035388902e-09	51.2578125	0.0	0.0	0.0	0.0	0.0	0.0
5.04424666825e-09	3.0	3.274e-06	3.0312e-06	2.9025e-06	1.7022e-09	2.6829e-14	5.2502e-09
5.04424666825e-09	4.5	8.7584e-07	8.4455e-07	1.1551e-06	2.2e-14	0.0	1.6629e-09
5.04424666825e-09	6.75	1.8964e-07	2.151e-07	2.4225e-07	0.0	5.1096e-10	0.0
5.04424666825e-09	10.125	0.0	1.3226e-08	1.3374e-08	0.0	0.0	0.0
5.04424666825e-09	15.1875	0.0	0.0	0.0	0.0	0.0	0.0
5.04424666825e-09	22.78125	0.0	0.0	0.0	0.0	0.0	0.0
5.04424666825e-09	34.171875	0.0	0.0	0.0	0.0	0.0	0.0
5.04424666825e-09	51.2578125	0.0	0.0	0.0	0.0	0.0	0.0
6.05309600189e-09	3.0	3.1592e-06	3.0738e-06	3.0224e-06	2.851e-11	7.4347e-10	4.2682e-09
6.05309600189e-09	4.5	7.9437e-07	9.8314e-07	8.9972e-07	1.0027e-14	7.3056e-14	2.0359e-15
6.05309600189e-09	6.75	1.8839e-07	2.0155e-07	1.6149e-07	0.0	4.6398e-15	5.998e-15
6.05309600189e-09	10.125	2.6867e-08	1.327e-08	1.3229e-08	1.472e-11	0.0	0.0
6.05309600189e-09	15.1875	0.0	0.0	0.0	0.0	0.0	0.0
6.05309600189e-09	22.78125	0.0	0.0	0.0	0.0	0.0	0.0
6.05309600189e-09	34.171875	0.0	0.0	0.0	0.0	0.0	0.0
6.05309600189e-09	51.2578125	0.0	0.0	0.0	0.0	0.0	0.0
7.26371520227e-09	3.0	3.2897e-06	3.0462e-06	3.2873e-06	9.8318e-14	3.0446e-09	1.9942e-10
7.26371520227e-09	4.5	1.0211e-06	9.4239e-07	9.1207e-07	3.392e-09	2.7036e-14	7.0609e-15
7.26371520227e-09	6.75	2.6984e-07	1.8789e-07	1.7462e-07	0.0	1.3743e-14	2.9303e-15
7.26371520227e-09	10.125	2.7084e-08	2.6805e-08	4.0148e-08	2.9594e-15	0.0	0.0
7.26371520227e-09	15.1875	0.0	0.0	0.0	0.0	0.0	0.0
7.26371520227e-09	22.78125	0.0	0.0	0.0	0.0	0.0	0.0
7.26371520227e-09	34.171875	0.0	0.0	0.0	0.0	0.0	0.0
7.26371520227e-09	51.2578125	0.0	0.0	0.0	0.0	0.0	0.0
8.71645824273e-09	3.0	2.9403e-06	3.1794e-06	3.0909e-06	3.5032e-09	2.9457e-09	2.4319e-09
8.71645824273e-09	4.5	7.8035e-07	8.5821e-07	9.2587e-07	5.9623e-14	2.113e-10	1.6845e-14
8.71645824273e-09	6.75	2.9582e-07	8.5409e-08	2.4191e-07	0.0	2.9048e-15	0.0
8.71645824273e-09	10.125	0.0	1.3255e-08	2.6786e-08	5.9422e-15	0.0	0.0
8.71645824273e-09	15.1875	0.0	0.0	0.0	0.0	0.0	0.0
8.71645824273e-09	22.78125	0.0	0.0	0.0	0.0	0.0	0.0
8.71645824273e-09	34.171875	0.0	0.0	0.0	0.0	0.0	0.0
8.71645824273e-09	51.2578125	0.0	0.0	0.0	0.0	0.0	0.0
1.04597498913e-08	3.0	3.2344e-06	3.1681e-06	3.1201e-06	3.7883e-10	1.2517e-13	5.9718e-10
1.04597498913e-08	4.5	7.5439e-07	1.0474e-06	8.9764e-07	2.8187e-09	2.6179e-14	9.2094e-15
1.04597498913e-08	6.75	2.0386e-07	2.2815e-07	2.011e-07	7.356e-11	0.0	5.0317e-15
1.04597498913e-08	10.125	6.7264e-08	5.4004e-08	1.3541e-08	0.0	0.0	0.0
1.04597498913e-08	15.1875	0.0	0.0	0.0	0.0	0.0	0.0
1.04597498913e-08	22.78125	0.0	0.0	0.0	0.0	0.0	0.0
1.04597498913e-08	34.171875	0.0	0.0	0.0	0.0	0.0	0.0
1.04597498913e-08	51.2578125	0.0	0.0	0.0	0.0	0.0	0.0
1.25516998695e-08	3.0	2.9206e-06	3.0747e-06	3.1173e-06	4.249e-14	1.1772e-13	1.1313e-13
1.25516998695e-08	4.5	9.9381e-07	7.4408e-07	7.0129e-07	1.0771e-14	7.215e-09	1.3025e-13
1.25516998695e-08	6.75	2.0212e-07	2.1567e-07	2.4106e-07	2.458e-10	0.0	9.9333e-10
1.25516998695e-08	10.125	5.3612e-08	0.0	1.3545e-08	0.0	0.0	0.0
1.25516998695e-08	15.1875	0.0	7.0002e-09	0.0	0.0	0.0	0.0
1.25516998695e-08	22.78125	0.0	0.0	0.0	0.0	0.0	0.0
1.25516998695e-08	34.171875	0.0	0.0	0.0	0.0	0.0	0.0
1.25516998695e-08	51.2578125	0.0	0.0	0.0	0.0	0.0	0.0
1.50620398434e-08	3.0	2.849e-06	3.2926e-06	3.0599e-06	1.1524e-09	7.7499e-14	6.8476e-11
1.50620398434e-08	4.5	9.9758e-07	1.0639e-06	8.3453e-07	4.2269e-15	3.5345e-15	2.0879e-14
1.50620398434e-08	6.75	1.3364e-07	1.7534e-07	2.0182e-07	4.425e-10	2.4782e-09	9.4806e-15
1.50620398434e-08	10.125	1.3478e-08	2.6926e-08	4.02e-08	0.0	0.0	0.0
1.50620398434e-08	15.1875	0.0	0.0	0.0	0.0	0.0	0.0
1.50620398434e-08	22.78125	0.0	0.0	0.0	0.0	0.0	0.0
1.50620398434e-08	34.171875	0.0	0.0	0.0	0.0	0.0	0.0
1.50620398434e-08	51.2578125	0.0	0.0	0.0	0.0	0.0	0.0
1.80744478121e-08	3.0	3.1402e-06	2.8707e-06	3.0782e-06	8.2643e-10	3.7639e-09	3.2897e-09
1.80744478121e-08	4.5	8.8863e-07	6.5781e-07	8.445e-07	2.5048e-14	1.1854e-14	5.7038e-14
1.80744478121e-08	6.75	2.4197e-07	1.873e-07	1.873e-07	2.9862e-15	0.0	0.0
1.80744478121e-08	10.125	0.0	0.0	1.5357e-09	0.0	0.0	0.0
1.80744478121e-08	15.1875	0.0	0.0	0.0	0.0	0.0	0.0
1.80744478121e-08	22.78125	0.0	0.0	0.0	0.0	0.0	0.0
1.80744478121e-08	34.171875	0.0	0.0	0.0	0.0	0.0	0.0
1.80744478121e-08	51.2578125	0.0	0.0	0.0	0.0	0.0	0.0
2.16893373745e-08	3.0	3.2235e-06	3.4588e-06	3.2469e-06	2.2036e-09	1.1485e-13	2.1113e-10
2.16893373745e-08	4.5	9.8516e-07	9.4011e-07	9.5279e-07	2.6713e-14	2.3047e-09	4.9826e-09
2.16893373745e-08	6.75	2.8124e-07	1.4707e-07	2.2902e-07	1.3727e-09	5.0489e-15	4.9332e-15
2.16893373745e-08	10.125	1.3726e-08	2.6651e-08	1.3371e-08	7.476e-10	0.0	0.0
2.16893373745e-08	15.1875	0.0	0.0	0.0	0.0	0.0	0.0
2.16893373745e-08	22.78125	0.0	0.0	0.0	0.0	0.0	0.0
2.16893373745e-08	34.171875	0.0	0.0	0.0	0.0	0.0	0.0
2.16893373745e-08	51.2578125	0.0	0.0	0.0	0.0	0.0	0.0
2.60272048495e-08	3.0	3.2099e-06	3.6119e-06	3.1477e-06	4.5109e-09	1.6111e-09	1.6957e-10
2.60272048495e-08	4.5	8.8761e-07	8.984e-07	8.7124e-07	4.3742e-14	3.4677e-15	2.9597e-15
2.60272048495e-08	6.75	1.2075e-07	2.1488e-07	1.6184e-07	2.5926e-14	0.0	5.4292e-14
2.60272048495e-08	10.125	1.3404e-08	1.322e-08	2.685e-08	0.0	0.0	0.0
2.60272048495e-08	15.1875	0.0	0.0	0.0	0.0	0.0	0.0
2.60272048495e-08	22.78125	0.0	0.0	0.0	0.0	0.0	0.0
2.60272048495e-08	34.171875	0.0	0.0	0.0	0.0	0.0	0.0
2.60272048495e-08	51.2578125	0.0	0.0	0.0	0.0	0.0	0.0
3.12326458193e-08	3.0	3.452e-06	2.7806e-06	3.1455e-06	1.4736e-09	2.9195e-14	2.3549e-09
3.12326458193e-08	4.5	9.4439e-07	9.5056e-07	7.6257e-07	9.9176e-14	3.8259e-09	4.558e-14
3.12326458193e-08	6.75	3.0867e-07	1.7452e-07	2.0125e-07	4.2587e-15	4.3175e-09	0.0
3.12326458193e-08	10.125	2.6734e-08	2.7062e-08	1.3725e-08	0.0	0.0	0.0
3.12326458193e-08	15.1875	0.0	0.0	0.0	0.0	0.0	0.0
3.12326458193e-08	22.78125	0.0	0.0	0.0	0.0	0.0	0.0
3.12326458193e-08	34.171875	0.0	0.0	0.0	0.0	0.0	0.0
3.12326458193e-08	51.2578125	0.0	0.0	0.0	0.0	0.0	0.0
3.74791749832e-08	3.0	3.2119e-06	3.2743e-06	3.4549e-06	2.0882e-09	2.1212e-13	6.4892e-09
3.74791749832e-08	4.5	1.058e-06	8.9771e-07	8.8741e-07	4.6721e-09	5.8e-14	8.4679e-15
3.74791749832e-08	6.75	1.6321e-07	2.0022e-07	1.6116e-07	0.0	4.7891e-10	4.1429e-15
3.74791749832e-08	10.125	1.3221e-08	5.3569e-08	1.3509e-08	0.0	0.0	0.0
3.74791749832e-08	15.1875	1.3657e-08	0.0	0.0	0.0	0.0	0.0
3.74791749832e-08	22.78125	0.0	0.0	0.0	0.0	0.0	0.0
3.74791749832e-08	34.171875	0.0	0.0	0.0	0.0	0.0	0.0
3.74791749832e-08	51.2578125	0.0	0.0	0.0	0.0	0.0	0.0
4.49750099799e-08	3.0	3.2615e-06	2.7095e-06	2.755e-06	1.322e-13	7.9453e-14	1.2191e-13
4.49750099799e-08	4.5	1.0198e-06	8.1966e-07	8.8904e-07	2.8185e-09	2.4402e-14	2.6098e-09
4.49750099799e-08	6.75	2.6983e-07	1.6065e-07	2.1337e-07	0.0	4.9923e-15	8.9728e-10
4.49750099799e-08	10.125	0.0	0.0	2.9313e-08	4.2321e-15	0.0	0.0
4.49750099799e-08	15.1875	0.0	1.3568e-08	1.3592e-08	0.0	0.0	0.0
4.49750099799e-08	22.78125	0.0	0.0	0.0	0.0	0.0	0.0
4.49750099799e-08	34.171875	0.0	0.0	0.0	0.0	0.0	0.0
4.49750099799e-08	51.2578125	0.0	0.0	0.0	0.0	0.0	0.0
5.39700119758e-08	3.0	3.0497e-06	3.0856e-06	3.0453e-06	9.4015e-11	3.5169e-10	1.2123e-13
5.39700119758e-08	4.5	8.4627e-07	1.0209e-06	8.4733e-07	3.1431e-09	2.5628e-09	4.9496e-15
5.39700119758e-08	6.75	1.8768e-07	2.5509e-07	1.4918e-07	0.0	0.0	3.2062e-09
5.39700119758e-08	10.125	1.3242e-08	4.0624e-08	5.3796e-08	0.0	0.0	1.9362e-14
5.39700119758e-08	15.1875	0.0	0.0	0.0	2.1707e-09	0.0	0.0
5.39700119758e-08	22.78125	0.0	0.0	0.0	0.0	0.0	0.0
5.39700119758e-08	34.171875	0.0	0.0	0.0	0.0	0.0	0.0
5.39700119758e-08	51.2578125	0.0	0.0	0.0	0.0	0.0	0.0
6.4764014371e-08	3.0	2.9521e-06	2.8876e-06	3.1542e-06	5.3741e-10	1.2646e-13	1.5983e-09
6.4764014371e-08	4.5	6.59e-07	1.0183e-06	1.0737e-06	3.1592e-14	1.6962e-14	6.7849e-10
6.4764014371e-08	6.75	2.1409e-07	1.2118e-07	1.3419e-07	0.0	0.0	0.0
6.4764014371e-08	10.125	1.3498e-08	5.4076e-08	1.3123e-08	2.4563e-15	0.0	0.0
6.4764014371e-08	15.1875	0.0	0.0	0.0	0.0	0.0	0.0
6.4764014371e-08	22.78125	0.0	0.0	0.0	0.0	0.0	0.0
6.4764014371e-08	34.171875	0.0	0.0	0.0	0.0	0.0	0.0
6.4764014371e-08	51.2578125	0.0	0.0	0.0	0.0	0.0	0.0
7.77168172452e-08	3.0	3.0891e-06	3.1151e-06	2.6824e-06	9.7731e-10	2.7348e-09	5.8518e-14
7.77168172452e-08	4.5	7.8106e-07	8.32e-07	8.7618e-07	3.9449e-09	5.9772e-09	6.1936e-14
7.77168172452e-08	6.75	2.2805e-07	2.4156e-07	2.1511e-07	1.624e-14	2.9071e-15	9.1163e-10
7.77168172452e-08	10.125	4.0703e-08	1.3415e-08	3.9979e-08	0.0	0.0	0.0
7.77168172452e-08	15.1875	0.0	0.0	0.0	0.0	0.0	0.0
7.77168172452e-08	22.78125	0.0	0.0	0.0	0.0	0.0	0.0
7.77168172452e-08	34.171875	0.0	0.0	0.0	0.0	0.0	0.0
7.77168172452e-08	51.2578125	0.0	0.0	0.0	0.0	0.0	0.0
9.32601806942e-08	3.0	2.927e-06	3.1482e-06	3.0677e-06	1.1503e-13	1.7228e-13	1.2943e-13
9.32601806942e-08	4.5	8.7533e-07	8.8865e-07	1.0476e-06	4.3389e-14	1.4783e-14	3.4075e-14
9.32601806942e-08	6.75	1.4753e-07	2.1907e-07	2.4441e-07	0.0	6.5069e-15	0.0
9.32601806942e-08	10.125	2.6837e-08	1.3571e-08	5.4183e-08	1.1952e-09	3.5577e-15	0.0
9.32601806942e-08	15.1875	0.0	0.0	0.0	0.0	0.0	8.7526e-10
9.32601806942e-08	22.78125	0.0	0.0	0.0	0.0	0.0	0.0
9.32601806942e-08	34.171875	0.0	0.0	0.0	0.0	0.0	0.0
9.32601806942e-08	51.2578125	0.0	0.0	0.0	0.0	0.0	0.0
1.11912216833e-07	3.0	3.2302e-06	2.6172e-06	3.3304e-06	1.6159e-09	5.7743e-14	3.9188e-10
1.11912216833e-07	4.5	1.0618e-06	7.797e-07	1.0858e-06	2.6963e-09	4.2679e-14	1.8746e-14
1.11912216833e-07	6.75	2.6875e-07	1.3446e-07	2.1689e-07	0.0	0.0	3.4637e-10
1.11912216833e-07	10.125	1.3418e-08	1.3209e-08	1.3492e-08	0.0	0.0	0.0
1.11912216833e-07	15.1875	0.0	0.0	0.0	0.0	0.0	0.0
1.11912216833e-07	22.78125	0.0	0.0	0.0	0.0	0.0	0.0
1.11912216833e-07	34.171875	0.0	0.0	0.0	0.0	0.0	0.0
1.11912216833e-07	51.2578125	0.0	0.0	0.0	0.0	0.0	0.0
1.342946602e-07	3.0	3.1059e-06	3.3143e-06	2.9143e-06	1.0159e-13	3.2263e-09	1.1284e-13
1.342946602e-07	4.5	9.1244e-07	6.2926e-07	8.3495e-07	7.1313e-15	5.0822e-14	4.7534e-14
1.342946602e-07	6.75	1.6108e-07	2.2893e-07	3.5015e-07	3.4679e-15	2.4208e-15	0.0
1.342946602e-07	10.125	5.3776e-08	2.6779e-08	1.3227e-08	0.0	0.0	0.0
1.342946602e-07	15.1875	0.0	0.0	0.0	0.0	0.0	0.0
1.342946602e-07	22.78125	0.0	0.0	0.0	0.0	0.0	0.0
1.342946602e-07	34.171875	0.0	0.0	0.0	0.0	0.0	0.0
1.342946602e-07	51.2578125	0.0	0.0	0.0	0.0	0.0	0.0
1.6115359224e-07	3.0	3.1337e-06	3.0091e-06	2.874e-06	3.9836e-09	1.2278e-09	1.464e-10
1.6115359224e-07	4.5	9.9162e-07	8.2056e-07	8.8735e-07	1.2704e-14	3.0675e-09	3.5204e-11
1.6115359224e-07	6.75	2.0279e-07	1.6187e-07	1.8867e-07	0.0	0.0	0.0
1.6115359224e-07	10.125	1.3449e-08	2.6682e-08	1.3432e-08	0.0	0.0	0.0
1.6115359224e-07	15.1875	0.0	0.0	0.0	0.0	0.0	0.0
1.6115359224e-07	22.78125	0.0	0.0	0.0	0.0	0.0	0.0
1.6115359224e-07	34.171875	0.0	0.0	0.0	0.0	0.0	0.0
1.6115359224e-07	51.2578125	0.0	0.0	0.0	0.0	0.0	0.0
1.93384310688e-07	3.0	2.9805e-06	2.9725e-06	3.1191e-06	2.8073e-10	8.0804e-10	6.5024e-10
1.93384310688e-07	4.5	9.6638e-07	8.9978e-07	8.2049e-07	4.982e-15	5.3282e-14	3.1088e-09
1.93384310688e-07	6.75	2.1605e-07	2.9467e-07	2.1462e-07	0.0	0.0	4.1936e-15
1.93384310688e-07	10.125	2.7039e-08	1.354e-08	2.7087e-08	6.0478e-15	2.4667e-15	0.0
1.93384310688e-07	15.1875	1.8007e-08	0.0	8.7351e-11	0.0	0.0	0.0
1.93384310688e-07	22.78125	0.0	0.0	0.0	0.0	0.0	0.0
1.93384310688e-07	34.171875	0.0	0.0	0.0	0.0	0.0	0.0
1.93384310688e-07	51.2578125	0.0	0.0	0.0	0.0	0.0	0.0
2.32061172825e-07	3.0	3.249e-06	2.983e-06	2.8324e-06	1.1008e-13	7.9441e-09	3.3046e-09
2.32061172825e-07	4.5	8.9959e-07	9.8163e-07	9.1687e-07	7.0528e-14	1.9827e-14	1.1307e-13
2.32061172825e-07	6.75	2.138e-07	2.5608e-07	1.3441e-07	0.0	5.1349e-09	0.0
2.32061172825e-07	10.125	2.6551e-08	1.3525e-08	0.0	0.0	0.0	0.0
2.32061172825e-07	15.1875	1.0509e-09	0.0	0.0	0.0	0.0	0.0
2.32061172825e-07	22.78125	0.0	0.0	0.0	0.0	0.0	0.0
2.32061172825e-07	34.171875	0.0	0.0	0.0	0.0	0.0	0.0
2.32061172825e-07	51.2578125	0.0	0.0	0.0	0.0	0.0	0.0
2.7847340739e-07	3.0	2.7699e-06	3.0715e-06	3.3599e-06	7.2726e-14	4.5412e-14	4.826e-09
2.7847340739e-07	4.5	9.8352e-07	9.5363e-07	9.3938e-07	6.6812e-14	1.1694e-09	2.7843e-14
2.7847340739e-07	6.75	2.2679e-07	2.4478e-07	2.3432e-07	4.5161e-10	0.0	2.9788e-15
2.7847340739e-07	10.125	2.7031e-08	1.3589e-08	3.9544e-08	0.0	6.0662e-10	0.0
2.7847340739e-07	15.1875	0.0	0.0	0.0	0.0	0.0	0.0
2.7847340739e-07	22.78125	0.0	0.0	0.0	0.0	0.0	0.0
2.7847340739e-07	34.171875	0.0	0.0	0.0	0.0	0.0	0.0
2.7847340739e-07	51.2578125	0.0	0.0	0.0	0.0	0.0	0.0
3.34168088868e-07	3.0	2.8307e-06	3.0846e-06	2.9409e-06	2.915e-09	3.5782e-10	1.522e-13
3.34168088868e-07	4.5	1.0509e-06	9.1092e-07	1.097e-06	3.5755e-15	1.0155e-09	1.2649e-10
3.34168088868e-07	6.75	1.7462e-07	2.1393e-07	2.2784e-07	5.859e-15	1.7518e-09	4.2429e-15
3.34168088868e-07	10.125	2.6844e-08	1.3439e-08	2.6732e-08	0.0	0.0	8.2042e-15
3.34168088868e-07	15.1875	0.0	0.0	1.3509e-08	0.0	0.0	0.0
3.34168088868e-07	22.78125	0.0	0.0	0.0	0.0	0.0	0.0
3.34168088868e-07	34.171875	0.0	0.0	0.0	0.0	0.0	0.0
3.34168088868e-07	51.2578125	0.0	0.0	0.0	0.0	0.0	0.0
4.01001706642e-07	3.0	2.8713e-06	3.3191e-06	2.969e-06	5.1152e-11	3.2967e-09	1.0874e-09
4.01001706642e-07	4.5	8.4733e-07	7.2771e-07	8.7337e-07	3.6514e-09	4.4358e-14	3.7409e-14
4.01001706642e-07	6.75	1.4799e-07	1.7613e-07	1.7427e-07	0.0	0.0	1.1271e-10
4.01001706642e-07	10.125	1.3623e-08	1.3394e-08	0.0	0.0	0.0	0.0
4.01001706642e-07	15.1875	0.0	0.0	1.6714e-09	0.0	0.0	0.0
4.01001706642e-07	22.78125	0.0	0.0	0.0	0.0	0.0	0.0
4.01001706642e-07	34.171875	0.0	0.0	0.0	0.0	0.0	0.0
4.01001706642e-07	51.2578125	0.0	0.0	0.0	0.0	0.0	0.0
4.8120204797e-07	3.0	3.2665e-06	2.8252e-06	3.3465e-06	1.4611e-13	3.4733e-09	1.2391e-11
4.8120204797e-07	4.5	8.338e-07	9.0084e-07	9.5397e-07	3.8393e-14	2.5806e-10	4.1113e-14
4.8120204797e-07	6.75	1.7562e-07	1.0782e-07	1.8758e-07	0.0	0.0	0.0
4.8120204797e-07	10.125	4.4708e-08	0.0	2.7444e-08	0.0	0.0	0.0
4.8120204797e-07	15.1875	0.0	0.0	0.0	0.0	0.0	0.0
4.8120204797e-07	22.78125	0.0	0.0	0.0	0.0	0.0	0.0
4.8120204797e-07	34.171875	5.6824e-10	0.0	0.0	0.0	0.0	0.0
4.8120204797e-07	51.2578125	0.0	0.0	0.0	0.0	0.0	0.0
5.77442457564e-07	3.0	3.0076e-06	3.0883e-06	3.2169e-06	3.9117e-10	3.291e-14	1.5833e-13
5.77442457564e-07	4.5	9.6782e-07	7.7779e-07	9.5093e-07	6.2911e-10	6.3994e-10	1.4832e-14
5.77442457564e-07	6.75	1.6207e-07	2.4188e-07	1.874e-07	0.0	0.0	0.0
5.77442457564e-07	10.125	1.3725e-10	2.715e-08	2.6351e-08	1.3725e-10	0.0	0.0
5.77442457564e-07	15.1875	8.5546e-10	0.0	0.0	0.0	0.0	0.0
5.77442457564e-07	22.78125	0.0	0.0	0.0	0.0	0.0	0.0
5.77442457564e-07	34.171875	0.0	0.0	0.0	0.0	0.0	0.0
5.77442457564e-07	51.2578125	0.0	0.0	0.0	0.0	0.0	0.0
6.92930949077e-07	3.0	3.1634e-06	3.2365e-06	2.8299e-06	2.156e-13	1.3588e-09	9.3297e-14
6.92930949077e-07	4.5	1.1426e-06	9.3098e-07	1.1661e-06	1.4181e-12	3.2503e-15	3.8325e-14
6.92930949077e-07	6.75	2.6661e-07	1.6239e-07	1.4792e-07	2.7301e-15	8.1851e-10	6.5451e-15
6.92930949077e-07	10.125	4.4056e-08	1.4936e-08	2.9201e-08	0.0	0.0	0.0
6.92930949077e-07	15.1875	0.0	0.0	0.0	0.0	0.0	0.0
6.92930949077e-07	22.78125	0.0	0.0	0.0	0.0	0.0	0.0
6.92930949077e-07	34.171875	0.0	0.0	0.0	0.0	0.0	0.0
6.92930949077e-07	51.2578125	0.0	0.0	0.0	0.0	0.0	0.0
8.31517138892e-07	3.0	3.228e-06	3.3702e-06	3.3801e-06	1.7765e-13	8.6415e-10	3.019e-09
8.31517138892e-07	4.5	1.1226e-06	9.0088e-07	7.482e-07	5.8803e-14	1.189e-09	3.1881e-14
8.31517138892e-07	6.75	2.018e-07	2.4726e-07	3.4251e-07	0.0	3.3822e-15	0.0
8.31517138892e-07	10.125	1.5454e-08	0.0	9.3707e-08	0.0	0.0	6.7811e-15
8.31517138892e-07	15.1875	0.0	0.0	0.0	0.0	0.0	0.0
8.31517138892e-07	22.78125	0.0	0.0	0.0	0.0	0.0	0.0
8.31517138892e-07	34.171875	0.0	0.0	0.0	0.0	0.0	0.0
8.31517138892e-07	51.2578125	0.0	0.0	0.0	0.0	0.0	0.0
9.97820566671e-07	3.0	3.8281e-06	3.4524e-06	3.3349e-06	1.1647e-13	1.0608e-13	8.4992e-14
9.97820566671e-07	4.5	1.1968e-06	1.186e-06	1.1195e-06	5.2694e-14	6.3658e-09	7.8091e-14
9.97820566671e-07	6.75	1.6594e-07	2.7995e-07	1.6328e-07	2.9793e-15	4.2257e-15	8.3311e-10
9.97820566671e-07	10.125	0.0	4.9744e-08	0.0	0.0	0.0	0.0
9.97820566671e-07	15.1875	0.0	0.0	3.2635e-08	0.0	0.0	0.0
9.97820566671e-07	22.78125	0.0	0.0	0.0	0.0	0.0	0.0
9.97820566671e-07	34.171875	0.0	0.0	0.0	0.0	0.0	0.0
9.97820566671e-07	51.2578125	0.0	0.0	0.0	0.0	0.0	0.0
1.19738468e-06	3.0	3.6684e-06	3.8638e-06	3.765e-06	9.1078e-09	9.8755e-14	1.3337e-13
1.19738468e-06	4.5	1.1046e-06	1.088e-06	8.6317e-07	5.4121e-15	5.9138e-10	4.6788e-15
1.19738468e-06	6.75	2.2922e-07	1.5725e-07	1.9281e-07	0.0	0.0	2.5209e-14
1.19738468e-06	10.125	1.7147e-08	0.0	6.931e-08	0.0	0.0	0.0
1.19738468e-06	15.1875	0.0	0.0	0.0	0.0	0.0	0.0
1.19738468e-06	22.78125	0.0	0.0	0.0	0.0	0.0	0.0
1.19738468e-06	34.171875	0.0	0.0	0.0	0.0	0.0	0.0
1.19738468e-06	51.2578125	0.0	0.0	0.0	0.0	0.0	0.0
1.43686161601e-06	3.0	3.9117e-06	3.725e-06	3.8164e-06	3.4008e-09	1.4881e-09	1.1438e-13
1.43686161601e-06	4.5	1.0607e-06	1.0359e-06	1.2668e-06	1.0471e-09	6.0248e-14	5.3432e-09
1.43686161601e-06	6.75	2.4258e-07	3.271e-07	2.2425e-07	0.0	0.0	0.0
1.43686161601e-06	10.125	1.8614e-08	3.7815e-08	1.8646e-08	0.0	0.0	0.0
1.43686161601e-06	15.1875	0.0	0.0	0.0	0.0	0.0	0.0
1.43686161601e-06	22.78125	0.0	0.0	0.0	0.0	0.0	0.0
1.43686161601e-06	34.171875	0.0	0.0	0.0	0.0	0.0	0.0
1.43686161601e-06	51.2578125	0.0	0.0	0.0	0.0	0.0	0.0
1.72423393921e-06	3.0	4.2876e-06	3.7692e-06	3.4907e-06	3.9631e-09	1.8074e-13	1.8444e-09
1.72423393921e-06	4.5	9.0644e-07	1.3224e-06	1.1872e-06	1.4768e-14	4.3258e-09	2.8455e-09
1.72423393921e-06	6.75	2.1839e-07	3.3489e-07	2.1728e-07	0.0	0.0	0.0
1.72423393921e-06	10.125	0.0	3.9699e-08	1.9486e-08	0.0	0.0	0.0
1.72423393921e-06	15.1875	0.0	0.0	0.0	0.0	0.0	0.0
1.72423393921e-06	22.78125	0.0	0.0	0.0	0.0	0.0	0.0
1.72423393921e-06	34.171875	0.0	0.0	0.0	0.0	0.0	0.0
1.72423393921e-06	51.2578125	0.0	0.0	0.0	0.0	0.0	0.0
2.06908072705e-06	3.0	3.2687e-06	3.8338e-06	3.4537e-06	3.0917e-09	7.4587e-09	1.087e-13
2.06908072705e-06	4.5	1.1608e-06	1.055e-06	1.1051e-06	4.1847e-14	3.348e-14	1.8304e-14
2.06908072705e-06	6.75	2.1075e-07	2.7392e-07	3.1682e-07	4.191e-14	6.649e-15	8.7047e-15
2.06908072705e-06	10.125	6.3239e-08	2.0599e-08	4.2755e-08	0.0	0.0	0.0
2.06908072705e-06	15.1875	0.0	2.0815e-08	0.0	0.0	0.0	0.0
2.06908072705e-06	22.78125	0.0	0.0	0.0	0.0	0.0	0.0
2.06908072705e-06	34.171875	0.0	0.0	0.0	0.0	0.0	0.0
2.06908072705e-06	51.2578125	0.0	0.0	0.0	0.0	0.0	0.0
2.48289687246e-06	3.0	4.1462e-06	4.0524e-06	4.3774e-06	3.9165e-09	8.8288e-14	1.4393e-13
2.48289687246e-06	4.5	1.2952e-06	1.3206e-06	7.7999e-07	2.7073e-14	1.9832e-14	1.8342e-14
2.48289687246e-06	6.75	3.8179e-07	2.9091e-07	1.7718e-07	0.0	4.958e-15	2.7474e-14
2.48289687246e-06	10.125	4.4255e-08	0.0	0.0	0.0	0.0	0.0
2.48289687246e-06	15.1875	0.0	0.0	0.0	0.0	0.0	0.0
2.48289687246e-06	22.78125	0.0	0.0	0.0	0.0	0.0	0.0
2.48289687246e-06	34.171875	0.0	0.0	0.0	0.0	0.0	0.0
2.48289687246e-06	51.2578125	0.0	0.0	0.0	0.0	0.0	0.0
2.97947624695e-06	3.0	4.7398e-06	4.6811e-06	4.7012e-06	1.0151e-09	5.3231e-14	1.9044e-09
2.97947624695e-06	4.5	1.3145e-06	1.0811e-06	1.5339e-06	2.0265e-09	1.3817e-14	2.2203e-14
2.97947624695e-06	6.75	3.0579e-07	3.5853e-07	2.7973e-07	0.0	0.0	1.7548e-14
2.97947624695e-06	10.125	0.0	4.6817e-08	2.3557e-08	0.0	0.0	0.0
2.97947624695e-06	15.1875	2.8123e-09	0.0	0.0	0.0	0.0	0.0
2.97947624695e-06	22.78125	0.0	0.0	0.0	0.0	0.0	0.0
2.97947624695e-06	34.171875	0.0	0.0	0.0	0.0	0.0	0.0
2.97947624695e-06	51.2578125	0.0	0.0	0.0	0.0	0.0	0.0
3.57537149634e-06	3.0	4.7633e-06	5.2503e-06	4.7657e-06	3.5848e-09	1.0331e-13	2.6832e-09
3.57537149634e-06	4.5	1.2567e-06	1.3124e-06	1.3425e-06	1.6075e-13	1.0068e-09	0.0
3.57537149634e-06	6.75	2.7161e-07	2.972e-07	1.4839e-07	4.1069e-14	1.0119e-13	0.0
3.57537149634e-06	10.125	0.0	4.8877e-08	0.0	0.0	0.0	0.0
3.57537149634e-06	15.1875	0.0	0.0	0.0	0.0	0.0	0.0
3.57537149634e-06	22.78125	0.0	0.0	0.0	0.0	0.0	0.0
3.57537149634e-06	34.171875	0.0	0.0	0.0	0.0	0.0	0.0
3.57537149634e-06	51.2578125	0.0	0.0	0.0	0.0	0.0	0.0
4.29044579561e-06	3.0	4.9689e-06	4.9407e-06	4.9854e-06	2.9942e-10	3.5181e-09	4.8763e-11
4.29044579561e-06	4.5	1.6506e-06	1.5071e-06	1.9047e-06	6.6072e-14	1.3572e-09	1.5038e-14
4.29044579561e-06	6.75	3.3324e-07	3.0807e-07	3.6078e-07	0.0	0.0	1.5865e-14
4.29044579561e-06	10.125	5.1215e-08	5.1135e-08	2.6102e-08	0.0	0.0	0.0
4.29044579561e-06	15.1875	2.5692e-08	0.0	0.0	0.0	0.0	0.0
4.29044579561e-06	22.78125	0.0	0.0	0.0	0.0	0.0	0.0
4.29044579561e-06	34.171875	0.0	0.0	0.0	0.0	0.0	0.0
4.29044579561e-06	51.2578125	0.0	0.0	0.0	0.0	0.0	0.0
5.14853495473e-06	3.0	5.518e-06	5.7006e-06	5.6404e-06	1.9911e-13	1.9028e-08	6.7592e-09
5.14853495473e-06	4.5	1.5738e-06	1.5845e-06	1.4376e-06	3.0393e-09	2.4363e-14	1.9078e-08
5.14853495473e-06	6.75	2.9641e-07	2.4325e-07	3.2009e-07	0.0	0.0	0.0
5.14853495473e-06	10.125	1.3341e-07	8.0787e-08	2.7112e-08	0.0	2.8033e-09	0.0
5.14853495473e-06	15.1875	0.0	0.0	0.0	0.0	0.0	0.0
5.14853495473e-06	22.78125	0.0	0.0	0.0	0.0	0.0	0.0
5.14853495473e-06	34.171875	0.0	0.0	0.0	0.0	0.0	0.0
5.14853495473e-06	51.2578125	0.0	0.0	0.0	0.0	0.0	0.0
6.17824194567e-06	3.0	5.8597e-06	5.8626e-06	6.1511e-06	7.2687e-10	7.7428e-14	8.356e-09
6.17824194567e-06	4.5	2.1114e-06	1.5954e-06	2.4376e-06	3.8593e-14	4.9898e-14	1.3497e-13
6.17824194567e-06	6.75	3.1017e-07	4.7795e-07	2.8243e-07	5.5512e-14	0.0	1.3174e-09
6.17824194567e-06	10.125	2.8396e-08	0.0	2.7931e-08	0.0	0.0	2.3075e-09
6.17824194567e-06	15.1875	0.0	0.0	0.0	0.0	0.0	0.0
6.17824194567e-06	22.78125	0.0	0.0	0.0	0.0	0.0	0.0
6.17824194567e-06	34.171875	0.0	0.0	0.0	0.0	0.0	0.0
6.17824194567e-06	51.2578125	0.0	0.0	0.0	0.0	0.0	0.0
7.41389033481e-06	3.0	6.7075e-06	6.9712e-06	7.223e-06	1.8809e-13	5.0681e-13	9.8084e-09
7.41389033481e-06	4.5	1.9565e-06	1.6644e-06	2.2603e-06	0.0	5.6769e-14	2.8405e-13
7.41389033481e-06	6.75	4.9779e-07	4.1022e-07	4.711e-07	0.0	0.0	0.0
7.41389033481e-06	10.125	2.8867e-08	5.8863e-08	2.8934e-08	0.0	1.6247e-14	0.0
7.41389033481e-06	15.1875	0.0	0.0	0.0	0.0	0.0	0.0
7.41389033481e-06	22.78125	0.0	0.0	0.0	0.0	0.0	0.0
7.41389033481e-06	34.171875	0.0	0.0	0.0	0.0	0.0	0.0
7.41389033481e-06	51.2578125	0.0	0.0	0.0	0.0	0.0	0.0
8.89666840177e-06	3.0	7.8447e-06	8.3794e-06	7.7521e-06	2.0759e-13	2.3167e-09	3.0914e-13
8.89666840177e-06	4.5	2.1355e-06	2.4248e-06	2.5442e-06	5.6948e-09	7.9649e-14	5.3829e-14
8.89666840177e-06	6.75	2.4194e-07	5.7555e-07	3.3227e-07	5.4449e-09	0.0	7.8591e-15
8.89666840177e-06	10.125	3.0235e-08	9.0551e-08	3.0095e-08	0.0	0.0	0.0
8.89666840177e-06	15.1875	0.0	2.9976e-08	0.0	0.0	0.0	0.0
8.89666840177e-06	22.78125	0.0	0.0	1.422e-09	0.0	0.0	0.0
8.89666840177e-06	34.171875	0.0	0.0	0.0	0.0	0.0	0.0
8.89666840177e-06	51.2578125	0.0	0.0	0.0	0.0	0.0	0.0
1.06760020821e-05	3.0	8.7846e-06	7.7292e-06	8.1731e-06	1.7781e-13	3.0831e-13	5.8912e-10
1.06760020821e-05	4.5	2.0136e-06	2.4925e-06	2.3417e-06	7.8704e-09	8.0621e-10	8.0078e-15
1.06760020821e-05	6.75	4.8376e-07	5.4422e-07	4.2366e-07	1.6408e-09	6.6621e-15	3.2532e-09
1.06760020821e-05	10.125	3.0601e-08	3.0147e-08	3.0204e-08	0.0	0.0	0.0
1.06760020821e-05	15.1875	0.0	0.0	0.0	0.0	0.0	0.0
1.06760020821e-05	22.78125	0.0	0.0	0.0	0.0	0.0	0.0
1.06760020821e-05	34.171875	0.0	0.0	0.0	0.0	0.0	0.0
1.06760020821e-05	51.2578125	0.0	0.0	0.0	0.0	0.0	0.0
1.28112024986e-05	3.0	9.4537e-06	9.453e-06	1.0455e-05	4.3132e-13	4.1384e-09	3.3144e-09
1.28112024986e-05	4.5	2.8976e-06	2.4008e-06	2.7987e-06	3.1772e-14	1.396e-08	1.9526e-14
1.28112024986e-05	6.75	4.3475e-07	5.601e-07	8.7073e-07	8.0028e-15	0.0	1.141e-14
1.28112024986e-05	10.125	0.0	3.0416e-08	6.6716e-08	0.0	0.0	0.0
1.28112024986e-05	15.1875	0.0	0.0	3.065e-08	0.0	0.0	0.0
1.28112024986e-05	22.78125	0.0	0.0	0.0	0.0	0.0	0.0
1.28112024986e-05	34.171875	0.0	0.0	0.0	0.0	0.0	0.0
1.28112024986e-05	51.2578125	0.0	0.0	0.0	0.0	0.0	0.0
1.53734429983e-05	3.0	1.2501e-05	1.1785e-05	1.2365e-05	4.8116e-13	1.0267e-08	3.7383e-09
1.53734429983e-05	4.5	3.1956e-06	3.3687e-06	3.3026e-06	3.3431e-13	1.6581e-13	6.3783e-09
1.53734429983e-05	6.75	5.9507e-07	9.1053e-07	7.2058e-07	5.464e-12	1.481e-14	8.0063e-15
1.53734429983e-05	10.125	1.5756e-07	1.2606e-07	6.2116e-08	0.0	3.4979e-10	1.7136e-09
1.53734429983e-05	15.1875	0.0	0.0	0.0	0.0	0.0	0.0
1.53734429983e-05	22.78125	0.0	0.0	0.0	0.0	0.0	0.0
1.53734429983e-05	34.171875	0.0	0.0	0.0	0.0	0.0	0.0
1.53734429983e-05	51.2578125	0.0	0.0	0.0	0.0	0.0	0.0
1.84481315979e-05	3.0	1.6145e-05	1.4617e-05	1.5269e-05	7.8113e-09	1.5844e-08	7.3112e-09
1.84481315979e-05	4.5	4.1912e-06	3.4625e-06	4.6255e-06	1.2432e-13	6.544e-14	8.9763e-14
1.84481315979e-05	6.75	5.7512e-07	9.2719e-07	8.0012e-07	0.0	0.0	1.6068e-14
1.84481315979e-05	10.125	1.6011e-07	1.602e-07	1.5868e-07	0.0	1.5114e-09	8.4569e-15
1.84481315979e-05	15.1875	3.1516e-08	0.0	2.7033e-09	0.0	0.0	0.0
1.84481315979e-05	22.78125	0.0	0.0	0.0	0.0	0.0	0.0
1.84481315979e-05	34.171875	0.0	0.0	0.0	0.0	0.0	0.0
1.84481315979e-05	51.2578125	0.0	0.0	0.0	0.0	0.0	0.0
2.21377579175e-05	3.0	1.8519e-05	1.7304e-05	1.749e-05	1.2868e-09	9.9317e-09	5.1579e-09
2.21377579175e-05	4.5	4.6983e-06	4.4086e-06	5.862e-06	2.3295e-09	3.2565e-13	9.1547e-09
2.21377579175e-05	6.75	1.1717e-06	1.0848e-06	9.5334e-07	6.1605e-15	1.5666e-14	1.0602e-13
2.21377579175e-05	10.125	1.0281e-07	1.365e-07	1.0163e-07	0.0	5.0653e-15	2.7496e-09
2.21377579175e-05	15.1875	0.0	0.0	0.0	0.0	0.0	0.0
2.21377579175e-05	22.78125	0.0	0.0	0.0	0.0	0.0	0.0
2.21377579175e-05	34.171875	0.0	0.0	0.0	0.0	0.0	0.0
2.21377579175e-05	51.2578125	0.0	0.0	0.0	0.0	0.0	0.0
2.6565309501e-05	3.0	1.9835e-05	1.9598e-05	1.9653e-05	7.2381e-13	1.1923e-08	5.0621e-09
2.6565309501e-05	4.5	6.0531e-06	5.1104e-06	6.0442e-06	1.102e-13	5.9233e-09	2.0159e-10
2.6565309501e-05	6.75	1.3563e-06	1.6788e-06	1.6157e-06	7.747e-15	5.26e-14	1.8008e-13
2.6565309501e-05	10.125	7.2772e-08	2.4976e-07	3.6427e-08	0.0	0.0	0.0
2.6565309501e-05	15.1875	0.0	6.8187e-11	1.8969e-09	0.0	0.0	0.0
2.6565309501e-05	22.78125	0.0	0.0	0.0	0.0	0.0	0.0
2.6565309501e-05	34.171875	0.0	0.0	0.0	0.0	0.0	0.0
2.6565309501e-05	51.2578125	0.0	0.0	0.0	0.0	0.0	0.0
3.18783714012e-05	3.0	2.4379e-05	2.4406e-05	2.2649e-05	1.519e-08	3.3743e-09	1.1439e-08
3.18783714012e-05	4.5	6.8925e-06	6.2446e-06	6.1938e-06	2.8527e-13	3.1721e-09	2.1634e-09
3.18783714012e-05	6.75	1.4991e-06	1.6949e-06	1.088e-06	1.2042e-14	0.0	1.0409e-14
3.18783714012e-05	10.125	1.1861e-07	1.1892e-07	1.1845e-07	4.0054e-11	0.0	0.0
3.18783714012e-05	15.1875	0.0	0.0	0.0	0.0	0.0	0.0
3.18783714012e-05	22.78125	0.0	0.0	0.0	0.0	0.0	0.0
3.18783714012e-05	34.171875	0.0	0.0	0.0	0.0	0.0	0.0
3.18783714012e-05	51.2578125	0.0	0.0	0.0	0.0	0.0	0.0
3.82540456814e-05	3.0	2.5012e-05	2.4981e-05	2.4065e-05	5.7201e-10	5.7364e-09	1.5916e-10
3.82540456814e-05	4.5	6.7973e-06	7.4832e-06	6.9964e-06	4.0115e-13	2.1908e-13	1.0496e-13
3.82540456814e-05	6.75	1.5692e-06	1.5065e-06	1.1486e-06	1.8865e-14	2.0343e-14	2.9852e-14
3.82540456814e-05	10.125	0.0	2.1022e-07	2.5193e-07	0.0	0.0	0.0
3.82540456814e-05	15.1875	0.0	0.0	4.2452e-08	0.0	0.0	0.0
3.82540456814e-05	22.78125	0.0	0.0	0.0	0.0	0.0	0.0
3.82540456814e-05	34.171875	0.0	0.0	0.0	0.0	0.0	0.0
3.82540456814e-05	51.2578125	0.0	0.0	0.0	0.0	0.0	0.0
4.59048548177e-05	3.0	2.6389e-05	2.57e-05	2.7144e-05	7.4287e-13	4.597e-09	1.5774e-09
4.59048548177e-05	4.5	7.8886e-06	7.4382e-06	7.7329e-06	1.5614e-09	2.7251e-13	4.2769e-13
4.59048548177e-05	6.75	1.645e-06	1.9156e-06	1.3134e-06	2.4723e-14	1.1322e-08	8.5334e-14
4.59048548177e-05	10.125	2.226e-07	1.5281e-09	1.3211e-07	0.0	0.0	0.0
4.59048548177e-05	15.1875	4.4812e-08	0.0	0.0	0.0	0.0	0.0
4.59048548177e-05	22.78125	0.0	0.0	0.0	0.0	0.0	0.0
4.59048548177e-05	34.171875	0.0	0.0	0.0	0.0	0.0	0.0
4.59048548177e-05	51.2578125	0.0	0.0	0.0	0.0	0.0	0.0
5.50858257813e-05	3.0	2.8829e-05	2.6748e-05	2.8041e-05	3.6768e-10	2.1147e-09	5.547e-09
5.50858257813e-05	4.5	8.4893e-06	9.8107e-06	9.1738e-06	3.5555e-09	4.911e-13	2.6486e-13
5.50858257813e-05	6.75	1.8033e-06	1.6789e-06	1.924e-06	3.4748e-09	1.1769e-08	1.8212e-13
5.50858257813e-05	10.125	2.4577e-07	1.9607e-07	9.7957e-08	0.0	0.0	0.0
5.50858257813e-05	15.1875	0.0	0.0	0.0	0.0	0.0	0.0
5.50858257813e-05	22.78125	0.0	0.0	0.0	0.0	0.0	0.0
5.50858257813e-05	34.171875	0.0	0.0	0.0	0.0	0.0	0.0
5.50858257813e-05	51.2578125	0.0	0.0	0.0	0.0	0.0	0.0
6.61029909375e-05	3.0	2.7696e-05	2.7832e-05	2.8122e-05	3.2168e-09	7.4189e-09	8.1409e-13
6.61029909375e-05	4.5	1.0372e-05	9.1575e-06	7.998e-06	2.985e-13	2.32e-08	3.0773e-13
6.61029909375e-05	6.75	1.5092e-06	1.6676e-06	1.4054e-06	5.7535e-14	0.0	1.341e-14
6.61029909375e-05	10.125	2.1453e-07	1.5906e-07	2.6485e-07	0.0	0.0	0.0
6.61029909375e-05	15.1875	0.0	0.0	5.2439e-08	0.0	0.0	0.0
6.61029909375e-05	22.78125	0.0	0.0	0.0	0.0	0.0	0.0
6.61029909375e-05	34.171875	0.0	0.0	0.0	0.0	0.0	0.0
6.61029909375e-05	51.2578125	0.0	0.0	0.0	0.0	0.0	0.0
7.9323589125e-05	3.0	3.077e-05	2.9093e-05	3.0127e-05	3.4157e-09	1.2877e-09	2.5798e-09
7.9323589125e-05	4.5	1.0902e-05	1.0465e-05	1.0257e-05	9.4258e-13	1.0863e-08	4.5892e-13
7.9323589125e-05	6.75	2.1257e-06	1.7499e-06	2.6932e-06	9.3527e-14	0.0	1.6749e-13
7.9323589125e-05	10.125	1.1311e-07	2.2525e-07	1.8317e-07	0.0	3.7444e-10	0.0
7.9323589125e-05	15.1875	0.0	5.9388e-08	0.0	0.0	0.0	0.0
7.9323589125e-05	22.78125	0.0	0.0	0.0	0.0	0.0	0.0
7.9323589125e-05	34.171875	0.0	0.0	0.0	0.0	0.0	0.0
7.9323589125e-05	51.2578125	0.0	0.0	0.0	0.0	0.0	0.0
9.518830695e-05	3.0	3.1811e-05	3.1009e-05	2.9087e-05	3.0809e-09	1.2452e-09	8.844e-13
9.518830695e-05	4.5	9.924e-06	1.0432e-05	1.0392e-05	1.414e-09	7.008e-09	3.9186e-13
9.518830695e-05	6.75	2.4117e-06	2.2401e-06	2.0877e-06	8.7504e-14	1.9417e-08	6.3362e-14
9.518830695e-05	10.125	2.1313e-07	1.0457e-07	4.4702e-08	2.4875e-14	0.0	0.0
9.518830695e-05	15.1875	0.0	5.3649e-08	0.0	0.0	0.0	0.0
9.518830695e-05	22.78125	0.0	0.0	0.0	0.0	0.0	0.0
9.518830695e-05	34.171875	0.0	0.0	0.0	0.0	0.0	0.0
9.518830695e-05	51.2578125	0.0	0.0	0.0	1.9497e-09	0.0	0.0
0.00011422596834	3.0	2.8771e-05	2.9355e-05	3.0276e-05	1.5019e-09	4.111e-09	1.3874e-12
0.00011422596834	4.5	1.1358e-05	1.1141e-05	1.0116e-05	6.6534e-09	3.9263e-13	8.8157e-10
0.00011422596834	6.75	2.2079e-06	2.1692e-06	2.2384e-06	2.9455e-14	4.6503e-10	2.2629e-14
0.00011422596834	10.125	2.3714e-07	1.0293e-07	3.0388e-07	0.0	1.6259e-09	0.0
0.00011422596834	15.1875	0.0	0.0	5.6455e-08	0.0	0.0	0.0
0.00011422596834	22.78125	0.0	0.0	0.0	0.0	0.0	0.0
0.00011422596834	34.171875	0.0	0.0	0.0	0.0	0.0	0.0
0.00011422596834	51.2578125	0.0	0.0	0.0	0.0	0.0	0.0
0.000137071162008	3.0	2.8287e-05	2.9968e-05	2.9554e-05	1.026e-12	1.3074e-12	1.2952e-08
0.000137071162008	4.5	1.1927e-05	8.9781e-06	1.098e-05	7.0891e-10	2.3843e-09	2.5623e-09
0.000137071162008	6.75	2.6105e-06	2.7488e-06	2.3236e-06	9.718e-09	2.6735e-13	6.5321e-09
0.000137071162008	10.125	1.9261e-07	1.2282e-07	2.0694e-07	0.0	0.0	1.4534e-14
0.000137071162008	15.1875	5.4757e-08	2.2584e-09	5.5418e-08	0.0	0.0	0.0
0.000137071162008	22.78125	0.0	0.0	0.0	0.0	0.0	0.0
0.000137071162008	34.171875	0.0	0.0	0.0	0.0	0.0	0.0
0.000137071162008	51.2578125	0.0	0.0	0.0	0.0	0.0	0.0
0.00016448539441	3.0	2.7769e-05	2.8034e-05	2.8591e-05	1.1015e-09	2.6904e-09	3.2335e-09
0.00016448539441	4.5	1.1586e-05	1.0356e-05	1.1926e-05	7.9879e-09	4.5307e-13	2.8882e-09
0.00016448539441	6.75	2.534e-06	2.5228e-06	2.9031e-06	4.3221e-09	0.0	5.6907e-14
0.00016448539441	10.125	3.1708e-07	3.2287e-07	1.5205e-07	7.1289e-09	8.7608e-10	0.0
0.00016448539441	15.1875	0.0	0.0	0.0	0.0	0.0	0.0
0.00016448539441	22.78125	0.0	0.0	0.0	0.0	0.0	0.0
0.00016448539441	34.171875	0.0	0.0	0.0	0.0	0.0	0.0
0.00016448539441	51.2578125	0.0	0.0	0.0	0.0	0.0	0.0
0.000197382473292	3.0	2.7865e-05	2.8842e-05	2.7422e-05	6.2366e-09	8.3837e-13	4.4317e-09
0.000197382473292	4.5	9.9886e-06	1.1677e-05	1.2252e-05	7.0641e-10	3.7194e-09	3.2774e-09
0.000197382473292	6.75	3.3096e-06	3.3438e-06	2.7663e-06	2.6916e-09	7.0061e-14	7.3861e-14
0.000197382473292	10.125	2.8017e-07	3.835e-07	5.4866e-07	0.0	0.0	0.0
0.000197382473292	15.1875	0.0	0.0	0.0	0.0	0.0	0.0
0.000197382473292	22.78125	0.0	0.0	0.0	0.0	0.0	0.0
0.000197382473292	34.171875	0.0	0.0	0.0	0.0	0.0	0.0
0.000197382473292	51.2578125	0.0	0.0	0.0	0.0	0.0	0.0
0.00023685896795	3.0	2.7527e-05	2.548e-05	2.7887e-05	2.2209e-10	6.1189e-09	9.3292e-10
0.00023685896795	4.5	1.1333e-05	1.1855e-05	1.1608e-05	3.7294e-13	6.949e-09	4.4626e-13
0.00023685896795	6.75	2.9606e-06	2.5684e-06	2.2867e-06	7.8867e-09	8.6884e-15	2.8217e-14
0.00023685896795	10.125	2.8614e-07	3.0456e-07	2.9875e-07	0.0	0.0	0.0
0.00023685896795	15.1875	0.0	2.7962e-09	0.0	0.0	0.0	0.0
0.00023685896795	22.78125	0.0	0.0	0.0	0.0	0.0	0.0
0.00023685896795	34.171875	0.0	0.0	0.0	0.0	0.0	0.0
0.00023685896795	51.2578125	0.0	0.0	0.0	0.0	0.0	0.0
0.00028423076154	3.0	2.6869e-05	2.4984e-05	2.5652e-05	1.2717e-08	2.3277e-09	8.6086e-09
0.00028423076154	4.5	1.2447e-05	1.178e-05	1.1863e-05	6.6871e-13	1.1929e-09	1.7494e-08
0.00028423076154	6.75	3.1457e-06	3.0059e-06	2.2545e-06	2.0571e-09	0.0	1.0955e-13
0.00028423076154	10.125	3.1916e-07	3.779e-07	1.0862e-07	0.0	0.0	1.5928e-09
0.00028423076154	15.1875	3.1052e-07	0.0	0.0	0.0	0.0	9.3457e-10
0.00028423076154	22.78125	0.0	0.0	0.0	0.0	0.0	0.0
0.00028423076154	34.171875	0.0	0.0	0.0	0.0	0.0	0.0
0.00028423076154	51.2578125	0.0	0.0	0.0	0.0	0.0	0.0
0.000341076913848	3.0	2.5588e-05	2.5958e-05	2.6247e-05	8.8743e-09	8.3599e-09	9.1595e-09
0.000341076913848	4.5	1.1928e-05	1.0903e-05	1.1214e-05	1.9035e-13	2.8333e-13	1.9136e-09
0.000341076913848	6.75	2.9192e-06	2.7056e-06	2.7982e-06	4.025e-09	6.7303e-14	9.5842e-14
0.000341076913848	10.125	1.6606e-07	2.5374e-07	2.9545e-07	0.0	0.0	1.5144e-14
0.000341076913848	15.1875	0.0	0.0	0.0	0.0	0.0	0.0
0.000341076913848	22.78125	0.0	0.0	0.0	0.0	0.0	0.0
0.000341076913848	34.171875	0.0	0.0	0.0	0.0	0.0	0.0
0.000341076913848	51.2578125	0.0	0.0	0.0	0.0	0.0	0.0
0.000409292296617	3.0	2.3314e-05	2.2608e-05	2.5289e-05	5.0684e-10	9.2421e-09	1.1871e-09
0.000409292296617	4.5	1.2453e-05	1.3249e-05	1.1061e-05	1.0432e-09	2.6063e-08	1.4991e-13
0.000409292296617	6.75	2.7427e-06	3.1579e-06	2.4281e-06	1.0441e-08	1.1934e-13	2.7289e-14
0.000409292296617	10.125	1.9539e-07	3.2323e-07	4.6574e-07	6.6069e-09	1.732e-14	0.0
0.000409292296617	15.1875	5.4965e-08	0.0	0.0	0.0	1.8904e-10	7.9916e-09
0.000409292296617	22.78125	0.0	0.0	0.0	0.0	0.0	0.0
0.000409292296617	34.171875	0.0	0.0	0.0	0.0	0.0	0.0
0.000409292296617	51.2578125	0.0	0.0	0.0	0.0	0.0	0.0
0.000491150755941	3.0	2.482e-05	2.3093e-05	2.4859e-05	1.4245e-09	6.9807e-13	9.4411e-10
0.000491150755941	4.5	1.2052e-05	1.1335e-05	1.1741e-05	2.198e-10	6.349e-10	4.3637e-09
0.000491150755941	6.75	3.2986e-06	2.3415e-06	3.2279e-06	4.8131e-09	1.4439e-13	3.7787e-14
0.000491150755941	10.125	5.1369e-07	2.1681e-07	3.1403e-07	7.2887e-15	0.0	0.0
0.000491150755941	15.1875	0.0	0.0	0.0	0.0	0.0	0.0
0.000491150755941	22.78125	0.0	0.0	0.0	0.0	0.0	0.0
0.000491150755941	34.171875	0.0	0.0	0.0	0.0	0.0	0.0
0.000491150755941	51.2578125	0.0	0.0	0.0	0.0	0.0	0.0
0.000589380907129	3.0	2.3425e-05	2.4364e-05	2.2738e-05	6.869e-10	6.4562e-13	5.6907e-13
0.000589380907129	4.5	1.2403e-05	9.8135e-06	1.1595e-05	2.3872e-13	4.4117e-13	3.5822e-13
0.000589380907129	6.75	3.0481e-06	2.6668e-06	3.5359e-06	5.6171e-14	1.7303e-14	8.4857e-10
0.000589380907129	10.125	5.5431e-07	1.0376e-07	2.5052e-07	0.0	0.0	0.0
0.000589380907129	15.1875	0.0	9.6756e-08	0.0	0.0	0.0	0.0
0.000589380907129	22.78125	0.0	0.0	0.0	0.0	0.0	0.0
0.000589380907129	34.171875	0.0	0.0	0.0	0.0	0.0	0.0
0.000589380907129	51.2578125	0.0	0.0	0.0	0.0	0.0	0.0
0.000707257088555	3.0	2.1107e-05	2.2451e-05	2.2512e-05	1.4365e-12	1.0339e-08	4.36e-09
0.000707257088555	4.5	1.1206e-05	1.115e-05	1.0977e-05	4.1864e-09	3.9237e-13	2.1943e-13
0.000707257088555	6.75	2.8219e-06	3.425e-06	3.2459e-06	2.2407e-09	4.7113e-09	1.6983e-13
0.000707257088555	10.125	5.5451e-07	2.2912e-07	6.8512e-07	0.0	0.0	0.0
0.000707257088555	15.1875	4.7801e-09	0.0	0.0	0.0	0.0	0.0
0.000707257088555	22.78125	0.0	0.0	0.0	0.0	0.0	0.0
0.000707257088555	34.171875	0.0	0.0	0.0	0.0	0.0	0.0
0.000707257088555	51.2578125	0.0	0.0	0.0	0.0	0.0	0.0
0.000848708506266	3.0	2.212e-05	2.2762e-05	2.1327e-05	4.9221e-09	1.1439e-12	8.101e-13
0.000848708506266	4.5	1.067e-05	1.1687e-05	1.2043e-05	6.0027e-14	9.864e-13	3.1618e-13
0.000848708506266	6.75	4.2745e-06	4.6846e-06	2.9556e-06	8.2635e-14	5.0734e-14	9.6307e-14
0.000848708506266	10.125	2.3374e-07	5.5951e-07	3.0584e-07	0.0	0.0	0.0
0.000848708506266	15.1875	0.0	4.3816e-08	1.0257e-07	0.0	0.0	0.0
0.000848708506266	22.78125	0.0	0.0	0.0	0.0	0.0	0.0
0.000848708506266	34.171875	0.0	0.0	0.0	0.0	0.0	0.0
0.000848708506266	51.2578125	0.0	0.0	0.0	0.0	0.0	0.0
0.00101845020752	3.0	1.8763e-05	2.1034e-05	2.1667e-05	4.5876e-09	1.292e-12	1.5678e-09
0.00101845020752	4.5	1.1837e-05	1.1248e-05	1.0145e-05	4.207e-13	8.9892e-09	3.7767e-13
0.00101845020752	6.75	3.2265e-06	2.4075e-06	3.6377e-06	4.044e-14	6.9634e-09	7.3125e-14
0.00101845020752	10.125	2.1367e-07	2.9785e-07	5.3747e-07	4.363e-14	0.0	0.0
0.00101845020752	15.1875	0.0	4.8962e-08	0.0	0.0	0.0	0.0
0.00101845020752	22.78125	0.0	0.0	0.0	0.0	0.0	0.0
0.00101845020752	34.171875	0.0	0.0	0.0	0.0	0.0	0.0
0.00101845020752	51.2578125	0.0	0.0	0.0	0.0	0.0	0.0
0.00122214024902	3.0	1.9529e-05	2.0204e-05	1.9878e-05	1.6474e-12	1.6116e-12	2.108e-12
0.00122214024902	4.5	1.104e-05	1.1087e-05	1.2452e-05	2.3155e-09	8.5457e-13	1.8443e-13
0.00122214024902	6.75	3.2401e-06	3.3166e-06	3.4081e-06	1.7478e-09	2.1734e-13	3.2881e-13
0.00122214024902	10.125	2.4128e-07	2.9866e-07	3.5044e-07	0.0	0.0	1.7583e-14
0.00122214024902	15.1875	0.0	8.7391e-08	8.8632e-08	0.0	0.0	0.0
0.00122214024902	22.78125	0.0	0.0	0.0	0.0	0.0	0.0
0.00122214024902	34.171875	0.0	0.0	0.0	0.0	0.0	0.0
0.00122214024902	51.2578125	0.0	0.0	0.0	0.0	0.0	0.0
0.00146656829883	3.0	1.8938e-05	1.8974e-05	1.8596e-05	1.5707e-12	9.6793e-10	6.2323e-09
0.00146656829883	4.5	1.1979e-05	1.074e-05	1.0765e-05	1.1639e-08	1.7727e-10	3.3105e-13
0.00146656829883	6.75	2.9226e-06	3.3317e-06	3.4213e-06	2.3576e-09	3.327e-09	3.0764e-10
0.00146656829883	10.125	4.3698e-07	2.6964e-07	3.939e-07	3.0022e-09	0.0	0.0
0.00146656829883	15.1875	5.2822e-08	3.535e-08	0.0	0.0	0.0	0.0
0.00146656829883	22.78125	0.0	0.0	0.0	0.0	0.0	0.0
0.00146656829883	34.171875	0.0	0.0	0.0	0.0	0.0	0.0
0.00146656829883	51.2578125	0.0	0.0	5.486e-09	0.0	0.0	0.0
0.00175988195859	3.0	1.8648e-05	1.8369e-05	1.8467e-05	3.7074e-09	4.215e-09	2.1052e-12
0.00175988195859	4.5	1.1079e-05	1.1355e-05	1.0082e-05	4.5789e-09	2.5257e-13	2.4959e-13
0.00175988195859	6.75	3.3176e-06	3.5741e-06	2.9755e-06	3.6652e-14	1.0048e-13	1.3006e-09
0.00175988195859	10.125	5.6275e-07	3.3571e-07	5.0287e-07	0.0	0.0	1.7335e-14
0.00175988195859	15.1875	1.0211e-07	3.0457e-08	0.0	7.3807e-10	0.0	0.0
0.00175988195859	22.78125	0.0	0.0	0.0	0.0	0.0	0.0
0.00175988195859	34.171875	0.0	0.0	0.0	0.0	0.0	0.0
0.00175988195859	51.2578125	0.0	0.0	0.0	0.0	0.0	0.0
0.00211185835031	3.0	1.8653e-05	1.6718e-05	1.7629e-05	2.8549e-12	2.7564e-12	7.3239e-09
0.00211185835031	4.5	1.1362e-05	1.1636e-05	9.7647e-06	6.8573e-13	4.1969e-13	5.0264e-13
0.00211185835031	6.75	4.2771e-06	3.0158e-06	3.4489e-06	3.582e-10	1.1451e-13	7.7451e-10
0.00211185835031	10.125	4.9601e-07	3.6801e-07	4.5818e-07	0.0	1.0027e-09	0.0
0.00211185835031	15.1875	0.0	0.0	0.0	6.0249e-09	0.0	4.294e-09
0.00211185835031	22.78125	0.0	0.0	0.0	0.0	0.0	0.0
0.00211185835031	34.171875	0.0	0.0	0.0	0.0	0.0	0.0
0.00211185835031	51.2578125	0.0	0.0	0.0	0.0	0.0	0.0
0.00253423002037	3.0	1.6101e-05	1.6218e-05	1.5996e-05	5.44e-12	1.4896e-09	2.9987e-10
0.00253423002037	4.5	9.4266e-06	1.1556e-05	1.0467e-05	4.2936e-09	3.517e-13	1.1772e-08
0.00253423002037	6.75	2.5866e-06	3.8135e-06	3.5664e-06	1.289e-14	1.6152e-13	1.1886e-14
0.00253423002037	10.125	4.3665e-07	4.0618e-07	3.1776e-07	2.9555e-14	0.0	0.0
0.00253423002037	15.1875	3.8184e-08	0.0	0.0	0.0	0.0	0.0
0.00253423002037	22.78125	0.0	0.0	0.0	0.0	0.0	0.0
0.00253423002037	34.171875	0.0	0.0	0.0	0.0	0.0	0.0
0.00253423002037	51.2578125	0.0	0.0	0.0	0.0	0.0	0.0
0.00304107602445	3.0	1.5003e-05	1.5208e-05	1.6316e-05	1.1532e-08	4.4207e-09	8.0016e-09
0.00304107602445	4.5	1.083e-05	9.1602e-06	1.016e-05	2.2747e-12	7.0537e-13	4.5322e-09
0.00304107602445	6.75	2.9893e-06	3.5215e-06	3.6675e-06	4.2355e-14	1.5256e-09	3.398e-13
0.00304107602445	10.125	5.0675e-07	3.1271e-07	2.7534e-07	1.7333e-14	0.0	9.3106e-09
0.00304107602445	15.1875	0.0	9.6827e-08	0.0	0.0	0.0	0.0
0.00304107602445	22.78125	0.0	0.0	0.0	0.0	0.0	0.0
0.00304107602445	34.171875	0.0	0.0	0.0	0.0	0.0	0.0
0.00304107602445	51.2578125	0.0	0.0	0.0	0.0	0.0	0.0
0.00364929122934	3.0	1.5204e-05	1.5412e-05	1.4827e-05	1.6716e-11	2.0045e-08	1.1363e-08
0.00364929122934	4.5	9.5537e-06	1.1168e-05	8.9855e-06	1.9915e-10	7.065e-10	3.9853e-10
0.00364929122934	6.75	3.1384e-06	3.5279e-06	2.9966e-06	7.9852e-14	5.0884e-14	2.1689e-13
0.00364929122934	10.125	4.0381e-07	7.4178e-07	6.1709e-07	0.0	0.0	0.0
0.00364929122934	15.1875	5.6012e-08	0.0	0.0	0.0	0.0	0.0
0.00364929122934	22.78125	0.0	0.0	0.0	0.0	0.0	0.0
0.00364929122934	34.171875	0.0	0.0	0.0	0.0	0.0	0.0
0.00364929122934	51.2578125	0.0	0.0	0.0	0.0	0.0	0.0
0.00437914947521	3.0	1.3807e-05	1.3345e-05	1.3902e-05	1.1692e-11	2.6438e-09	9.8193e-12
0.00437914947521	4.5	9.0048e-06	1.1077e-05	8.2465e-06	3.4393e-13	1.0354e-12	1.6466e-12
0.00437914947521	6.75	3.1904e-06	4.0271e-06	3.3179e-06	4.1188e-14	2.3304e-13	8.9537e-09
0.00437914947521	10.125	4.3332e-07	3.4321e-07	2.965e-07	0.0	8.6603e-14	4.3641e-09
0.00437914947521	15.1875	4.46e-08	0.0	5.3237e-08	0.0	0.0	0.0
0.00437914947521	22.78125	0.0	0.0	0.0	0.0	0.0	0.0
0.00437914947521	34.171875	0.0	0.0	0.0	0.0	0.0	0.0
0.00437914947521	51.2578125	0.0	0.0	0.0	0.0	0.0	0.0
0.00525497937025	3.0	1.3306e-05	1.4451e-05	1.3393e-05	2.7153e-11	1.3862e-11	3.0438e-09
0.00525497937025	4.5	9.7271e-06	1.0369e-05	9.9933e-06	3.3554e-09	1.1454e-12	9.155e-13
0.00525497937025	6.75	3.9548e-06	4.0686e-06	3.5418e-06	6.485e-09	5.7332e-14	2.0009e-13
0.00525497937025	10.125	7.6695e-07	3.8189e-07	5.4e-07	0.0	5.9133e-14	0.0
0.00525497937025	15.1875	0.0	0.0	5.6346e-08	0.0	0.0	0.0
0.00525497937025	22.78125	0.0	0.0	0.0	0.0	0.0	0.0
0.00525497937025	34.171875	0.0	0.0	0.0	0.0	0.0	0.0
0.00525497937025	51.2578125	0.0	0.0	0.0	0.0	0.0	0.0
0.0063059752443	3.0	1.2442e-05	1.3324e-05	1.253e-05	3.3636e-11	1.2541e-08	3.9297e-10
0.0063059752443	4.5	9.3343e-06	9.7617e-06	9.7352e-06	5.5822e-09	1.453e-09	1.7453e-12
0.0063059752443	6.75	3.9026e-06	3.9029e-06	3.8107e-06	1.6983e-13	2.3302e-13	5.9196e-14
0.0063059752443	10.125	6.0344e-07	2.8173e-07	4.0409e-07	5.6791e-14	0.0	8.3343e-14
0.0063059752443	15.1875	4.1522e-08	3.1026e-08	4.6723e-08	0.0	0.0	0.0
0.0063059752443	22.78125	0.0	0.0	0.0	0.0	0.0	0.0
0.0063059752443	34.171875	0.0	0.0	0.0	0.0	0.0	0.0
0.0063059752443	51.2578125	1.3994e-09	0.0	0.0	0.0	0.0	0.0
0.00756717029316	3.0	1.241e-05	1.2537e-05	1.2634e-05	7.9721e-11	2.7876e-09	6.6916e-11
0.00756717029316	4.5	9.3465e-06	9.8458e-06	1.0073e-05	1.3816e-12	6.6912e-12	8.9017e-12
0.00756717029316	6.75	3.8749e-06	4.1508e-06	3.4785e-06	7.7183e-09	2.6638e-14	2.442e-12
0.00756717029316	10.125	5.121e-07	7.417e-07	5.0675e-07	0.0	2.2077e-09	0.0
0.00756717029316	15.1875	0.0	5.2347e-08	4.3391e-08	0.0	0.0	0.0
0.00756717029316	22.78125	0.0	0.0	0.0	0.0	0.0	0.0
0.00756717029316	34.171875	0.0	0.0	0.0	0.0	0.0	0.0
0.00756717029316	51.2578125	0.0	0.0	0.0	0.0	0.0	0.0
0.00908060435179	3.0	1.1737e-05	1.0759e-05	1.0741e-05	1.08e-10	1.4391e-10	2.3018e-09
0.00908060435179	4.5	8.8526e-06	9.6709e-06	1.0366e-05	1.5698e-08	1.2603e-12	5.3404e-12
0.00908060435179	6.75	3.8293e-06	4.0919e-06	3.6718e-06	5.7252e-10	4.0655e-13	2.7484e-12
0.00908060435179	10.125	4.2327e-07	9.2042e-07	7.9079e-07	0.0	6.2592e-15	0.0
0.00908060435179	15.1875	3.7145e-08	4.3523e-08	2.4642e-09	0.0	0.0	0.0
0.00908060435179	22.78125	0.0	0.0	0.0	0.0	0.0	0.0
0.00908060435179	34.171875	0.0	0.0	0.0	0.0	0.0	0.0
0.00908060435179	51.2578125	0.0	0.0	0.0	0.0	0.0	0.0
0.0108967252221	3.0	1.1198e-05	1.026e-05	1.1362e-05	3.1382e-10	2.8974e-10	7.8392e-09
0.0108967252221	4.5	9.41e-06	1.009e-05	9.9283e-06	1.2231e-08	1.4037e-11	5.922e-09
0.0108967252221	6.75	4.1923e-06	3.6153e-06	4.0497e-06	2.1916e-13	1.95e-12	5.1102e-09
0.0108967252221	10.125	6.0778e-07	8.1878e-07	7.6037e-07	5.34e-14	0.0	2.174e-14
0.0108967252221	15.1875	5.6879e-08	0.0	9.8096e-08	1.3905e-08	0.0	0.0
0.0108967252221	22.78125	0.0	0.0	0.0	0.0	0.0	0.0
0.0108967252221	34.171875	0.0	0.0	0.0	0.0	0.0	0.0
0.0108967252221	51.2578125	0.0	0.0	0.0	0.0	0.0	0.0
0.0130760702666	3.0	1.0559e-05	1.1407e-05	1.0449e-05	3.9464e-09	7.7778e-10	7.5345e-10
0.0130760702666	4.5	8.1231e-06	9.6324e-06	9.4401e-06	4.963e-11	1.0163e-10	1.4154e-09
0.0130760702666	6.75	3.7041e-06	5.2215e-06	5.3559e-06	3.9784e-14	1.7976e-09	4.1038e-13
0.0130760702666	10.125	7.4014e-07	1.2964e-06	7.5948e-07	8.6722e-10	2.678e-14	1.4893e-14
0.0130760702666	15.1875	0.0	0.0	0.0	0.0	0.0	0.0
0.0130760702666	22.78125	0.0	0.0	0.0	0.0	0.0	0.0
0.0130760702666	34.171875	0.0	0.0	0.0	0.0	0.0	0.0
0.0130760702666	51.2578125	0.0	0.0	0.0	0.0	0.0	0.0
0.0156912843199	3.0	1.0026e-05	9.545e-06	9.3898e-06	8.8273e-10	4.7161e-09	1.1378e-09
0.0156912843199	4.5	1.0508e-05	8.7049e-06	9.3511e-06	2.3553e-10	4.199e-10	5.5443e-11
0.0156912843199	6.75	4.9928e-06	5.2783e-06	4.6865e-06	8.2611e-14	4.0343e-13	1.3563e-12
0.0156912843199	10.125	4.2159e-07	1.3869e-06	1.1735e-06	2.345e-15	9.6638e-15	4.2652e-14
0.0156912843199	15.1875	4.8064e-08	1.1169e-07	7.6765e-08	0.0	0.0	0.0
0.0156912843199	22.78125	0.0	0.0	0.0	0.0	0.0	0.0
0.0156912843199	34.171875	0.0	0.0	8.6038e-09	0.0	0.0	0.0
0.0156912843199	51.2578125	0.0	0.0	0.0	0.0	0.0	0.0
0.0188295411839	3.0	8.3593e-06	8.0138e-06	9.466e-06	1.6314e-09	2.8733e-09	6.9147e-09
0.0188295411839	4.5	8.9841e-06	9.3562e-06	9.9727e-06	4.2998e-09	8.8476e-09	2.6284e-10
0.0188295411839	6.75	6.263e-06	5.5173e-06	4.4872e-06	1.4104e-11	4.9252e-11	9.5683e-12
0.0188295411839	10.125	9.4479e-07	1.6205e-06	1.2411e-06	3.1026e-15	9.3584e-13	1.8153e-14
0.0188295411839	15.1875	1.6233e-07	4.6516e-08	4.8886e-08	0.0	0.0	0.0
0.0188295411839	22.78125	0.0	0.0	0.0	0.0	0.0	0.0
0.0188295411839	34.171875	0.0	0.0	0.0	0.0	0.0	0.0
0.0188295411839	51.2578125	0.0	0.0	0.0	0.0	0.0	0.0
0.0225954494206	3.0	8.151e-06	8.4102e-06	8.103e-06	1.1294e-08	1.1291e-08	1.169e-08
0.0225954494206	4.5	1.0083e-05	1.0645e-05	9.1094e-06	2.421e-09	1.6084e-09	1.5108e-09
0.0225954494206	6.75	5.1707e-06	5.8405e-06	5.3803e-06	3.3824e-11	6.4969e-09	4.3447e-09
0.0225954494206	10.125	1.2814e-06	8.1824e-07	1.5266e-06	7.7615e-14	1.2924e-13	1.2327e-08
0.0225954494206	15.1875	9.0919e-08	1.0968e-07	1.5888e-07	0.0	0.0	0.0
0.0225954494206	22.78125	0.0	0.0	0.0	0.0	0.0	0.0
0.0225954494206	34.171875	0.0	0.0	0.0	0.0	0.0	0.0
0.0225954494206	51.2578125	0.0	0.0	0.0	0.0	0.0	0.0
0.0271145393048	3.0	6.1197e-06	6.3937e-06	7.1921e-06	1.9006e-08	1.5846e-08	1.1736e-08
0.0271145393048	4.5	7.8836e-06	8.8519e-06	8.5099e-06	2.969e-09	3.8473e-09	3.897e-09
0.0271145393048	6.75	5.5574e-06	5.1282e-06	6.1455e-06	1.2468e-10	4.7793e-10	8.7574e-09
0.0271145393048	10.125	9.4211e-07	1.4956e-06	1.6449e-06	3.4461e-14	2.5932e-12	1.366e-13
0.0271145393048	15.1875	1.679e-07	1.4902e-07	1.4553e-07	0.0	3.994e-14	0.0
0.0271145393048	22.78125	0.0	0.0	0.0	0.0	0.0	0.0
0.0271145393048	34.171875	0.0	0.0	0.0	0.0	0.0	0.0
0.0271145393048	51.2578125	0.0	0.0	0.0	0.0	0.0	0.0
0.0325374471657	3.0	5.2707e-06	6.4073e-06	5.7589e-06	1.5681e-08	1.1165e-08	4.8637e-08
0.0325374471657	4.5	8.3577e-06	8.1149e-06	7.5294e-06	5.3939e-09	3.9557e-09	4.4797e-09
0.0325374471657	6.75	5.9894e-06	5.0188e-06	5.3192e-06	4.437e-10	3.3865e-10	9.4894e-10
0.0325374471657	10.125	1.6678e-06	2.0961e-06	2.4849e-06	2.755e-14	8.8503e-14	7.372e-11
0.0325374471657	15.1875	1.1338e-07	9.2549e-08	2.9878e-07	0.0	0.0	1.0059e-13
0.0325374471657	22.78125	0.0	0.0	0.0	0.0	0.0	0.0
0.0325374471657	34.171875	0.0	0.0	0.0	0.0	0.0	0.0
0.0325374471657	51.2578125	0.0	0.0	0.0	0.0	0.0	0.0
0.0390449365989	3.0	5.0391e-06	3.8087e-06	5.1251e-06	2.07e-08	2.4395e-08	2.461e-08
0.0390449365989	4.5	5.7606e-06	6.1526e-06	7.1276e-06	6.9806e-09	5.1356e-09	8.4059e-09
0.0390449365989	6.75	5.7176e-06	5.6869e-06	5.7572e-06	1.8635e-09	5.5395e-09	3.691e-09
0.0390449365989	10.125	2.2673e-06	2.0438e-06	1.9793e-06	6.0952e-10	1.9647e-10	3.6076e-10
0.0390449365989	15.1875	2.4283e-07	5.0646e-07	2.9379e-07	7.3388e-11	0.0	1.3327e-14
0.0390449365989	22.78125	0.0	0.0	0.0	0.0	0.0	0.0
0.0390449365989	34.171875	0.0	0.0	0.0	0.0	0.0	0.0
0.0390449365989	51.2578125	0.0	0.0	0.0	0.0	0.0	0.0
0.0468539239186	3.0	4.006e-06	3.343e-06	3.1092e-06	2.6121e-08	3.5368e-08	2.9942e-08
0.0468539239186	4.5	5.4567e-06	5.8298e-06	5.0575e-06	1.3182e-08	1.2594e-08	1.4711e-08
0.0468539239186	6.75	6.0815e-06	5.2911e-06	5.135e-06	3.3907e-09	6.3295e-09	4.813e-09
0.0468539239186	10.125	2.2239e-06	2.6317e-06	1.9098e-06	9.5015e-11	8.869e-10	5.2296e-10
0.0468539239186	15.1875	4.4826e-07	4.44e-07	4.4994e-07	6.3098e-12	9.2129e-11	9.3671e-12
0.0468539239186	22.78125	9.9638e-08	0.0	7.7076e-08	1.1822e-09	0.0	0.0
0.0468539239186	34.171875	0.0	0.0	0.0	0.0	0.0	0.0
0.0468539239186	51.2578125	0.0	0.0	0.0	0.0	0.0	0.0
0.0562247087024	3.0	2.3955e-06	2.2569e-06	2.9534e-06	4.3394e-08	3.8088e-08	4.2972e-08
0.0562247087024	4.5	4.611e-06	3.9399e-06	4.7901e-06	1.3239e-08	1.889e-08	1.7992e-08
0.0562247087024	6.75	5.2922e-06	4.9022e-06	5.0812e-06	4.7038e-09	6.8561e-09	8.7803e-10
0.0562247087024	10.125	2.3045e-06	2.1854e-06	2.2286e-06	9.8164e-10	1.1688e-09	9.6309e-10
0.0562247087024	15.1875	5.702e-07	7.458e-07	4.6279e-07	1.792e-09	1.3154e-14	6.891e-10
0.0562247087024	22.78125	9.6993e-08	8.4724e-08	1.0999e-07	0.0	0.0	0.0
0.0562247087024	34.171875	0.0	0.0	0.0	0.0	0.0	0.0
0.0562247087024	51.2578125	0.0	0.0	0.0	0.0	0.0	0.0
0.0674696504428	3.0	2.0204e-06	1.8967e-06	2.0135e-06	5.8542e-08	5.9261e-08	7.6e-08
0.0674696504428	4.5	3.4958e-06	3.1197e-06	3.4641e-06	2.6284e-08	2.2883e-08	1.9736e-08
0.0674696504428	6.75	4.6031e-06	3.4567e-06	4.2554e-06	1.6809e-08	5.864e-09	5.6807e-09
0.0674696504428	10.125	2.1793e-06	2.9988e-06	2.4217e-06	2.0776e-09	1.5014e-09	1.5798e-09
0.0674696504428	15.1875	7.6632e-07	7.2445e-07	1.0206e-06	0.0	1.7223e-12	0.0
0.0674696504428	22.78125	9.0899e-08	2.2121e-07	1.0932e-07	0.0	0.0	0.0
0.0674696504428	34.171875	0.0	0.0	0.0	0.0	0.0	0.0
0.0674696504428	51.2578125	0.0	0.0	0.0	0.0	0.0	0.0
0.0809635805314	3.0	1.2617e-06	1.4936e-06	1.4084e-06	8.2181e-08	1.0012e-07	8.742e-08
0.0809635805314	4.5	2.3521e-06	2.2326e-06	2.7172e-06	2.8244e-08	3.6585e-08	2.1182e-08
0.0809635805314	6.75	2.8362e-06	3.0864e-06	2.7733e-06	1.4637e-08	1.0848e-08	1.8438e-08
0.0809635805314	10.125	1.8653e-06	1.9662e-06	2.7976e-06	7.3774e-09	2.6206e-09	2.4082e-09
0.0809635805314	15.1875	7.7911e-07	8.046e-07	1.0352e-06	7.5981e-11	5.3363e-10	6.8562e-10
0.0809635805314	22.78125	3.7452e-08	2.2832e-07	6.5994e-08	1.151e-09	2.5489e-10	0.0
0.0809635805314	34.171875	0.0	0.0	0.0	0.0	0.0	0.0
0.0809635805314	51.2578125	0.0	0.0	0.0	0.0	0.0	0.0
0.0971562966377	3.0	1.0105e-06	9.6203e-07	1.1168e-06	1.5848e-07	1.3691e-07	1.7419e-07
0.0971562966377	4.5	2.3759e-06	1.7235e-06	1.4287e-06	5.0357e-08	6.8679e-08	6.3063e-08
0.0971562966377	6.75	2.4491e-06	1.8827e-06	2.9287e-06	2.171e-08	1.832e-08	2.5297e-08
0.0971562966377	10.125	2.4525e-06	1.8687e-06	2.1361e-06	6.945e-09	7.8121e-09	9.4398e-09
0.0971562966377	15.1875	6.7066e-07	7.7662e-07	1.0334e-06	8.3779e-10	2.365e-09	2.4453e-09
0.0971562966377	22.78125	1.7811e-07	2.3476e-07	1.028e-07	4.0008e-09	1.6759e-14	1.6414e-09
0.0971562966377	34.171875	0.0	0.0	2.6704e-08	0.0	0.0	0.0
0.0971562966377	51.2578125	0.0	0.0	0.0	0.0	0.0	0.0
0.116587555965	3.0	6.5077e-07	8.2786e-07	9.3274e-07	1.8114e-07	2.6072e-07	1.958e-07
0.116587555965	4.5	1.4223e-06	1.1408e-06	1.2643e-06	9.47e-08	8.6767e-08	1.1544e-07
0.116587555965	6.75	1.6497e-06	1.3184e-06	2.1392e-06	3.3867e-08	3.5106e-08	3.0456e-08
0.116587555965	10.125	2.299e-06	1.3943e-06	1.2834e-06	4.1183e-09	3.3256e-09	2.0234e-08
0.116587555965	15.1875	8.2647e-07	1.2048e-06	1.027e-06	7.3412e-09	1.5957e-09	6.3236e-09
0.116587555965	22.78125	2.8069e-07	4.0872e-07	8.0732e-07	3.4737e-12	1.4859e-15	3.0096e-09
0.116587555965	34.171875	4.3776e-08	5.6925e-08	0.0	0.0	0.0	0.0
0.116587555965	51.2578125	0.0	0.0	0.0	0.0	0.0	0.0