E	r	rate6	rate7
2.5e-11	4.05	7.6747e-06	7.2111e-06	7.5279e-06	7.6408e-06	7.4964e-06	2.5087e-08	1.0456e-08	1.565e-08	1.3523e-08	2.8248e-08
2.5e-11	5.4	2.9396e-06	2.8796e-06	2.6062e-06	2.6365e-06	3.0634e-06	1.0457e-08	3.7629e-09	1.4253e-08	1.5057e-08	2.2577e-08
2.5e-11	6.65	1.1275e-06	1.1953e-06	1.2718e-06	1.3243e-06	1.3427e-06	7.1367e-10	2.9607e-09	6.2301e-09	7.176e-09	1.3011e-08
2.5e-11	8.9	3.6101e-07	3.242e-07	2.5459e-07	2.7247e-07	2.2086e-07	9.574e-09	3.5044e-09	6.6147e-14	3.568e-09	5.6482e-09
2.5e-11	11.65	1.3501e-08	2.6776e-08	4.5641e-08	1.6593e-08	5.3695e-08	7.1277e-15	0.0	4.9484e-09	3.4486e-09	4.2113e-15
1e-10	4.05	8.2394e-06	8.4504e-06	7.9183e-06	7.6808e-06	8.0003e-06	2.1716e-08	1.7081e-08	3.2456e-08	1.8992e-08	3.054e-08
1e-10	5.4	3.0878e-06	3.0319e-06	2.7837e-06	3.5605e-06	3.1424e-06	9.4544e-09	1.0074e-08	1.0565e-08	1.4183e-08	1.2849e-08
1e-10	6.65	1.2919e-06	1.5196e-06	1.3073e-06	1.3454e-06	1.2811e-06	8.658e-10	4.3185e-09	1.2928e-09	5.6625e-09	1.6113e-08
1e-10	8.9	3.5492e-07	2.1563e-07	3.567e-07	4.0297e-07	2.8986e-07	1.5613e-09	1.8989e-11	3.03e-09	5.5413e-09	2.6028e-09
1e-10	11.65	4.1012e-08	7.0771e-08	4.082e-08	5.4199e-08	7.2733e-08	6.5827e-09	4.1583e-15	7.5194e-09	7.1394e-15	3.2092e-09
3e-10	4.05	8.6342e-06	8.7583e-06	8.0157e-06	8.4966e-06	7.9542e-06	2.2499e-08	5.8989e-08	1.7593e-08	1.7082e-08	3.1019e-08
3e-10	5.4	3.0569e-06	3.1254e-06	3.016e-06	3.0384e-06	3.0877e-06	1.9523e-08	2.2233e-08	2.3117e-08	1.1031e-08	1.5976e-08
3e-10	6.65	1.3847e-06	1.2944e-06	1.3593e-06	1.4215e-06	1.3792e-06	9.3487e-09	2.2819e-09	4.4689e-09	2.433e-08	1.3307e-08
3e-10	8.9	2.0173e-07	2.3342e-07	2.9945e-07	2.5176e-07	4.1976e-07	1.5433e-14	5.8532e-09	3.2357e-09	9.2941e-09	4.0969e-09
3e-10	11.65	5.8177e-08	4.677e-08	9.6142e-08	2.6803e-08	7.4808e-08	9.4807e-10	0.0	1.3234e-09	9.4076e-10	4.5321e-09
1e-09	4.05	8.5433e-06	8.3943e-06	7.9142e-06	8.5169e-06	8.7872e-06	1.8237e-08	1.2904e-08	3.3715e-08	3.3799e-08	2.1847e-08
1e-09	5.4	2.8543e-06	3.2181e-06	3.2477e-06	3.416e-06	3.1113e-06	5.1026e-09	2.0593e-08	2.0081e-08	1.9385e-08	4.7675e-09
1e-09	6.65	1.3377e-06	1.2081e-06	1.5495e-06	1.566e-06	1.4276e-06	7.2378e-09	1.6662e-08	1.065e-08	9.2548e-09	4.0849e-09
1e-09	8.9	3.2316e-07	3.1311e-07	3.2936e-07	2.0083e-07	4.0994e-07	6.9449e-09	3.4993e-09	7.8373e-09	1.979e-08	3.4054e-09
1e-09	11.65	6.6879e-08	4.218e-08	9.9027e-08	5.423e-08	4.5814e-08	4.1181e-09	3.068e-10	0.0	1.9427e-09	6.4356e-09
3e-09	4.05	8.5699e-06	7.7601e-06	8.3091e-06	8.2887e-06	8.2729e-06	1.0573e-08	2.2232e-08	2.6299e-08	2.7733e-08	3.2204e-08
3e-09	5.4	3.3326e-06	3.0447e-06	2.8865e-06	3.1088e-06	3.1122e-06	1.0078e-08	1.4222e-08	2.8285e-08	6.6237e-09	6.7052e-09
3e-09	6.65	1.5304e-06	1.381e-06	1.3291e-06	1.1833e-06	1.3413e-06	1.1962e-08	4.613e-09	4.6216e-09	2.0824e-08	1.1917e-08
3e-09	8.9	4.2106e-07	4.2294e-07	2.8686e-07	2.3914e-07	3.2404e-07	4.7408e-09	6.4089e-09	1.935e-09	1.1055e-08	1.4993e-09
3e-09	11.65	7.9913e-08	2.6797e-08	7.5174e-08	5.4244e-08	5.9721e-08	0.0	4.2249e-15	1.2019e-09	1.4135e-09	4.1086e-09
1e-08	4.05	8.3321e-06	8.6797e-06	8.5567e-06	7.884e-06	8.3399e-06	1.9279e-08	5.6573e-09	1.0658e-08	1.5887e-08	1.1066e-08
1e-08	5.4	2.8875e-06	3.0146e-06	3.4793e-06	3.0196e-06	3.2195e-06	6.5884e-09	2.4542e-08	2.1551e-08	6.1022e-09	6.1059e-09
1e-08	6.65	1.4312e-06	1.2929e-06	1.4798e-06	1.4808e-06	1.3169e-06	1.0188e-08	3.1966e-09	1.1705e-08	7.4916e-09	1.456e-08
1e-08	8.9	3.1415e-07	2.9649e-07	2.7786e-07	2.951e-07	1.7001e-07	1.279e-14	7.4097e-09	8.5841e-09	3.3971e-09	8.0546e-09
1e-08	11.65	7.1187e-08	3.986e-08	5.368e-08	4.3866e-08	9.4104e-08	2.6825e-09	0.0	0.0	3.9276e-09	3.8051e-09
3e-08	4.05	8.5527e-06	8.6818e-06	8.4271e-06	8.4727e-06	8.6579e-06	9.444e-09	2.9952e-08	1.124e-08	3.7649e-08	1.6495e-08
3e-08	5.4	3.0579e-06	2.8744e-06	3.4901e-06	2.9387e-06	3.613e-06	7.5715e-09	1.5477e-08	8.9422e-09	1.1604e-08	1.7082e-08
3e-08	6.65	1.1755e-06	1.6166e-06	1.1936e-06	1.488e-06	1.2914e-06	1.1639e-08	1.3656e-08	1.3827e-08	4.827e-09	6.0324e-09
3e-08	8.9	2.8804e-07	2.8618e-07	3.7043e-07	3.3722e-07	3.4925e-07	6.9128e-09	1.4921e-11	5.3332e-14	3.245e-09	7.6964e-10
3e-08	11.65	4.375e-08	6.7363e-08	5.8047e-08	5.7419e-08	8.2499e-08	5.8043e-09	1.1103e-09	1.7501e-09	7.0284e-10	1.6227e-09
1e-07	4.05	8.4658e-06	8.043e-06	8.8269e-06	8.2932e-06	8.756e-06	4.3978e-08	2.1372e-08	2.7298e-08	2.8365e-08	4.1112e-08
1e-07	5.4	2.9425e-06	3.0647e-06	3.2998e-06	2.7912e-06	3.0669e-06	1.7412e-08	1.1912e-08	2.0025e-08	1.0189e-08	5.8759e-09
1e-07	6.65	1.5261e-06	1.3864e-06	1.4033e-06	1.373e-06	1.3244e-06	7.1588e-09	7.0088e-09	5.1202e-09	3.9059e-09	5.8407e-09
1e-07	8.9	4.0545e-07	3.5024e-07	3.1354e-07	2.7125e-07	2.8618e-07	9.3675e-09	6.9614e-09	6.3553e-09	1.1951e-08	2.479e-09
1e-07	11.65	6.0979e-08	8.1227e-08	6.0932e-08	8.3214e-08	8.4514e-08	2.801e-09	5.929e-09	5.9385e-14	3.8674e-09	0.0
3e-07	4.05	8.6429e-06	8.838e-06	8.2085e-06	8.4412e-06	8.7376e-06	2.8249e-08	2.2139e-08	7.0141e-09	3.1038e-08	2.0139e-08
3e-07	5.4	3.4864e-06	3.192e-06	3.4232e-06	3.1265e-06	3.0076e-06	1.3929e-08	1.897e-08	1.0069e-08	8.3094e-09	1.3016e-08
3e-07	6.65	1.2714e-06	1.2839e-06	1.1842e-06	1.3501e-06	1.3313e-06	2.015e-08	9.4121e-09	1.4551e-08	1.3922e-08	1.8801e-08
3e-07	8.9	3.5426e-07	4.116e-07	3.2989e-07	3.6689e-07	4.0442e-07	4.1501e-09	6.563e-09	3.2355e-09	4.3485e-09	2.1379e-09
3e-07	11.65	4.0347e-08	2.7275e-08	1.3601e-07	5.5972e-08	2.8433e-08	6.6424e-11	2.364e-09	3.7458e-09	1.0964e-14	2.7405e-09
1e-06	4.05	1.0175e-05	9.2753e-06	9.1522e-06	9.9569e-06	9.9191e-06	5.2486e-09	2.8242e-08	2.727e-08	1.9465e-08	5.9211e-08
1e-06	5.4	3.5796e-06	3.4323e-06	3.5101e-06	4.0065e-06	3.8063e-06	1.4073e-08	1.6253e-08	1.0448e-08	1.7932e-08	2.0741e-08
1e-06	6.65	1.6452e-06	1.4697e-06	1.5923e-06	1.6623e-06	1.365e-06	8.691e-09	9.5695e-09	8.0369e-09	9.5698e-09	4.8497e-09
1e-06	8.9	3.4948e-07	3.3502e-07	2.2981e-07	4.1378e-07	2.9846e-07	7.9792e-09	2.0826e-09	3.0737e-09	5.9594e-09	1.6763e-09
1e-06	11.65	6.6493e-08	3.8754e-08	4.9839e-08	8.1455e-08	1.3234e-07	1.2974e-14	9.6808e-10	8.1318e-09	8.1044e-09	7.2631e-15
3e-06	4.05	1.1883e-05	1.2773e-05	1.334e-05	1.186e-05	1.2116e-05	2.7891e-08	6.5286e-08	2.7788e-08	1.818e-08	9.0614e-09
3e-06	5.4	4.4218e-06	4.2574e-06	4.6233e-06	4.8448e-06	4.5802e-06	1.3398e-09	1.4662e-11	8.381e-09	5.2139e-08	1.6272e-08
3e-06	6.65	1.9915e-06	1.8519e-06	1.6528e-06	1.6065e-06	2.0486e-06	6.5285e-09	8.5739e-09	1.0009e-08	2.1751e-08	6.6073e-09
3e-06	8.9	4.1227e-07	4.0162e-07	4.2583e-07	6.3378e-07	4.0608e-07	1.1401e-09	1.164e-08	5.2664e-09	1.4203e-13	1.9541e-10
3e-06	11.65	1.114e-07	2.3976e-08	9.9227e-08	8.1165e-08	1.1651e-07	0.0	7.4438e-15	5.3745e-09	1.0263e-08	3.941e-09
1e-05	4.05	2.1381e-05	2.1881e-05	2.1842e-05	2.2678e-05	2.2695e-05	4.464e-08	3.4459e-08	4.3816e-08	2.1298e-08	2.8584e-08
1e-05	5.4	8.1221e-06	7.4991e-06	7.5935e-06	8.5761e-06	8.5396e-06	3.5339e-08	1.3917e-08	4.7935e-08	4.8894e-08	8.2018e-09
1e-05	6.65	3.1662e-06	4.194e-06	3.0752e-06	3.3665e-06	3.1606e-06	1.0134e-08	1.7946e-08	5.2387e-13	1.6499e-08	1.7579e-08
1e-05	8.9	7.8829e-07	6.7317e-07	9.1128e-07	7.3114e-07	1.0322e-06	1.6792e-09	2.2099e-09	1.5925e-13	8.0203e-09	2.1136e-09
1e-05	11.65	1.8224e-07	6.0659e-08	4.1489e-08	2.7343e-07	2.4521e-07	7.986e-10	1.8719e-14	2.7801e-09	4.1191e-09	1.4744e-09
3e-05	4.05	5.8284e-05	6.0317e-05	5.968e-05	5.8837e-05	5.9407e-05	8.2838e-08	8.2741e-08	4.8333e-08	5.8863e-08	8.7619e-08
3e-05	5.4	2.12e-05	2.0692e-05	2.2921e-05	2.1075e-05	2.201e-05	3.5973e-08	4.2802e-08	1.6219e-08	5.8366e-08	1.0491e-08
3e-05	6.65	8.1416e-06	8.851e-06	9.4926e-06	8.8661e-06	9.1911e-06	5.1611e-08	5.0554e-08	5.8547e-08	6.0008e-08	2.9844e-08
3e-05	8.9	2.3295e-06	2.2153e-06	1.788e-06	2.1668e-06	1.9581e-06	2.2348e-08	3.8553e-08	1.9929e-08	1.803e-08	2.565e-08
3e-05	11.65	4.6375e-07	3.5513e-07	2.3392e-07	4.1669e-07	3.4265e-07	7.6173e-09	7.8911e-10	9.3077e-09	1.3643e-09	9.7273e-14
0.0001	4.05	9.6542e-05	9.6151e-05	0.00010107	0.00010518	9.7033e-05	1.0814e-07	1.0777e-07	5.3256e-08	7.3838e-08	5.2296e-08
0.0001	5.4	3.654e-05	3.8123e-05	4.0374e-05	3.9484e-05	3.8786e-05	8.2804e-08	7.613e-08	3.7998e-08	7.1715e-08	3.9471e-08
0.0001	6.65	1.607e-05	1.6007e-05	1.5616e-05	1.6253e-05	1.5066e-05	5.2738e-08	3.7596e-08	3.9268e-08	3.8281e-08	2.187e-08
0.0001	8.9	3.8768e-06	3.9371e-06	4.542e-06	4.4314e-06	3.963e-06	5.4113e-08	6.1962e-09	5.2861e-09	2.9334e-08	2.2793e-08
0.0001	11.65	6.9631e-07	1.0046e-06	7.3246e-07	9.1939e-07	1.0214e-06	4.256e-09	2.2636e-09	3.1527e-09	2.1127e-09	7.6142e-10
0.0003	4.05	0.00010277	0.00010311	0.00010156	9.8894e-05	9.9601e-05	6.2137e-08	7.9489e-08	8.0229e-08	8.4255e-08	1.2605e-07
0.0003	5.4	4.5148e-05	4.353e-05	4.6941e-05	4.5115e-05	4.1146e-05	3.2938e-08	8.1125e-08	6.3545e-08	1.1436e-07	6.3774e-08
0.0003	6.65	2.0067e-05	2.1055e-05	2.06e-05	2.1707e-05	1.7675e-05	9.5594e-09	3.7382e-08	1.1978e-07	4.5198e-08	4.0339e-08
0.0003	8.9	4.7101e-06	4.9369e-06	4.2916e-06	4.2191e-06	6.5661e-06	1.2639e-08	4.8344e-13	2.4372e-08	1.6683e-08	4.0175e-09
0.0003	11.65	8.5367e-07	7.7463e-07	8.2604e-07	9.9449e-07	5.8677e-07	4.6152e-09	1.8204e-14	3.1518e-08	1.0151e-08	6.3097e-09
0.001	4.05	9.4505e-05	9.652e-05	9.4665e-05	9.818e-05	9.6663e-05	1.3535e-07	8.2232e-08	3.4719e-08	6.7703e-08	6.8597e-08
0.001	5.4	4.5123e-05	4.4667e-05	4.5254e-05	4.6731e-05	4.6129e-05	4.3002e-08	5.0452e-08	6.7396e-08	4.1878e-08	6.5915e-08
0.001	6.65	2.1929e-05	2.0802e-05	2.1308e-05	2.2877e-05	1.9883e-05	7.0449e-08	8.8559e-08	2.7068e-08	3.8111e-08	2.133e-08
0.001	8.9	5.6457e-06	5.5133e-06	5.6879e-06	6.1063e-06	5.2729e-06	1.06e-08	2.4467e-08	1.5858e-08	3.9485e-08	2.0043e-08
0.001	11.65	9.6223e-07	1.2844e-06	6.3204e-07	9.4485e-07	9.4827e-07	1.166e-08	3.5872e-09	1.7375e-08	4.5242e-13	1.0917e-09
0.004	4.05	8.3767e-05	8.4622e-05	8.4183e-05	8.2887e-05	8.6038e-05	3.5325e-08	8.2204e-08	4.1963e-08	9.4665e-08	7.4084e-08
0.004	5.4	4.5829e-05	4.6223e-05	4.9047e-05	4.6503e-05	4.5495e-05	6.1426e-08	5.8455e-08	5.1345e-08	1.6215e-07	7.1116e-08
0.004	6.65	2.5703e-05	2.4571e-05	2.5393e-05	2.5296e-05	2.5073e-05	3.5117e-08	2.1541e-08	5.5899e-08	3.7191e-08	3.8164e-08
0.004	8.9	7.2254e-06	7.9738e-06	6.2295e-06	5.4338e-06	6.2305e-06	6.2732e-08	2.3652e-08	4.0114e-08	1.861e-08	6.6313e-09
0.004	11.65	1.3019e-06	1.8938e-06	1.7503e-06	8.8946e-07	1.0457e-06	1.0367e-08	1.5171e-08	1.8856e-13	2.8834e-09	5.5421e-09
0.01	4.05	7.4263e-05	7.5038e-05	7.9533e-05	8.0072e-05	7.7854e-05	4.7561e-08	5.6197e-08	7.222e-08	6.691e-08	7.1492e-08
0.01	5.4	4.9315e-05	4.763e-05	4.9932e-05	5.2756e-05	5.0938e-05	6.8342e-08	6.549e-08	3.627e-08	6.2454e-08	5.6306e-08
0.01	6.65	2.9147e-05	2.8757e-05	2.8771e-05	2.8664e-05	2.8822e-05	8.4098e-09	3.0427e-08	2.8754e-08	3.1196e-08	6.4768e-08
0.01	8.9	8.8839e-06	9e-06	9.1658e-06	9.1278e-06	9.2135e-06	3.9924e-08	1.1029e-08	3.9093e-08	2.5907e-08	1.1431e-08
0.01	11.65	1.8574e-06	1.2925e-06	2.7015e-06	2.0361e-06	1.9442e-06	3.9112e-09	4.1939e-09	1.3941e-08	2.5208e-08	3.235e-08
0.02	4.05	7.1154e-05	6.9117e-05	7.3065e-05	6.9347e-05	6.9435e-05	6.8839e-08	5.5218e-08	8.7024e-08	6.3827e-08	1.2549e-07
0.02	5.4	5.1899e-05	5.4541e-05	5.5095e-05	5.6567e-05	5.6833e-05	5.6958e-08	5.093e-08	9.1613e-08	1.1561e-07	5.9437e-08
0.02	6.65	3.4282e-05	3.7745e-05	3.7827e-05	3.3637e-05	3.5602e-05	1.1011e-07	2.8889e-08	1.3889e-08	4.9899e-09	3.2532e-08
0.02	8.9	1.6283e-05	1.3518e-05	1.4437e-05	1.3968e-05	1.3889e-05	1.9566e-08	2.315e-08	6.5444e-08	2.7364e-08	3.6901e-08
0.02	11.65	3.7532e-06	4.078e-06	3.2675e-06	3.3224e-06	3.4691e-06	1.4786e-08	4.0292e-09	2.2871e-08	2.7036e-09	1.2013e-08
0.05	4.05	3.733e-05	3.8228e-05	3.737e-05	4.0212e-05	3.6978e-05	4.7551e-07	4.2563e-07	4.4172e-07	4.971e-07	4.7043e-07
0.05	5.4	4.0145e-05	4.0488e-05	4.145e-05	4.0249e-05	3.9608e-05	2.6729e-07	2.1467e-07	2.3254e-07	1.853e-07	2.1189e-07
0.05	6.65	3.9793e-05	3.7008e-05	3.775e-05	3.7199e-05	3.7552e-05	1.2121e-07	1.2039e-07	1.2631e-07	1.1928e-07	1.8394e-07
0.05	8.9	2.371e-05	2.4782e-05	2.3165e-05	2.3163e-05	2.4324e-05	9.7325e-08	5.837e-08	1.4303e-07	6.9053e-08	7.0744e-08
0.05	11.65	1.1227e-05	1.0751e-05	1.2041e-05	9.812e-06	9.9979e-06	4.3431e-08	2.7534e-08	2.5859e-08	9.6908e-08	1.9761e-08
0.1	4.05	1.4275e-05	1.2802e-05	1.372e-05	1.4248e-05	1.411e-05	2.0523e-06	2.3179e-06	2.3305e-06	2.2177e-06	2.1998e-06
0.1	5.4	1.5905e-05	1.7125e-05	1.8032e-05	1.6936e-05	1.7546e-05	1.1574e-06	1.1374e-06	1.1051e-06	1.1553e-06	1.0851e-06
0.1	6.65	1.7735e-05	1.7787e-05	1.9553e-05	2.0103e-05	1.7645e-05	6.8029e-07	7.1731e-07	7.0031e-07	6.7594e-07	6.6826e-07
0.1	8.9	1.5879e-05	1.5821e-05	1.6938e-05	1.6287e-05	1.588e-05	3.0731e-07	3.8412e-07	3.0937e-07	3.1062e-07	3.2026e-07
0.1	11.65	1.2749e-05	1.1973e-05	1.2294e-05	1.0368e-05	1.1197e-05	1.1416e-07	1.7734e-07	1.4364e-07	1.4997e-07	1.4404e-07
0.2	4.05	1.2477e-05	1.1312e-05	1.167e-05	1.1449e-05	1.118e-05	8.6354e-06	8.3207e-06	8.1311e-06	8.4807e-06	8.8271e-06
0.2	5.4	8.2809e-06	8.3258e-06	8.8453e-06	9.1778e-06	9.7509e-06	4.7099e-06	4.4882e-06	4.6207e-06	4.9015e-06	4.4668e-06
0.2	6.65	8.4539e-06	8.1006e-06	8.7296e-06	8.2816e-06	7.9963e-06	2.8193e-06	2.7473e-06	3.2326e-06	3.2265e-06	2.851e-06
0.2	8.9	6.8592e-06	6.9474e-06	7.7221e-06	7.5197e-06	5.7649e-06	1.343e-06	1.2693e-06	1.3472e-06	1.3976e-06	1.4553e-06
0.2	11.65	5.4284e-06	6.116e-06	4.6872e-06	5.5791e-06	4.8087e-06	7.9299e-07	7.3769e-07	6.4926e-07	5.9316e-07	8.1482e-07
0.5	4.05	1.5268e-05	1.6743e-05	1.6666e-05	1.6897e-05	1.6857e-05	1.4829e-05	1.5251e-05	1.4514e-05	1.5803e-05	1.4838e-05
0.5	5.4	1.091e-05	1.0197e-05	1.1129e-05	1.288e-05	1.0539e-05	1.0176e-05	9.4255e-06	1.0479e-05	8.7152e-06	1.0297e-05
0.5	6.65	8.4729e-06	8.082e-06	9.0164e-06	8.2758e-06	7.8818e-06	6.696e-06	7.4534e-06	7.4713e-06	6.9243e-06	6.9433e-06
0.5	8.9	5.6382e-06	6.2043e-06	5.4773e-06	6.063e-06	5.7641e-06	4.1994e-06	4.549e-06	4.9069e-06	3.892e-06	4.4584e-06
0.5	11.65	3.9636e-06	4.2518e-06	3.8984e-06	4.2835e-06	3.6389e-06	2.53e-06	2.2171e-06	2.7986e-06	3.3237e-06	2.3919e-06
1.0	4.05	1.3515e-05	1.3908e-05	1.672e-05	1.4772e-05	1.6079e-05	1.4443e-05	1.4573e-05	1.3923e-05	1.3594e-05	1.4281e-05
1.0	5.4	9.1885e-06	1.0354e-05	1.1053e-05	9.686e-06	1.0181e-05	8.8812e-06	9.4096e-06	1.0141e-05	7.8045e-06	1.0108e-05
1.0	6.65	7.016e-06	8.0952e-06	6.7796e-06	8.3707e-06	7.3567e-06	6.6327e-06	6.5592e-06	7.7383e-06	6.8315e-06	6.297e-06
1.0	8.9	5.0593e-06	4.7898e-06	4.7738e-06	6.1336e-06	4.9938e-06	5.0225e-06	4.1122e-06	3.6847e-06	4.3033e-06	4.1349e-06
1.0	11.65	3.5245e-06	4.0693e-06	3.7257e-06	3.0475e-06	4.1256e-06	2.6009e-06	2.4734e-06	2.9927e-06	2.7026e-06	2.7643e-06