E	r	rate6	rate7
2.5e-11	4.05	2.2672e-05	2.2212e-05	2.1035e-05	2.4186e-08	1.4184e-08	4.6235e-08
2.5e-11	5.4	8.6212e-06	8.1782e-06	8.4755e-06	2.729e-08	1.5507e-08	2.7876e-08
2.5e-11	6.65	4.1615e-06	3.5368e-06	3.8556e-06	7.796e-09	1.7241e-08	4.8249e-09
2.5e-11	8.9	9.8659e-07	7.9299e-07	1.2054e-06	2.4487e-10	1.4232e-08	2.5836e-09
2.5e-11	11.65	1.6491e-07	3.5616e-07	3.0172e-07	1.3146e-08	9.0146e-09	1.5874e-14
1e-10	4.05	3.9008e-05	4.1661e-05	3.8046e-05	3.8914e-08	6.3689e-08	3.0107e-08
1e-10	5.4	1.5127e-05	1.3721e-05	1.651e-05	3.2048e-08	2.507e-08	4.3996e-09
1e-10	6.65	7.6424e-06	6.3524e-06	6.8361e-06	3.3922e-08	2.3417e-08	3.0546e-08
1e-10	8.9	1.9925e-06	1.9093e-06	2.0898e-06	1.0948e-08	2.8725e-08	2.2013e-08
1e-10	11.65	3.5074e-07	3.1864e-07	4.3659e-07	9.9931e-10	2.2433e-14	6.7975e-09
3e-10	4.05	5.8822e-05	5.8535e-05	6.1053e-05	9.14e-08	4.1697e-08	3.8342e-08
3e-10	5.4	2.201e-05	2.3795e-05	2.2639e-05	2.0092e-08	3.5872e-08	4.3398e-08
3e-10	6.65	8.701e-06	1.1586e-05	1.049e-05	1.6848e-08	2.9653e-08	3.0435e-08
3e-10	8.9	2.3364e-06	3.4489e-06	3.012e-06	2.1074e-08	5.4673e-09	1.6717e-09
3e-10	11.65	2.182e-07	3.2589e-07	6.9454e-07	1.6777e-08	9.4782e-14	6.2029e-09
1e-09	4.05	7.937e-05	7.6339e-05	7.4939e-05	4.5104e-08	7.9605e-08	1.9226e-07
1e-09	5.4	3.0003e-05	3.0102e-05	3.2236e-05	6.8383e-08	6.6972e-08	3.0183e-08
1e-09	6.65	1.4793e-05	1.245e-05	1.2625e-05	9.7549e-08	2.6068e-08	2.4892e-08
1e-09	8.9	4.814e-06	4.2818e-06	4.1219e-06	9.4212e-09	2.1044e-08	3.1446e-08
1e-09	11.65	7.3287e-07	5.7612e-07	8.1335e-07	9.3696e-09	1.1779e-09	5.7306e-14
3e-09	4.05	8.9362e-05	8.897e-05	8.9657e-05	4.5656e-08	8.554e-08	8.3135e-08
3e-09	5.4	3.7282e-05	3.5381e-05	3.957e-05	3.1257e-08	6.4644e-08	9.1427e-08
3e-09	6.65	1.4532e-05	1.5557e-05	1.5976e-05	2.1813e-08	4.1574e-08	1.215e-09
3e-09	8.9	4.4259e-06	3.2962e-06	4.0787e-06	2.7145e-08	3.1761e-08	1.4953e-08
3e-09	11.65	1.3795e-06	1.3713e-06	1.0612e-06	2.5771e-08	8.6468e-09	2.1061e-14
1e-08	4.05	0.00010082	0.00010001	9.9471e-05	1.5425e-07	9.2413e-08	8.769e-08
1e-08	5.4	4.1092e-05	3.9364e-05	4.2179e-05	8.8064e-08	3.5919e-08	5.2176e-08
1e-08	6.65	1.8694e-05	1.811e-05	1.9323e-05	3.9307e-08	2.3028e-08	6.164e-08
1e-08	8.9	6.0887e-06	4.7618e-06	5.4044e-06	2.5041e-08	1.7854e-08	7.103e-08
1e-08	11.65	1.2418e-06	1.3759e-06	1.4728e-06	2.2633e-08	2.0158e-13	1.3201e-08
3e-08	4.05	9.8492e-05	9.3644e-05	9.7992e-05	7.2635e-08	9.457e-08	1.739e-07
3e-08	5.4	4.4879e-05	4.1679e-05	4.4232e-05	6.0619e-08	1.0941e-07	7.1325e-08
3e-08	6.65	2.2229e-05	1.8991e-05	2.1298e-05	3.8413e-08	2.0011e-08	4.6618e-08
3e-08	8.9	5.2523e-06	5.6524e-06	4.3923e-06	1.7421e-08	4.3437e-08	3.5519e-08
3e-08	11.65	1.2159e-06	9.304e-07	1.0453e-06	1.901e-08	1.067e-08	5.3893e-09
1e-07	4.05	0.00010189	9.7572e-05	9.9691e-05	9.5961e-08	8.8817e-08	3.9908e-08
1e-07	5.4	4.723e-05	4.59e-05	4.4612e-05	4.0507e-08	3.8876e-08	5.2323e-08
1e-07	6.65	2.1399e-05	2.251e-05	2.1955e-05	4.1525e-08	7.8748e-08	2.2436e-08
1e-07	8.9	6.9935e-06	5.8533e-06	5.8119e-06	3.6738e-08	1.6864e-08	2.9268e-08
1e-07	11.65	1.2855e-06	1.3884e-06	8.7074e-07	1.1404e-09	2.1555e-08	1.3982e-08
3e-07	4.05	9.6258e-05	9.3604e-05	9.4719e-05	3.1085e-08	1.2026e-07	6.7515e-08
3e-07	5.4	4.559e-05	4.4981e-05	4.6908e-05	5.9073e-08	3.0085e-08	4.0117e-08
3e-07	6.65	2.0648e-05	2.2739e-05	2.3314e-05	6.7896e-08	3.2738e-08	9.0091e-09
3e-07	8.9	6.3527e-06	6.4538e-06	6.7747e-06	9.6635e-09	2.5472e-08	1.3187e-08
3e-07	11.65	1.8513e-06	1.136e-06	1.2856e-06	5.9296e-09	7.3554e-13	2.1084e-08
1e-06	4.05	9.1129e-05	9.1152e-05	9.3187e-05	3.8291e-08	6.0804e-08	7.4652e-08
1e-06	5.4	4.6501e-05	4.7241e-05	4.5572e-05	2.3272e-08	4.273e-08	4.1832e-08
1e-06	6.65	2.5814e-05	2.3228e-05	2.4225e-05	3.7453e-08	7.8729e-08	4.0643e-08
1e-06	8.9	7.445e-06	7.119e-06	5.8149e-06	2.2332e-08	2.5892e-08	2.8635e-08
1e-06	11.65	1.1545e-06	1.6227e-06	1.4727e-06	4.9738e-09	9.1695e-09	7.428e-09
3e-06	4.05	8.6219e-05	8.6792e-05	8.6428e-05	7.9128e-08	4.7132e-08	7.4199e-08
3e-06	5.4	4.87e-05	4.9551e-05	4.9356e-05	6.8664e-08	7.0591e-08	5.3797e-08
3e-06	6.65	2.6376e-05	2.4325e-05	2.6616e-05	4.2525e-08	3.8663e-08	2.3609e-08
3e-06	8.9	8.1742e-06	8.1486e-06	7.6919e-06	1.2156e-08	3.5752e-09	2.6758e-08
3e-06	11.65	1.6107e-06	1.4436e-06	1.8247e-06	1.9974e-08	2.9844e-08	4.0901e-09
1e-05	4.05	7.9829e-05	8.3575e-05	8.208e-05	5.4843e-08	6.4829e-08	9.8673e-08
1e-05	5.4	4.6271e-05	5.0446e-05	4.8439e-05	3.436e-08	8.3984e-08	7.5004e-08
1e-05	6.65	2.9158e-05	2.4465e-05	2.7838e-05	3.6366e-08	4.1203e-08	1.2392e-08
1e-05	8.9	8.9886e-06	7.516e-06	7.8725e-06	5.5739e-08	2.8653e-08	1.6021e-08
1e-05	11.65	2.4698e-06	2.1138e-06	1.4939e-06	1.3514e-08	3.0131e-08	8.4113e-09
3e-05	4.05	7.4571e-05	7.3964e-05	7.5047e-05	1.6702e-08	2.4875e-08	4.7437e-08
3e-05	5.4	4.6291e-05	4.7958e-05	4.8484e-05	3.5034e-08	4.0075e-08	2.5109e-08
3e-05	6.65	2.7619e-05	2.6992e-05	2.8286e-05	9.4792e-08	1.0889e-08	3.752e-08
3e-05	8.9	1.0106e-05	9.0326e-06	9.1984e-06	2.2007e-09	4.0756e-08	3.8353e-08
3e-05	11.65	2.6861e-06	1.6402e-06	1.8012e-06	2.5065e-09	9.475e-09	6.2594e-09
0.0001	4.05	7.2205e-05	7.4634e-05	7.2948e-05	2.1646e-07	9.7397e-08	3.0911e-08
0.0001	5.4	5.0836e-05	5.3842e-05	5.1542e-05	5.2039e-08	3.4276e-08	1.0518e-07
0.0001	6.65	3.2285e-05	3.1962e-05	3.2342e-05	9.2209e-08	4.092e-08	3.5499e-08
0.0001	8.9	1.164e-05	1.2163e-05	1.254e-05	9.2407e-08	3.031e-08	2.006e-08
0.0001	11.65	2.5027e-06	2.7384e-06	2.7916e-06	1.1024e-08	4.5935e-09	1.8246e-08
0.0003	4.05	6.4406e-05	6.6876e-05	6.5098e-05	1.1909e-07	1.0888e-07	1.2934e-07
0.0003	5.4	5.5309e-05	5.3559e-05	5.3742e-05	4.911e-08	4.8877e-08	6.6199e-08
0.0003	6.65	3.7802e-05	3.944e-05	3.7231e-05	5.6269e-08	8.3861e-08	4.9806e-08
0.0003	8.9	1.6878e-05	1.8188e-05	1.6327e-05	1.9854e-08	3.946e-08	4.5031e-08
0.0003	11.65	5.439e-06	5.2327e-06	5.5638e-06	1.5965e-08	1.6395e-11	4.088e-08
0.001	4.05	4.5165e-05	4.3442e-05	4.1816e-05	3.0305e-07	2.9269e-07	2.9208e-07
0.001	5.4	4.3278e-05	4.6466e-05	4.66e-05	1.6097e-07	1.5879e-07	1.9317e-07
0.001	6.65	4.0295e-05	3.9573e-05	4.1122e-05	1.2136e-07	1.2028e-07	9.6724e-08
0.001	8.9	2.4394e-05	2.2299e-05	2.4845e-05	4.6598e-08	6.9232e-08	4.3609e-08
0.001	11.65	1.0134e-05	1.0927e-05	1.1057e-05	1.1208e-07	3.9468e-08	1.8163e-08
0.004	4.05	1.5445e-05	1.5621e-05	1.667e-05	1.5349e-06	1.4454e-06	1.4831e-06
0.004	5.4	1.9938e-05	2.0386e-05	1.9519e-05	7.4351e-07	7.0841e-07	7.9193e-07
0.004	6.65	2.0199e-05	2.2615e-05	2.1368e-05	3.9806e-07	4.1941e-07	3.9626e-07
0.004	8.9	1.9016e-05	1.8169e-05	1.7647e-05	1.8353e-07	2.0136e-07	1.7008e-07
0.004	11.65	1.1954e-05	1.2152e-05	1.1809e-05	1.3139e-07	6.923e-08	1.0526e-07
0.01	4.05	1.0448e-05	1.0359e-05	1.1644e-05	4.9599e-06	4.5723e-06	5.0337e-06
0.01	5.4	1.1172e-05	1.0203e-05	1.1474e-05	2.4183e-06	2.5009e-06	2.5863e-06
0.01	6.65	9.7549e-06	1.0925e-05	1.044e-05	1.4729e-06	1.5906e-06	1.4782e-06
0.01	8.9	9.9208e-06	9.8368e-06	1.1354e-05	7.3665e-07	7.9607e-07	7.3906e-07
0.01	11.65	7.5735e-06	7.5959e-06	8.8145e-06	4.0998e-07	3.671e-07	3.2984e-07
0.02	4.05	1.1554e-05	1.2194e-05	1.1246e-05	8.4507e-06	8.4391e-06	8.535e-06
0.02	5.4	9.3718e-06	9.6362e-06	8.9816e-06	4.6599e-06	4.1297e-06	4.2147e-06
0.02	6.65	7.985e-06	8.6066e-06	8.4795e-06	2.5898e-06	3.1668e-06	2.9504e-06
0.02	8.9	7.3658e-06	7.6223e-06	7.5362e-06	1.4021e-06	1.1922e-06	1.4921e-06
0.02	11.65	5.7933e-06	7.6494e-06	6.1017e-06	8.3341e-07	7.6916e-07	8.8068e-07
0.05	4.05	1.6347e-05	1.6056e-05	1.5696e-05	1.4453e-05	1.5149e-05	1.4611e-05
0.05	5.4	8.6063e-06	1.0055e-05	8.6971e-06	8.7225e-06	8.7378e-06	7.9806e-06
0.05	6.65	7.4939e-06	8.0907e-06	7.2176e-06	5.1883e-06	5.312e-06	4.5514e-06
0.05	8.9	4.8734e-06	5.1084e-06	5.3847e-06	2.9368e-06	3.109e-06	2.7775e-06
0.05	11.65	3.2296e-06	3.8047e-06	4.0093e-06	1.5105e-06	1.5708e-06	1.8077e-06
0.1	4.05	1.7739e-05	1.7342e-05	1.8943e-05	1.6071e-05	1.5828e-05	1.7286e-05
0.1	5.4	1.1417e-05	1.092e-05	1.0794e-05	1.0521e-05	9.8338e-06	1.0074e-05
0.1	6.65	8.3037e-06	8.6616e-06	8.154e-06	7.5014e-06	7.0193e-06	7.4748e-06
0.1	8.9	6.2015e-06	5.1048e-06	5.3059e-06	3.6619e-06	4.0112e-06	3.8296e-06
0.1	11.65	4.5836e-06	4.056e-06	3.8823e-06	1.8729e-06	2.2534e-06	2.1567e-06
0.2	4.05	1.3726e-05	1.3746e-05	1.4181e-05	1.3671e-05	1.2234e-05	1.2356e-05
0.2	5.4	7.9878e-06	8.0788e-06	9.1603e-06	7.42e-06	7.0538e-06	7.6359e-06
0.2	6.65	7.0428e-06	6.8944e-06	7.3272e-06	6.5577e-06	5.9335e-06	6.3264e-06
0.2	8.9	5.2776e-06	4.9154e-06	5.0311e-06	4.0873e-06	3.8775e-06	4.4038e-06
0.2	11.65	3.329e-06	3.8139e-06	4.5999e-06	2.8294e-06	2.4508e-06	2.7888e-06
0.5	4.05	1.7346e-05	1.4863e-05	1.5554e-05	1.4913e-05	1.6189e-05	1.4102e-05
0.5	5.4	1.1872e-05	1.1553e-05	1.1111e-05	1.0394e-05	9.8489e-06	9.6464e-06
0.5	6.65	7.7812e-06	8.6145e-06	7.6743e-06	7.7149e-06	6.5917e-06	7.2955e-06
0.5	8.9	6.1745e-06	5.9559e-06	6.3972e-06	4.423e-06	4.682e-06	4.0523e-06
0.5	11.65	4.5781e-06	3.9587e-06	4.1717e-06	2.9874e-06	3.0496e-06	3.0893e-06
1.0	4.05	2.1351e-05	2.0554e-05	2.0505e-05	1.929e-05	1.8805e-05	1.9597e-05
1.0	5.4	1.3738e-05	1.2397e-05	1.3463e-05	1.3349e-05	1.2681e-05	1.3442e-05
1.0	6.65	1.1108e-05	9.1277e-06	1.0266e-05	8.8629e-06	9.3118e-06	9.6161e-06
1.0	8.9	7.4859e-06	6.8444e-06	6.8722e-06	5.6747e-06	6.171e-06	6.4016e-06
1.0	11.65	5.2652e-06	5.9267e-06	5.273e-06	4.0372e-06	3.9747e-06	3.4837e-06