E	r	scoring	value
2.5e-11	4.05	neubal	-0.001795
2.5e-11	4.05	alpha	7.5121e-09
2.5e-11	4.05	neubal	-0.00184
2.5e-11	4.05	alpha	7.9577e-09
2.5e-11	4.05	neubal	-0.001847
2.5e-11	4.05	alpha	8.467e-09
2.5e-11	5.4	neubal	-0.000671
2.5e-11	5.4	alpha	2.9603e-09
2.5e-11	5.4	neubal	-0.000672
2.5e-11	5.4	alpha	3.008e-09
2.5e-11	5.4	neubal	-0.00068
2.5e-11	5.4	alpha	2.833e-09
2.5e-11	6.65	neubal	-0.000274
2.5e-11	6.65	alpha	1.4324e-09
2.5e-11	6.65	neubal	-0.000299
2.5e-11	6.65	alpha	1.3051e-09
2.5e-11	6.65	neubal	-0.000297
2.5e-11	6.65	alpha	1.6075e-09
2.5e-11	8.9	neubal	-6.2e-05
2.5e-11	8.9	alpha	2.8648e-10
2.5e-11	8.9	neubal	-7.8e-05
2.5e-11	8.9	alpha	2.8648e-10
2.5e-11	8.9	neubal	-6.6e-05
2.5e-11	8.9	alpha	2.3873e-10
2.5e-11	11.65	neubal	-8e-06
2.5e-11	11.65	alpha	0.0
2.5e-11	11.65	neubal	-1.3e-05
2.5e-11	11.65	alpha	4.7746e-11
2.5e-11	11.65	neubal	-8e-06
2.5e-11	11.65	alpha	1.5915e-11
1e-10	4.05	neubal	-0.003557
1e-10	4.05	alpha	1.5327e-08
1e-10	4.05	neubal	-0.003493
1e-10	4.05	alpha	1.5327e-08
1e-10	4.05	neubal	-0.003559
1e-10	4.05	alpha	1.59e-08
1e-10	5.4	neubal	-0.001297
1e-10	5.4	alpha	5.2839e-09
1e-10	5.4	neubal	-0.001324
1e-10	5.4	alpha	5.6977e-09
1e-10	5.4	neubal	-0.001254
1e-10	5.4	alpha	5.2839e-09
1e-10	6.65	neubal	-0.000536
1e-10	6.65	alpha	2.3237e-09
1e-10	6.65	neubal	-0.000524
1e-10	6.65	alpha	2.1327e-09
1e-10	6.65	neubal	-0.000583
1e-10	6.65	alpha	2.4828e-09
1e-10	8.9	neubal	-0.000108
1e-10	8.9	alpha	4.6155e-10
1e-10	8.9	neubal	-0.000128
1e-10	8.9	alpha	6.3662e-10
1e-10	8.9	neubal	-9.7e-05
1e-10	8.9	alpha	2.069e-10
1e-10	11.65	neubal	-2.3e-05
1e-10	11.65	alpha	6.3662e-11
1e-10	11.65	neubal	-2.5e-05
1e-10	11.65	alpha	6.3662e-11
1e-10	11.65	neubal	-1.7e-05
1e-10	11.65	alpha	7.9577e-11
3e-10	4.05	neubal	-0.006052
3e-10	4.05	alpha	2.6292e-08
3e-10	4.05	neubal	-0.005955
3e-10	4.05	alpha	2.6452e-08
3e-10	4.05	neubal	-0.005941
3e-10	4.05	alpha	2.6101e-08
3e-10	5.4	neubal	-0.00209
3e-10	5.4	alpha	8.9127e-09
3e-10	5.4	neubal	-0.002087
3e-10	5.4	alpha	9.0241e-09
3e-10	5.4	neubal	-0.002165
3e-10	5.4	alpha	1.0265e-08
3e-10	6.65	neubal	-0.000879
3e-10	6.65	alpha	3.8038e-09
3e-10	6.65	neubal	-0.000932
3e-10	6.65	alpha	4.2017e-09
3e-10	6.65	neubal	-0.000853
3e-10	6.65	alpha	3.5492e-09
3e-10	8.9	neubal	-0.0002
3e-10	8.9	alpha	8.1169e-10
3e-10	8.9	neubal	-0.000196
3e-10	8.9	alpha	8.4352e-10
3e-10	8.9	neubal	-0.000223
3e-10	8.9	alpha	9.8676e-10
3e-10	11.65	neubal	-4.3e-05
3e-10	11.65	alpha	1.7507e-10
3e-10	11.65	neubal	-4.6e-05
3e-10	11.65	alpha	1.7507e-10
3e-10	11.65	neubal	-2.9e-05
3e-10	11.65	alpha	9.5493e-11
1e-09	4.05	neubal	-0.008164
1e-09	4.05	alpha	3.4377e-08
1e-09	4.05	neubal	-0.00797
1e-09	4.05	alpha	3.4712e-08
1e-09	4.05	neubal	-0.008023
1e-09	4.05	alpha	3.5698e-08
1e-09	5.4	neubal	-0.002996
1e-09	5.4	alpha	1.286e-08
1e-09	5.4	neubal	-0.002925
1e-09	5.4	alpha	1.2685e-08
1e-09	5.4	neubal	-0.002986
1e-09	5.4	alpha	1.2541e-08
1e-09	6.65	neubal	-0.001243
1e-09	6.65	alpha	5.4908e-09
1e-09	6.65	neubal	-0.001239
1e-09	6.65	alpha	5.268e-09
1e-09	6.65	neubal	-0.00124
1e-09	6.65	alpha	5.841e-09
1e-09	8.9	neubal	-0.000299
1e-09	8.9	alpha	1.2732e-09
1e-09	8.9	neubal	-0.000273
1e-09	8.9	alpha	1.2255e-09
1e-09	8.9	neubal	-0.000263
1e-09	8.9	alpha	1.0504e-09
1e-09	11.65	neubal	-4.2e-05
1e-09	11.65	alpha	2.2282e-10
1e-09	11.65	neubal	-4.9e-05
1e-09	11.65	alpha	2.2282e-10
1e-09	11.65	neubal	-3.7e-05
1e-09	11.65	alpha	1.4324e-10
3e-09	4.05	neubal	-0.009355
3e-09	4.05	alpha	4.1094e-08
3e-09	4.05	neubal	-0.00918
3e-09	4.05	alpha	4.1317e-08
3e-09	4.05	neubal	-0.009161
3e-09	4.05	alpha	3.8659e-08
3e-09	5.4	neubal	-0.003413
3e-09	5.4	alpha	1.4388e-08
3e-09	5.4	neubal	-0.003611
3e-09	5.4	alpha	1.5947e-08
3e-09	5.4	neubal	-0.003587
3e-09	5.4	alpha	1.5693e-08
3e-09	6.65	neubal	-0.001503
3e-09	6.65	alpha	6.0956e-09
3e-09	6.65	neubal	-0.001456
3e-09	6.65	alpha	6.0479e-09
3e-09	6.65	neubal	-0.001554
3e-09	6.65	alpha	7.0824e-09
3e-09	8.9	neubal	-0.00036
3e-09	8.9	alpha	1.3528e-09
3e-09	8.9	neubal	-0.000347
3e-09	8.9	alpha	1.6075e-09
3e-09	8.9	neubal	-0.00037
3e-09	8.9	alpha	1.5756e-09
3e-09	11.65	neubal	-7.5e-05
3e-09	11.65	alpha	3.0239e-10
3e-09	11.65	neubal	-6e-05
3e-09	11.65	alpha	3.1831e-10
3e-09	11.65	neubal	-6.6e-05
3e-09	11.65	alpha	3.3423e-10
1e-08	4.05	neubal	-0.010231
1e-08	4.05	alpha	4.4898e-08
1e-08	4.05	neubal	-0.010151
1e-08	4.05	alpha	4.3815e-08
1e-08	4.05	neubal	-0.010253
1e-08	4.05	alpha	4.4325e-08
1e-08	5.4	neubal	-0.004315
1e-08	5.4	alpha	1.8223e-08
1e-08	5.4	neubal	-0.004349
1e-08	5.4	alpha	1.9083e-08
1e-08	5.4	neubal	-0.004351
1e-08	5.4	alpha	1.8239e-08
1e-08	6.65	neubal	-0.001813
1e-08	6.65	alpha	8.3238e-09
1e-08	6.65	neubal	-0.001903
1e-08	6.65	alpha	7.9737e-09
1e-08	6.65	neubal	-0.001805
1e-08	6.65	alpha	7.7349e-09
1e-08	8.9	neubal	-0.000431
1e-08	8.9	alpha	1.9735e-09
1e-08	8.9	neubal	-0.00041
1e-08	8.9	alpha	1.7825e-09
1e-08	8.9	neubal	-0.000414
1e-08	8.9	alpha	1.9894e-09
1e-08	11.65	neubal	-8.7e-05
1e-08	11.65	alpha	4.2972e-10
1e-08	11.65	neubal	-0.000111
1e-08	11.65	alpha	3.8197e-10
1e-08	11.65	neubal	-5.6e-05
1e-08	11.65	alpha	2.5465e-10
3e-08	4.05	neubal	-0.010196
3e-08	4.05	alpha	4.4309e-08
3e-08	4.05	neubal	-0.010186
3e-08	4.05	alpha	4.563e-08
3e-08	4.05	neubal	-0.010203
3e-08	4.05	alpha	4.5677e-08
3e-08	5.4	neubal	-0.004567
3e-08	5.4	alpha	1.964e-08
3e-08	5.4	neubal	-0.004566
3e-08	5.4	alpha	1.8366e-08
3e-08	5.4	neubal	-0.004493
3e-08	5.4	alpha	1.9417e-08
3e-08	6.65	neubal	-0.001963
3e-08	6.65	alpha	8.6899e-09
3e-08	6.65	neubal	-0.002029
3e-08	6.65	alpha	8.7217e-09
3e-08	6.65	neubal	-0.002104
3e-08	6.65	alpha	9.4061e-09
3e-08	8.9	neubal	-0.000474
3e-08	8.9	alpha	2.1645e-09
3e-08	8.9	neubal	-0.000449
3e-08	8.9	alpha	1.9099e-09
3e-08	8.9	neubal	-0.000475
3e-08	8.9	alpha	2.0531e-09
3e-08	11.65	neubal	-9.2e-05
3e-08	11.65	alpha	4.138e-10
3e-08	11.65	neubal	-8.4e-05
3e-08	11.65	alpha	3.3423e-10
3e-08	11.65	neubal	-8e-05
3e-08	11.65	alpha	3.6606e-10
1e-07	4.05	neubal	-0.0098
1e-07	4.05	alpha	4.2924e-08
1e-07	4.05	neubal	-0.009775
1e-07	4.05	alpha	4.3736e-08
1e-07	4.05	neubal	-0.009891
1e-07	4.05	alpha	4.2542e-08
1e-07	5.4	neubal	-0.004664
1e-07	5.4	alpha	2.0276e-08
1e-07	5.4	neubal	-0.004719
1e-07	5.4	alpha	2.0372e-08
1e-07	5.4	neubal	-0.004681
1e-07	5.4	alpha	1.9385e-08
1e-07	6.65	neubal	-0.002119
1e-07	6.65	alpha	8.5785e-09
1e-07	6.65	neubal	-0.002177
1e-07	6.65	alpha	9.613e-09
1e-07	6.65	neubal	-0.002202
1e-07	6.65	alpha	1.0011e-08
1e-07	8.9	neubal	-0.000505
1e-07	8.9	alpha	2.069e-09
1e-07	8.9	neubal	-0.00055
1e-07	8.9	alpha	2.4032e-09
1e-07	8.9	neubal	-0.000543
1e-07	8.9	alpha	2.6579e-09
1e-07	11.65	neubal	-0.000101
1e-07	11.65	alpha	4.138e-10
1e-07	11.65	neubal	-9.9e-05
1e-07	11.65	alpha	4.138e-10
1e-07	11.65	neubal	-7.3e-05
1e-07	11.65	alpha	4.138e-10
3e-07	4.05	neubal	-0.009259
3e-07	4.05	alpha	4.0203e-08
3e-07	4.05	neubal	-0.009317
3e-07	4.05	alpha	4.0362e-08
3e-07	4.05	neubal	-0.009209
3e-07	4.05	alpha	3.8882e-08
3e-07	5.4	neubal	-0.004781
3e-07	5.4	alpha	2.0165e-08
3e-07	5.4	neubal	-0.004782
3e-07	5.4	alpha	2.0722e-08
3e-07	5.4	neubal	-0.004748
3e-07	5.4	alpha	2.0802e-08
3e-07	6.65	neubal	-0.00222
3e-07	6.65	alpha	9.9472e-09
3e-07	6.65	neubal	-0.002302
3e-07	6.65	alpha	9.597e-09
3e-07	6.65	neubal	-0.002331
3e-07	6.65	alpha	9.1832e-09
3e-07	8.9	neubal	-0.000567
3e-07	8.9	alpha	2.7215e-09
3e-07	8.9	neubal	-0.000568
3e-07	8.9	alpha	2.2123e-09
3e-07	8.9	neubal	-0.000585
3e-07	8.9	alpha	2.7056e-09
3e-07	11.65	neubal	-9.4e-05
3e-07	11.65	alpha	4.6155e-10
3e-07	11.65	neubal	-0.000107
3e-07	11.65	alpha	5.093e-10
3e-07	11.65	neubal	-0.000115
3e-07	11.65	alpha	3.6606e-10
1e-06	4.05	neubal	-0.008631
1e-06	4.05	alpha	3.6542e-08
1e-06	4.05	neubal	-0.008525
1e-06	4.05	alpha	3.6622e-08
1e-06	4.05	neubal	-0.008612
1e-06	4.05	alpha	3.7895e-08
1e-06	5.4	neubal	-0.004857
1e-06	5.4	alpha	2.112e-08
1e-06	5.4	neubal	-0.004863
1e-06	5.4	alpha	2.0897e-08
1e-06	5.4	neubal	-0.004793
1e-06	5.4	alpha	1.991e-08
1e-06	6.65	neubal	-0.002385
1e-06	6.65	alpha	1.0361e-08
1e-06	6.65	neubal	-0.002355
1e-06	6.65	alpha	1.0234e-08
1e-06	6.65	neubal	-0.002391
1e-06	6.65	alpha	1.0679e-08
1e-06	8.9	neubal	-0.000656
1e-06	8.9	alpha	2.8807e-09
1e-06	8.9	neubal	-0.000638
1e-06	8.9	alpha	2.7534e-09
1e-06	8.9	neubal	-0.000621
1e-06	8.9	alpha	2.833e-09
1e-06	11.65	neubal	-0.000127
1e-06	11.65	alpha	5.5704e-10
1e-06	11.65	neubal	-0.000132
1e-06	11.65	alpha	5.093e-10
1e-06	11.65	neubal	-0.000124
1e-06	11.65	alpha	5.8887e-10
3e-06	4.05	neubal	-0.008209
3e-06	4.05	alpha	3.5874e-08
3e-06	4.05	neubal	-0.008176
3e-06	4.05	alpha	3.5332e-08
3e-06	4.05	neubal	-0.00808
3e-06	4.05	alpha	3.5301e-08
3e-06	5.4	neubal	-0.004675
3e-06	5.4	alpha	2.0356e-08
3e-06	5.4	neubal	-0.004715
3e-06	5.4	alpha	2.0133e-08
3e-06	5.4	neubal	-0.004784
3e-06	5.4	alpha	2.1295e-08
3e-06	6.65	neubal	-0.002477
3e-06	6.65	alpha	1.0616e-08
3e-06	6.65	neubal	-0.002452
3e-06	6.65	alpha	1.0791e-08
3e-06	6.65	neubal	-0.00243
3e-06	6.65	alpha	9.9313e-09
3e-06	8.9	neubal	-0.000664
3e-06	8.9	alpha	3.1513e-09
3e-06	8.9	neubal	-0.000697
3e-06	8.9	alpha	2.9285e-09
3e-06	8.9	neubal	-0.000666
3e-06	8.9	alpha	3.1194e-09
3e-06	11.65	neubal	-0.000127
3e-06	11.65	alpha	5.093e-10
3e-06	11.65	neubal	-0.000125
3e-06	11.65	alpha	4.6155e-10
3e-06	11.65	neubal	-0.000114
3e-06	11.65	alpha	4.6155e-10
1e-05	4.05	neubal	-0.007722
1e-05	4.05	alpha	3.3486e-08
1e-05	4.05	neubal	-0.007542
1e-05	4.05	alpha	3.2468e-08
1e-05	4.05	neubal	-0.007558
1e-05	4.05	alpha	3.2308e-08
1e-05	5.4	neubal	-0.00471
1e-05	5.4	alpha	2.0993e-08
1e-05	5.4	neubal	-0.004696
1e-05	5.4	alpha	2.0993e-08
1e-05	5.4	neubal	-0.004679
1e-05	5.4	alpha	2.0165e-08
1e-05	6.65	neubal	-0.002699
1e-05	6.65	alpha	1.2064e-08
1e-05	6.65	neubal	-0.002548
1e-05	6.65	alpha	1.0679e-08
1e-05	6.65	neubal	-0.00262
1e-05	6.65	alpha	1.0663e-08
1e-05	8.9	neubal	-0.000725
1e-05	8.9	alpha	3.1194e-09
1e-05	8.9	neubal	-0.000768
1e-05	8.9	alpha	3.4218e-09
1e-05	8.9	neubal	-0.000712
1e-05	8.9	alpha	3.0239e-09
1e-05	11.65	neubal	-0.000161
1e-05	11.65	alpha	7.4803e-10
1e-05	11.65	neubal	-0.000154
1e-05	11.65	alpha	4.9338e-10
1e-05	11.65	neubal	-0.000167
1e-05	11.65	alpha	6.6845e-10
3e-05	4.05	neubal	-0.006814
3e-05	4.05	alpha	3.0526e-08
3e-05	4.05	neubal	-0.007131
3e-05	4.05	alpha	3.0224e-08
3e-05	4.05	neubal	-0.006977
3e-05	4.05	alpha	2.9666e-08
3e-05	5.4	neubal	-0.004624
3e-05	5.4	alpha	1.9512e-08
3e-05	5.4	neubal	-0.004763
3e-05	5.4	alpha	2.0054e-08
3e-05	5.4	neubal	-0.004805
3e-05	5.4	alpha	2.0547e-08
3e-05	6.65	neubal	-0.002675
3e-05	6.65	alpha	1.1443e-08
3e-05	6.65	neubal	-0.002822
3e-05	6.65	alpha	1.1698e-08
3e-05	6.65	neubal	-0.002768
3e-05	6.65	alpha	1.1714e-08
3e-05	8.9	neubal	-0.000876
3e-05	8.9	alpha	4.1221e-09
3e-05	8.9	neubal	-0.000847
3e-05	8.9	alpha	3.8834e-09
3e-05	8.9	neubal	-0.000865
3e-05	8.9	alpha	3.5969e-09
3e-05	11.65	neubal	-0.000179
3e-05	11.65	alpha	7.7986e-10
3e-05	11.65	neubal	-0.000196
3e-05	11.65	alpha	8.7535e-10
3e-05	11.65	neubal	-0.000203
3e-05	11.65	alpha	8.5944e-10
0.0001	4.05	neubal	-0.006426
0.0001	4.05	alpha	2.8043e-08
0.0001	4.05	neubal	-0.0064
0.0001	4.05	alpha	2.8139e-08
0.0001	4.05	neubal	-0.006579
0.0001	4.05	alpha	2.7613e-08
0.0001	5.4	neubal	-0.004964
0.0001	5.4	alpha	2.112e-08
0.0001	5.4	neubal	-0.004943
0.0001	5.4	alpha	2.1343e-08
0.0001	5.4	neubal	-0.005006
0.0001	5.4	alpha	2.2202e-08
0.0001	6.65	neubal	-0.003194
0.0001	6.65	alpha	1.4388e-08
0.0001	6.65	neubal	-0.003142
0.0001	6.65	alpha	1.3624e-08
0.0001	6.65	neubal	-0.00316
0.0001	6.65	alpha	1.3831e-08
0.0001	8.9	neubal	-0.001109
0.0001	8.9	alpha	4.902e-09
0.0001	8.9	neubal	-0.001098
0.0001	8.9	alpha	4.9975e-09
0.0001	8.9	neubal	-0.001073
0.0001	8.9	alpha	4.3608e-09
0.0001	11.65	neubal	-0.000227
0.0001	11.65	alpha	8.9127e-10
0.0001	11.65	neubal	-0.000245
0.0001	11.65	alpha	1.0027e-09
0.0001	11.65	neubal	-0.000223
0.0001	11.65	alpha	7.4803e-10
0.0003	4.05	neubal	-0.005583
0.0003	4.05	alpha	2.3953e-08
0.0003	4.05	neubal	-0.005547
0.0003	4.05	alpha	2.2791e-08
0.0003	4.05	neubal	-0.005493
0.0003	4.05	alpha	2.4207e-08
0.0003	5.4	neubal	-0.004995
0.0003	5.4	alpha	2.1056e-08
0.0003	5.4	neubal	-0.005133
0.0003	5.4	alpha	2.1836e-08
0.0003	5.4	neubal	-0.005085
0.0003	5.4	alpha	2.2759e-08
0.0003	6.65	neubal	-0.003664
0.0003	6.65	alpha	1.5963e-08
0.0003	6.65	neubal	-0.003673
0.0003	6.65	alpha	1.5868e-08
0.0003	6.65	neubal	-0.003759
0.0003	6.65	alpha	1.5725e-08
0.0003	8.9	neubal	-0.0016
0.0003	8.9	alpha	6.4299e-09
0.0003	8.9	neubal	-0.001564
0.0003	8.9	alpha	6.8277e-09
0.0003	8.9	neubal	-0.001557
0.0003	8.9	alpha	6.1275e-09
0.0003	11.65	neubal	-0.00047
0.0003	11.65	alpha	1.8462e-09
0.0003	11.65	neubal	-0.000436
0.0003	11.65	alpha	1.6234e-09
0.0003	11.65	neubal	-0.000445
0.0003	11.65	alpha	1.8462e-09
0.001	4.05	neubal	-0.003522
0.001	4.05	alpha	1.512e-08
0.001	4.05	neubal	-0.003586
0.001	4.05	alpha	1.5199e-08
0.001	4.05	neubal	-0.003599
0.001	4.05	alpha	1.5136e-08
0.001	5.4	neubal	-0.004111
0.001	5.4	alpha	1.8191e-08
0.001	5.4	neubal	-0.004094
0.001	5.4	alpha	1.8048e-08
0.001	5.4	neubal	-0.004025
0.001	5.4	alpha	1.7778e-08
0.001	6.65	neubal	-0.003638
0.001	6.65	alpha	1.5677e-08
0.001	6.65	neubal	-0.003629
0.001	6.65	alpha	1.5152e-08
0.001	6.65	neubal	-0.003673
0.001	6.65	alpha	1.6138e-08
0.001	8.9	neubal	-0.002191
0.001	8.9	alpha	9.9313e-09
0.001	8.9	neubal	-0.002227
0.001	8.9	alpha	9.4061e-09
0.001	8.9	neubal	-0.002213
0.001	8.9	alpha	9.2946e-09
0.001	11.65	neubal	-0.000958
0.001	11.65	alpha	4.1221e-09
0.001	11.65	neubal	-0.000968
0.001	11.65	alpha	4.1699e-09
0.001	11.65	neubal	-0.000975
0.001	11.65	alpha	4.329e-09
0.004	4.05	neubal	-0.001278
0.004	4.05	alpha	5.1725e-09
0.004	4.05	neubal	-0.001206
0.004	4.05	alpha	5.3317e-09
0.004	4.05	neubal	-0.001202
0.004	4.05	alpha	5.4272e-09
0.004	5.4	neubal	-0.001752
0.004	5.4	alpha	7.0824e-09
0.004	5.4	neubal	-0.001683
0.004	5.4	alpha	7.2256e-09
0.004	5.4	neubal	-0.001754
0.004	5.4	alpha	7.4644e-09
0.004	6.65	neubal	-0.001928
0.004	6.65	alpha	8.0692e-09
0.004	6.65	neubal	-0.002022
0.004	6.65	alpha	8.1965e-09
0.004	6.65	neubal	-0.001878
0.004	6.65	alpha	7.3689e-09
0.004	8.9	neubal	-0.001659
0.004	8.9	alpha	7.0346e-09
0.004	8.9	neubal	-0.001666
0.004	8.9	alpha	6.8755e-09
0.004	8.9	neubal	-0.001662
0.004	8.9	alpha	7.353e-09
0.004	11.65	neubal	-0.001061
0.004	11.65	alpha	4.52e-09
0.004	11.65	neubal	-0.001116
0.004	11.65	alpha	4.9975e-09
0.004	11.65	neubal	-0.001106
0.004	11.65	alpha	4.4882e-09
0.01	4.05	neubal	-0.000409
0.01	4.05	alpha	1.687e-09
0.01	4.05	neubal	-0.000388
0.01	4.05	alpha	1.5438e-09
0.01	4.05	neubal	-0.000424
0.01	4.05	alpha	1.7189e-09
0.01	5.4	neubal	-0.000678
0.01	5.4	alpha	2.9125e-09
0.01	5.4	neubal	-0.000678
0.01	5.4	alpha	2.8011e-09
0.01	5.4	neubal	-0.000667
0.01	5.4	alpha	2.6738e-09
0.01	6.65	neubal	-0.000812
0.01	6.65	alpha	3.7401e-09
0.01	6.65	neubal	-0.000841
0.01	6.65	alpha	3.9311e-09
0.01	6.65	neubal	-0.000787
0.01	6.65	alpha	3.3423e-09
0.01	8.9	neubal	-0.000797
0.01	8.9	alpha	3.7879e-09
0.01	8.9	neubal	-0.000871
0.01	8.9	alpha	3.581e-09
0.01	8.9	neubal	-0.000841
0.01	8.9	alpha	3.4218e-09
0.01	11.65	neubal	-0.00073
0.01	11.65	alpha	3.1035e-09
0.01	11.65	neubal	-0.000774
0.01	11.65	alpha	3.5651e-09
0.01	11.65	neubal	-0.000766
0.01	11.65	alpha	3.2786e-09
0.02	4.05	neubal	-0.000206
0.02	4.05	alpha	8.7535e-10
0.02	4.05	neubal	-0.00023
0.02	4.05	alpha	9.0718e-10
0.02	4.05	neubal	-0.000259
0.02	4.05	alpha	1.2892e-09
0.02	5.4	neubal	-0.00036
0.02	5.4	alpha	1.4642e-09
0.02	5.4	neubal	-0.000392
0.02	5.4	alpha	1.703e-09
0.02	5.4	neubal	-0.000356
0.02	5.4	alpha	1.5915e-09
0.02	6.65	neubal	-0.000513
0.02	6.65	alpha	2.0531e-09
0.02	6.65	neubal	-0.000483
0.02	6.65	alpha	2.2123e-09
0.02	6.65	neubal	-0.000542
0.02	6.65	alpha	2.4987e-09
0.02	8.9	neubal	-0.00056
0.02	8.9	alpha	2.1486e-09
0.02	8.9	neubal	-0.000544
0.02	8.9	alpha	2.3237e-09
0.02	8.9	neubal	-0.000559
0.02	8.9	alpha	2.4032e-09
0.02	11.65	neubal	-0.000486
0.02	11.65	alpha	2.2918e-09
0.02	11.65	neubal	-0.000466
0.02	11.65	alpha	2.1804e-09
0.02	11.65	neubal	-0.00047
0.02	11.65	alpha	2.0054e-09
0.05	4.05	neubal	-8.3e-05
0.05	4.05	alpha	3.9789e-10
0.05	4.05	neubal	-6.5e-05
0.05	4.05	alpha	3.6606e-10
0.05	4.05	neubal	-5.9e-05
0.05	4.05	alpha	4.2972e-10
0.05	5.4	neubal	-0.000121
0.05	5.4	alpha	5.093e-10
0.05	5.4	neubal	-0.000121
0.05	5.4	alpha	5.7296e-10
0.05	5.4	neubal	-0.000126
0.05	5.4	alpha	7.162e-10
0.05	6.65	neubal	-0.000141
0.05	6.65	alpha	6.5254e-10
0.05	6.65	neubal	-0.000147
0.05	6.65	alpha	6.6845e-10
0.05	6.65	neubal	-0.000172
0.05	6.65	alpha	7.162e-10
0.05	8.9	neubal	-0.000169
0.05	8.9	alpha	6.5254e-10
0.05	8.9	neubal	-0.000204
0.05	8.9	alpha	9.5493e-10
0.05	8.9	neubal	-0.000189
0.05	8.9	alpha	8.5944e-10
0.05	11.65	neubal	-0.000196
0.05	11.65	alpha	6.6845e-10
0.05	11.65	neubal	-0.00021
0.05	11.65	alpha	1.0663e-09
0.05	11.65	neubal	-0.000189
0.05	11.65	alpha	8.4352e-10
0.1	4.05	neubal	-5.2e-05
0.1	4.05	alpha	2.2282e-10
0.1	4.05	neubal	-5.3e-05
0.1	4.05	alpha	4.2972e-10
0.1	4.05	neubal	-4.2e-05
0.1	4.05	alpha	3.3423e-10
0.1	5.4	neubal	-7.4e-05
0.1	5.4	alpha	3.9789e-10
0.1	5.4	neubal	-9.4e-05
0.1	5.4	alpha	5.5704e-10
0.1	5.4	neubal	-7.7e-05
0.1	5.4	alpha	3.5014e-10
0.1	6.65	neubal	-0.000118
0.1	6.65	alpha	5.4113e-10
0.1	6.65	neubal	-0.000103
0.1	6.65	alpha	5.8887e-10
0.1	6.65	neubal	-0.000119
0.1	6.65	alpha	6.207e-10
0.1	8.9	neubal	-0.000128
0.1	8.9	alpha	6.6845e-10
0.1	8.9	neubal	-0.000133
0.1	8.9	alpha	6.8437e-10
0.1	8.9	neubal	-0.000129
0.1	8.9	alpha	6.3662e-10
0.1	11.65	neubal	-0.000126
0.1	11.65	alpha	5.4113e-10
0.1	11.65	neubal	-0.000121
0.1	11.65	alpha	6.6845e-10
0.1	11.65	neubal	-0.000138
0.1	11.65	alpha	7.162e-10
0.2	4.05	neubal	-2.7e-05
0.2	4.05	alpha	1.5915e-10
0.2	4.05	neubal	-2.8e-05
0.2	4.05	alpha	2.5465e-10
0.2	4.05	neubal	-3.5e-05
0.2	4.05	alpha	1.4324e-10
0.2	5.4	neubal	-4.3e-05
0.2	5.4	alpha	2.069e-10
0.2	5.4	neubal	-6.9e-05
0.2	5.4	alpha	3.3423e-10
0.2	5.4	neubal	-5.4e-05
0.2	5.4	alpha	3.0239e-10
0.2	6.65	neubal	-7.9e-05
0.2	6.65	alpha	3.3423e-10
0.2	6.65	neubal	-0.000101
0.2	6.65	alpha	5.093e-10
0.2	6.65	neubal	-9e-05
0.2	6.65	alpha	4.6155e-10
0.2	8.9	neubal	-8.4e-05
0.2	8.9	alpha	3.3423e-10
0.2	8.9	neubal	-8.8e-05
0.2	8.9	alpha	4.6155e-10
0.2	8.9	neubal	-0.000102
0.2	8.9	alpha	5.4113e-10
0.2	11.65	neubal	-9.4e-05
0.2	11.65	alpha	3.9789e-10
0.2	11.65	neubal	-9.4e-05
0.2	11.65	alpha	4.6155e-10
0.2	11.65	neubal	-8e-05
0.2	11.65	alpha	3.3423e-10
0.5	4.05	neubal	-3.5e-05
0.5	4.05	alpha	2.5465e-10
0.5	4.05	neubal	-2.6e-05
0.5	4.05	alpha	2.5465e-10
0.5	4.05	neubal	-1.9e-05
0.5	4.05	alpha	2.069e-10
0.5	5.4	neubal	-6.9e-05
0.5	5.4	alpha	3.5014e-10
0.5	5.4	neubal	-4.3e-05
0.5	5.4	alpha	1.1141e-10
0.5	5.4	neubal	-4.3e-05
0.5	5.4	alpha	1.7507e-10
0.5	6.65	neubal	-6.7e-05
0.5	6.65	alpha	2.7056e-10
0.5	6.65	neubal	-6e-05
0.5	6.65	alpha	2.2282e-10
0.5	6.65	neubal	-6.3e-05
0.5	6.65	alpha	3.5014e-10
0.5	8.9	neubal	-8.3e-05
0.5	8.9	alpha	3.9789e-10
0.5	8.9	neubal	-7.9e-05
0.5	8.9	alpha	3.9789e-10
0.5	8.9	neubal	-7.3e-05
0.5	8.9	alpha	2.8648e-10
0.5	11.65	neubal	-9.6e-05
0.5	11.65	alpha	3.1831e-10
0.5	11.65	neubal	-8.8e-05
0.5	11.65	alpha	3.9789e-10
0.5	11.65	neubal	-8.7e-05
0.5	11.65	alpha	3.9789e-10
1.0	4.05	neubal	-2.1e-05
1.0	4.05	alpha	2.5465e-10
1.0	4.05	neubal	-1.2e-05
1.0	4.05	alpha	1.9099e-10
1.0	4.05	neubal	-2.9e-05
1.0	4.05	alpha	1.9099e-10
1.0	5.4	neubal	-5.1e-05
1.0	5.4	alpha	1.7507e-10
1.0	5.4	neubal	-5.3e-05
1.0	5.4	alpha	2.5465e-10
1.0	5.4	neubal	-4e-05
1.0	5.4	alpha	2.5465e-10
1.0	6.65	neubal	-6.1e-05
1.0	6.65	alpha	4.138e-10
1.0	6.65	neubal	-8.2e-05
1.0	6.65	alpha	3.1831e-10
1.0	6.65	neubal	-5.7e-05
1.0	6.65	alpha	3.1831e-10
1.0	8.9	neubal	-7.2e-05
1.0	8.9	alpha	3.1831e-10
1.0	8.9	neubal	-9.3e-05
1.0	8.9	alpha	4.6155e-10
1.0	8.9	neubal	-8e-05
1.0	8.9	alpha	3.5014e-10
1.0	11.65	neubal	-9e-05
1.0	11.65	alpha	3.0239e-10
1.0	11.65	neubal	-8.7e-05
1.0	11.65	alpha	3.9789e-10
1.0	11.65	neubal	-8.2e-05
1.0	11.65	alpha	3.5014e-10