E	r	rate
2.5e-11	4.05	-0.0062771	0.0	0.0	6.2771e-09
2.5e-11	5.4	-0.0023731	0.0	0.0	1.9683e-09
2.5e-11	6.65	-0.00082855	0.0	0.0	1.1203e-09
2.5e-11	8.9	-0.00021673	0.0	0.0	9.1356e-11
2.5e-11	11.65	-2.3487e-05	0.0	0.0	0.0
1e-10	4.05	-0.01222	0.0	0.0	1.1334e-08
1e-10	5.4	-0.0040534	0.0	0.0	3.5251e-09
1e-10	6.65	-0.0017655	0.0	0.0	1.3655e-09
1e-10	8.9	-0.00037457	0.0	0.0	5.2573e-10
1e-10	11.65	-9.2075e-05	0.0	0.0	1.0484e-10
3e-10	4.05	-0.020678	0.0	0.0	2.0334e-08
3e-10	5.4	-0.0075132	0.0	0.0	7.156e-09
3e-10	6.65	-0.0029332	0.0	0.0	2.7206e-09
3e-10	8.9	-0.00066211	0.0	0.0	9.5439e-10
3e-10	11.65	-0.00022749	0.0	0.0	1.2024e-10
1e-09	4.05	-0.028011	0.0	0.0	2.7614e-08
1e-09	5.4	-0.010267	0.0	0.0	9.5458e-09
1e-09	6.65	-0.0045149	0.0	0.0	3.9834e-09
1e-09	8.9	-0.00098012	0.0	0.0	1.0305e-09
1e-09	11.65	-0.00015804	0.0	0.0	1.4544e-10
3e-09	4.05	-0.031049	0.0	0.0	2.719e-08
3e-09	5.4	-0.011381	0.0	0.0	1.0718e-08
3e-09	6.65	-0.005028	0.0	0.0	5.4859e-09
3e-09	8.9	-0.0013009	0.0	0.0	9.3292e-10
3e-09	11.65	-0.00016349	0.0	0.0	1.6407e-13
1e-08	4.05	-0.035135	0.0	0.0	3.146e-08
1e-08	5.4	-0.014466	0.0	0.0	1.4645e-08
1e-08	6.65	-0.0055696	0.0	0.0	5.9936e-09
1e-08	8.9	-0.0012636	0.0	0.0	2.3855e-09
1e-08	11.65	-0.00030743	0.0	0.0	1.111e-10
3e-08	4.05	-0.034088	0.0	0.0	2.849e-08
3e-08	5.4	-0.015603	0.0	0.0	1.6049e-08
3e-08	6.65	-0.0067646	0.0	0.0	5.6138e-09
3e-08	8.9	-0.0015445	0.0	0.0	1.1305e-09
3e-08	11.65	-0.00015365	0.0	0.0	1.65e-10
1e-07	4.05	-0.034526	0.0	0.0	2.8969e-08
1e-07	5.4	-0.015714	0.0	0.0	1.355e-08
1e-07	6.65	-0.006823	0.0	0.0	5.1272e-09
1e-07	8.9	-0.0019575	0.0	0.0	2.5346e-09
1e-07	11.65	-0.000314	0.0	0.0	5.3267e-10
3e-07	4.05	-0.03171	0.0	0.0	2.4815e-08
3e-07	5.4	-0.015395	0.0	0.0	1.6234e-08
3e-07	6.65	-0.0074056	0.0	0.0	8.1432e-09
3e-07	8.9	-0.0020919	0.0	0.0	1.8226e-09
3e-07	11.65	-0.00021482	0.0	0.0	8.4845e-16
1e-06	4.05	-0.028971	0.0	0.0	2.3875e-08
1e-06	5.4	-0.015453	0.0	0.0	1.3511e-08
1e-06	6.65	-0.0082045	0.0	0.0	8.6275e-09
1e-06	8.9	-0.0019885	0.0	0.0	2.6441e-09
1e-06	11.65	-0.00043282	0.0	0.0	2.163e-10
3e-06	4.05	-0.026882	0.0	0.0	2.0768e-08
3e-06	5.4	-0.015385	0.0	0.0	1.2454e-08
3e-06	6.65	-0.0081356	0.0	0.0	7.3518e-09
3e-06	8.9	-0.0022438	0.0	0.0	2.4304e-09
3e-06	11.65	-0.00050609	0.0	0.0	1.3364e-10
1e-05	4.05	-0.024879	0.0	0.0	2.0675e-08
1e-05	5.4	-0.015416	0.0	0.0	1.3623e-08
1e-05	6.65	-0.0089325	0.0	0.0	9.0046e-09
1e-05	8.9	-0.0022352	0.0	0.0	1.8231e-09
1e-05	11.65	-0.00058079	0.0	0.0	3.4274e-10
3e-05	4.05	-0.022042	0.0	0.0	2.018e-08
3e-05	5.4	-0.015128	0.0	0.0	1.1515e-08
3e-05	6.65	-0.0087896	0.0	0.0	7.7233e-09
3e-05	8.9	-0.0029187	0.0	0.0	3.3903e-09
3e-05	11.65	-0.00049355	0.0	0.0	1.8877e-10
0.0001	4.05	-0.019776	0.0	0.0	1.6979e-08
0.0001	5.4	-0.015425	0.0	0.0	1.3837e-08
0.0001	6.65	-0.010019	0.0	0.0	8.6435e-09
0.0001	8.9	-0.003577	0.0	0.0	2.7741e-09
0.0001	11.65	-0.00080313	0.0	0.0	5.2757e-10
0.0003	4.05	-0.016292	0.0	0.0	1.3167e-08
0.0003	5.4	-0.014177	0.0	0.0	1.1456e-08
0.0003	6.65	-0.010918	0.0	0.0	9.1373e-09
0.0003	8.9	-0.0048723	0.0	0.0	3.8665e-09
0.0003	11.65	-0.0016374	0.0	0.0	1.4921e-09
0.001	4.05	-0.01007	0.0	0.0	8.9668e-09
0.001	5.4	-0.01128	0.0	0.0	8.2799e-09
0.001	6.65	-0.0096913	0.0	0.0	7.4521e-09
0.001	8.9	-0.0063191	0.0	0.0	7.7125e-09
0.001	11.65	-0.0029147	0.0	0.0	3.1302e-09
0.004	4.05	-0.0032498	0.0	0.0	2.8852e-09
0.004	5.4	-0.0042362	0.0	0.0	3.3946e-09
0.004	6.65	-0.0049963	0.0	0.0	4.2558e-09
0.004	8.9	-0.0047729	0.0	0.0	4.0117e-09
0.004	11.65	-0.0029101	0.0	0.0	2.8873e-09
0.01	4.05	-0.00095968	0.0	0.0	9.2866e-10
0.01	5.4	-0.0016709	0.0	0.0	7.8431e-10
0.01	6.65	-0.0022393	0.0	0.0	1.7541e-09
0.01	8.9	-0.0021827	0.0	0.0	2.6571e-09
0.01	11.65	-0.0021148	0.0	0.0	2.5532e-09
0.02	4.05	-0.00057885	0.0	6.8e-05	2.3174e-10
0.02	5.4	-0.0010282	0.0	3.8e-05	1.3492e-09
0.02	6.65	-0.0013454	0.0	2.2e-05	4.9897e-10
0.02	8.9	-0.0015309	0.0	6e-06	1.2293e-09
0.02	11.65	-0.0013388	0.0	0.0	2.0963e-09
0.05	4.05	-0.00015401	0.0	4.4e-05	3.1831e-11
0.05	5.4	-0.00027955	0.0	2.2e-05	1.0702e-10
0.05	6.65	-0.00041484	0.0	1.4e-05	5.5288e-10
0.05	8.9	-0.00038331	0.0	8e-06	3.5117e-10
0.05	11.65	-0.0004115	0.0	2e-06	7.3421e-10
0.1	4.05	-6.227e-05	0.0	4e-05	2.1692e-10
0.1	5.4	-0.00017252	0.0	2.8e-05	2.6667e-10
0.1	6.65	-0.00023554	0.0	1.8e-05	1.1236e-10
0.1	8.9	-0.00031581	0.0	1e-05	3.4491e-10
0.1	11.65	-0.00022408	0.0	2e-06	2.5628e-10
0.2	4.05	-8.7406e-05	0.0	2.6e-05	6.3662e-11
0.2	5.4	-0.00010246	0.0	1.4e-05	2.3219e-10
0.2	6.65	-0.00020992	0.0	4e-06	1.489e-10
0.2	8.9	-0.00022119	0.0	8e-06	1.665e-10
0.2	11.65	-0.0001912	0.0	2e-06	3.3358e-11
0.5	4.05	-1.3134e-05	0.0	4.4e-05	3.1831e-11
0.5	5.4	-4.614e-05	0.0	2.6e-05	1.7231e-10
0.5	6.65	-0.00015388	0.0	1.6e-05	1.2757e-10
0.5	8.9	-0.00022243	0.0	6e-06	1.3294e-10
0.5	11.65	-0.00018767	0.0	4e-06	3.5033e-11
1.0	4.05	1.2241e-05	0.0	5e-05	2.2702e-10
1.0	5.4	-8.7986e-05	0.0	1.8e-05	1.0616e-10
1.0	6.65	-0.00018025	0.0	6e-06	2.7901e-10
1.0	8.9	-0.0001783	0.0	8e-06	3.4444e-10
1.0	11.65	-0.00017961	0.0	4e-06	3.4178e-10