E	r	rate
2.5e-11	4.05	-0.0129	-0.011784	-0.012667	-0.012142	-0.012327	-0.012271	-0.012323	-0.012556	-0.012963	-0.012419	-0.011903	-0.012635	-0.01275	-0.01216	-0.012629
2.5e-11	5.4	-0.0054318	-0.0048135	-0.0054122	-0.005066	-0.0052847	-0.0053555	-0.0055279	-0.0052926	-0.0054088	-0.0050554	-0.005418	-0.0055567	-0.0055477	-0.005025	-0.0052845
2.5e-11	6.65	-0.0025817	-0.0024295	-0.0026006	-0.0026395	-0.0026602	-0.0027639	-0.0027191	-0.00259	-0.0025269	-0.0023349	-0.0025633	-0.0025373	-0.0027451	-0.002669	-0.0028636
2.5e-11	8.9	-0.00073576	-0.00086361	-0.0007112	-0.00082161	-0.00083023	-0.00081141	-0.00077716	-0.00074061	-0.00071814	-0.00078749	-0.00072977	-0.00075823	-0.00085249	-0.00081838	-0.00085879
2.5e-11	11.65	-0.00023049	-0.00019367	-0.00023551	-0.00021155	-0.00023618	-0.00018223	-0.00022962	-0.00019378	-0.00030019	-0.00025825	-0.00024696	-0.00020021	-0.00021292	-0.00024741	-0.00021297
1e-10	4.05	-0.023991	-0.024064	-0.024329	-0.024573	-0.024511	-0.024984	-0.02474	-0.024703	-0.024653	-0.024415	-0.024961	-0.024681	-0.024909	-0.024758	-0.024496
1e-10	5.4	-0.010539	-0.010421	-0.0098081	-0.010131	-0.010232	-0.01023	-0.010743	-0.010058	-0.0096372	-0.010615	-0.0098979	-0.010386	-0.010853	-0.010535	-0.010859
1e-10	6.65	-0.0052859	-0.0050838	-0.0050706	-0.004894	-0.0047614	-0.0049954	-0.0047011	-0.0048441	-0.0052074	-0.0045714	-0.0047984	-0.0054461	-0.0050409	-0.0049207	-0.004435
1e-10	8.9	-0.0016966	-0.0014748	-0.0016225	-0.0014598	-0.0017228	-0.0016636	-0.0014732	-0.001595	-0.0013257	-0.0014629	-0.0014132	-0.0016569	-0.0015817	-0.0013326	-0.0015379
1e-10	11.65	-0.00030324	-0.00034856	-0.00036846	-0.0004149	-0.00041415	-0.0004076	-0.00034319	-0.00037389	-0.00036824	-0.00033507	-0.00044718	-0.00042783	-0.00041374	-0.00032163	-0.00039907
3e-10	4.05	-0.041415	-0.0425	-0.042254	-0.0421	-0.041584	-0.041627	-0.042182	-0.042696	-0.042465	-0.040907	-0.041556	-0.041862	-0.042884	-0.042497	-0.042138
3e-10	5.4	-0.017216	-0.017906	-0.017792	-0.017329	-0.017865	-0.018231	-0.017354	-0.017154	-0.017859	-0.017644	-0.017859	-0.017649	-0.017573	-0.017288	-0.018039
3e-10	6.65	-0.0081064	-0.0085427	-0.0088511	-0.0088059	-0.0085724	-0.0089335	-0.0087449	-0.0084577	-0.0081497	-0.0084044	-0.0083926	-0.0085006	-0.0081745	-0.0082144	-0.0083543
3e-10	8.9	-0.0024765	-0.0024455	-0.0023439	-0.0023399	-0.0024953	-0.0023913	-0.0026868	-0.002788	-0.0023262	-0.0026149	-0.0023393	-0.0025844	-0.002525	-0.0027921	-0.002826
3e-10	11.65	-0.00066913	-0.0005964	-0.00051439	-0.00067149	-0.00057706	-0.0006192	-0.00058758	-0.00056682	-0.0005371	-0.00056015	-0.0005838	-0.00070875	-0.00063077	-0.00065145	-0.00085172
1e-09	4.05	-0.05593	-0.056762	-0.056817	-0.056917	-0.055782	-0.056209	-0.056408	-0.057053	-0.055381	-0.055497	-0.056648	-0.056107	-0.056573	-0.055472	-0.057677
1e-09	5.4	-0.025095	-0.025049	-0.024143	-0.023968	-0.023707	-0.024257	-0.024175	-0.02393	-0.024744	-0.024052	-0.022966	-0.023435	-0.024197	-0.023996	-0.023842
1e-09	6.65	-0.012009	-0.011867	-0.011735	-0.011431	-0.011472	-0.011711	-0.011373	-0.011683	-0.011355	-0.012291	-0.011858	-0.011885	-0.012328	-0.011056	-0.011498
1e-09	8.9	-0.0033989	-0.0036296	-0.0032736	-0.0032375	-0.0033848	-0.0035293	-0.0034364	-0.0038732	-0.0036622	-0.0033105	-0.0034477	-0.0034848	-0.0037967	-0.0034774	-0.0034805
1e-09	11.65	-0.00098026	-0.00076898	-0.00089106	-0.00084234	-0.00088176	-0.0009135	-0.0009333	-0.00076731	-0.00084101	-0.00097535	-0.00090889	-0.00088586	-0.00085642	-0.00079532	-0.00088508
3e-09	4.05	-0.066135	-0.06534	-0.066101	-0.064969	-0.065819	-0.0643	-0.064969	-0.065192	-0.065149	-0.064828	-0.064406	-0.065021	-0.064108	-0.064538	-0.065519
3e-09	5.4	-0.02816	-0.029465	-0.02901	-0.029421	-0.029015	-0.029537	-0.027745	-0.028585	-0.028171	-0.029888	-0.029194	-0.028638	-0.027468	-0.028249	-0.028755
3e-09	6.65	-0.013919	-0.014423	-0.014036	-0.014081	-0.014868	-0.014431	-0.01468	-0.013975	-0.014335	-0.013903	-0.013753	-0.014581	-0.014798	-0.014749	-0.014871
3e-09	8.9	-0.0047652	-0.0043579	-0.0044041	-0.0042509	-0.0041036	-0.0045578	-0.0042137	-0.0043486	-0.0040245	-0.0043143	-0.0047049	-0.004613	-0.0043436	-0.0048799	-0.0042237
3e-09	11.65	-0.0011903	-0.0011074	-0.0012431	-0.001268	-0.0012016	-0.0012262	-0.0010209	-0.0010275	-0.0010096	-0.0010306	-0.001219	-0.0012466	-0.0013597	-0.0010912	-0.0010944
1e-08	4.05	-0.072483	-0.072688	-0.071789	-0.071913	-0.073218	-0.07226	-0.072717	-0.07173	-0.072271	-0.072063	-0.07181	-0.071709	-0.073517	-0.072089	-0.072983
1e-08	5.4	-0.033639	-0.034799	-0.032754	-0.034059	-0.033434	-0.033409	-0.034507	-0.03413	-0.033273	-0.033909	-0.033919	-0.034161	-0.03294	-0.033427	-0.033601
1e-08	6.65	-0.017417	-0.017935	-0.016724	-0.017971	-0.017975	-0.017603	-0.01734	-0.016791	-0.016901	-0.017395	-0.018038	-0.01668	-0.016731	-0.017172	-0.017201
1e-08	8.9	-0.00504	-0.0053237	-0.0052893	-0.0054936	-0.0051441	-0.005335	-0.0053328	-0.0054454	-0.0056106	-0.004904	-0.0052761	-0.0051057	-0.00562	-0.005368	-0.0050123
1e-08	11.65	-0.0014476	-0.0012577	-0.0015738	-0.0014919	-0.001246	-0.0011466	-0.0012072	-0.0011417	-0.0012671	-0.0013202	-0.0013591	-0.0013666	-0.0012424	-0.0012036	-0.0014219
3e-08	4.05	-0.072964	-0.072987	-0.073634	-0.071856	-0.072896	-0.072726	-0.072427	-0.073231	-0.07263	-0.073149	-0.074058	-0.073234	-0.072879	-0.072825	-0.07259
3e-08	5.4	-0.035123	-0.03474	-0.036125	-0.035519	-0.036431	-0.035788	-0.036023	-0.035996	-0.036484	-0.034896	-0.035865	-0.035536	-0.034963	-0.034907	-0.035815
3e-08	6.65	-0.019176	-0.018826	-0.018931	-0.01889	-0.019269	-0.01878	-0.01859	-0.017812	-0.018852	-0.018932	-0.018246	-0.017925	-0.018448	-0.018085	-0.018354
3e-08	8.9	-0.0057849	-0.005701	-0.0063289	-0.0059198	-0.0056779	-0.0061978	-0.0066226	-0.0061337	-0.0064064	-0.0059328	-0.005611	-0.0057313	-0.0059985	-0.0060745	-0.0058251
3e-08	11.65	-0.0017792	-0.0016482	-0.0015684	-0.001477	-0.0018248	-0.0015388	-0.0017232	-0.0015929	-0.0016984	-0.0016534	-0.0015258	-0.0017586	-0.0012452	-0.0017543	-0.0016816
1e-07	4.05	-0.071863	-0.072074	-0.071229	-0.071962	-0.071315	-0.072064	-0.071461	-0.072646	-0.071915	-0.071034	-0.071523	-0.072833	-0.070631	-0.07244	-0.071728
1e-07	5.4	-0.035346	-0.036505	-0.036112	-0.036336	-0.035716	-0.035008	-0.035954	-0.035496	-0.036235	-0.035978	-0.036221	-0.036516	-0.035732	-0.036322	-0.035321
1e-07	6.65	-0.019524	-0.019406	-0.019557	-0.019336	-0.018444	-0.019106	-0.019875	-0.019903	-0.019655	-0.019427	-0.019714	-0.020337	-0.018685	-0.019713	-0.019389
1e-07	8.9	-0.0063697	-0.0063307	-0.0068053	-0.0063079	-0.0068824	-0.006377	-0.0062967	-0.0060664	-0.006363	-0.0060478	-0.0063387	-0.0062943	-0.0057081	-0.0068216	-0.006648
1e-07	11.65	-0.0015174	-0.0018371	-0.0019748	-0.0015104	-0.0014868	-0.0017935	-0.0018935	-0.0017009	-0.0021635	-0.0015172	-0.001726	-0.0015213	-0.0016961	-0.0018151	-0.0018197
3e-07	4.05	-0.068187	-0.068573	-0.069276	-0.067531	-0.068962	-0.069209	-0.068893	-0.069349	-0.068086	-0.068142	-0.069439	-0.069221	-0.067882	-0.068527	-0.069589
3e-07	5.4	-0.036989	-0.036033	-0.035001	-0.035706	-0.036705	-0.035404	-0.035883	-0.037117	-0.035567	-0.036169	-0.036623	-0.035815	-0.03695	-0.035334	-0.035152
3e-07	6.65	-0.020558	-0.020444	-0.0206	-0.019968	-0.020621	-0.020409	-0.019936	-0.01972	-0.02068	-0.020241	-0.020115	-0.020108	-0.019923	-0.019978	-0.020446
3e-07	8.9	-0.0068559	-0.0069521	-0.0073613	-0.0067865	-0.0068258	-0.006887	-0.0072461	-0.006708	-0.0075775	-0.0070918	-0.0071642	-0.0065943	-0.0070162	-0.00701	-0.0071644
3e-07	11.65	-0.0017796	-0.0015353	-0.0018657	-0.0019069	-0.0018496	-0.0019761	-0.0016779	-0.0018534	-0.0020937	-0.0016949	-0.001959	-0.0017722	-0.0021082	-0.0019564	-0.0017063
1e-06	4.05	-0.065533	-0.065224	-0.065084	-0.064721	-0.064349	-0.063774	-0.065432	-0.064873	-0.064597	-0.065141	-0.065889	-0.064114	-0.065	-0.065101	-0.064561
1e-06	5.4	-0.036145	-0.035664	-0.035517	-0.035706	-0.036202	-0.035267	-0.035336	-0.036097	-0.03613	-0.036084	-0.036535	-0.035943	-0.03555	-0.035103	-0.035666
1e-06	6.65	-0.021605	-0.020311	-0.020833	-0.021154	-0.020354	-0.020511	-0.020426	-0.020562	-0.020585	-0.020145	-0.020677	-0.020764	-0.019921	-0.020366	-0.020922
1e-06	8.9	-0.0076115	-0.0078971	-0.0080583	-0.0072104	-0.0074196	-0.0075978	-0.0073405	-0.0070755	-0.0077695	-0.0074052	-0.0071531	-0.0071204	-0.007802	-0.0070964	-0.0075332
1e-06	11.65	-0.0019461	-0.002248	-0.0022203	-0.0020641	-0.0021594	-0.0017732	-0.0019736	-0.0019781	-0.0021804	-0.002194	-0.0021429	-0.0018658	-0.0020693	-0.0018967	-0.0022486
3e-06	4.05	-0.060664	-0.060573	-0.061274	-0.06137	-0.060827	-0.06084	-0.060862	-0.060755	-0.060987	-0.061447	-0.06134	-0.060308	-0.060969	-0.060644	-0.060964
3e-06	5.4	-0.034359	-0.035292	-0.035593	-0.035574	-0.034753	-0.034922	-0.034846	-0.03467	-0.034373	-0.034943	-0.035429	-0.035166	-0.034587	-0.03449	-0.035225
3e-06	6.65	-0.02069	-0.020977	-0.020815	-0.020746	-0.020847	-0.021473	-0.020275	-0.020939	-0.020793	-0.020371	-0.021585	-0.020784	-0.020901	-0.019933	-0.020573
3e-06	8.9	-0.0077018	-0.0081168	-0.0075717	-0.0080337	-0.0079644	-0.0078245	-0.0078399	-0.007863	-0.0080043	-0.0083969	-0.007015	-0.0075458	-0.0077632	-0.0074392	-0.0080959
3e-06	11.65	-0.0025237	-0.0024817	-0.0022693	-0.0023166	-0.0020452	-0.002132	-0.0023729	-0.0024097	-0.00206	-0.0023345	-0.0019664	-0.0021467	-0.0023157	-0.0027254	-0.0022689
1e-05	4.05	-0.056353	-0.056422	-0.056694	-0.055854	-0.057024	-0.0563	-0.055746	-0.055747	-0.055452	-0.056057	-0.056042	-0.056378	-0.055977	-0.054968	-0.05695
1e-05	5.4	-0.0342	-0.034043	-0.034004	-0.033545	-0.034172	-0.034451	-0.033955	-0.034353	-0.035086	-0.034236	-0.034472	-0.033931	-0.034555	-0.034603	-0.034553
1e-05	6.65	-0.020111	-0.021594	-0.021562	-0.021904	-0.02101	-0.020651	-0.02139	-0.021169	-0.021609	-0.021564	-0.021664	-0.021494	-0.021572	-0.021641	-0.022181
1e-05	8.9	-0.0080823	-0.0075603	-0.0087367	-0.008653	-0.0084486	-0.0082454	-0.0080229	-0.0078889	-0.0084262	-0.0087084	-0.0086648	-0.0085085	-0.0088314	-0.0085959	-0.0090512
1e-05	11.65	-0.0024159	-0.0022876	-0.0024896	-0.0026168	-0.0025507	-0.0023888	-0.0028758	-0.0024597	-0.0024506	-0.0023762	-0.0028202	-0.0024231	-0.002443	-0.0025177	-0.0024883
3e-05	4.05	-0.051425	-0.05198	-0.05166	-0.052268	-0.051002	-0.052268	-0.051732	-0.051735	-0.052306	-0.051578	-0.051571	-0.051636	-0.051763	-0.051472	-0.051998
3e-05	5.4	-0.034187	-0.033223	-0.034168	-0.03483	-0.034193	-0.033552	-0.033699	-0.033889	-0.034116	-0.034437	-0.034231	-0.033657	-0.034806	-0.034152	-0.033907
3e-05	6.65	-0.021971	-0.022324	-0.021859	-0.022476	-0.022071	-0.022472	-0.020943	-0.021709	-0.022148	-0.022074	-0.021823	-0.021338	-0.022555	-0.022551	-0.022574
3e-05	8.9	-0.008843	-0.0088292	-0.0093845	-0.0094251	-0.008885	-0.0088257	-0.0093824	-0.0097459	-0.0090407	-0.0089923	-0.0090148	-0.0087384	-0.0091814	-0.0095498	-0.0086933
3e-05	11.65	-0.0033524	-0.0026923	-0.0027148	-0.0027484	-0.002863	-0.0032567	-0.0030016	-0.0027438	-0.0029096	-0.0027821	-0.0028687	-0.0028561	-0.0028953	-0.0025205	-0.0028783
0.0001	4.05	-0.04692	-0.047488	-0.046433	-0.046521	-0.045806	-0.046238	-0.047115	-0.046592	-0.046754	-0.045891	-0.046342	-0.046728	-0.046641	-0.046495	-0.046849
0.0001	5.4	-0.035457	-0.034707	-0.034444	-0.034404	-0.034647	-0.034829	-0.033639	-0.033762	-0.033738	-0.034224	-0.034731	-0.033134	-0.033908	-0.034237	-0.034457
0.0001	6.65	-0.023928	-0.024437	-0.024089	-0.024015	-0.023709	-0.024238	-0.024714	-0.023625	-0.023689	-0.023954	-0.024098	-0.024215	-0.024654	-0.023533	-0.023654
0.0001	8.9	-0.010965	-0.011281	-0.011341	-0.011313	-0.011069	-0.010872	-0.010662	-0.011322	-0.010791	-0.010879	-0.011472	-0.010739	-0.011507	-0.011183	-0.011873
0.0001	11.65	-0.003948	-0.0039154	-0.0039446	-0.0042087	-0.0039288	-0.003664	-0.0042713	-0.00378	-0.0040539	-0.0038734	-0.0037026	-0.0038116	-0.0043296	-0.0038308	-0.0035772
0.0003	4.05	-0.037828	-0.037793	-0.037	-0.03765	-0.036849	-0.037857	-0.037695	-0.037248	-0.037666	-0.038234	-0.037188	-0.037469	-0.038527	-0.037584	-0.03784
0.0003	5.4	-0.032016	-0.032653	-0.032444	-0.033344	-0.032347	-0.031564	-0.03168	-0.03205	-0.032487	-0.032279	-0.032212	-0.03198	-0.032319	-0.033233	-0.032627
0.0003	6.65	-0.025661	-0.025233	-0.025189	-0.026176	-0.025573	-0.024983	-0.02574	-0.026196	-0.026671	-0.025745	-0.026196	-0.025256	-0.025519	-0.025957	-0.025997
0.0003	8.9	-0.014152	-0.014274	-0.014588	-0.014432	-0.014463	-0.014571	-0.013947	-0.01439	-0.014931	-0.014234	-0.014411	-0.014647	-0.014687	-0.014039	-0.014378
0.0003	11.65	-0.0059264	-0.0061278	-0.0057156	-0.0056586	-0.0061538	-0.006167	-0.0063977	-0.0062173	-0.0057288	-0.0055946	-0.0056344	-0.0059476	-0.0056392	-0.0062295	-0.0059861
0.001	4.05	-0.020039	-0.020657	-0.019828	-0.020319	-0.020078	-0.019772	-0.020588	-0.020061	-0.019798	-0.020282	-0.020469	-0.020072	-0.02005	-0.020457	-0.0202
0.001	5.4	-0.022487	-0.021698	-0.021094	-0.021737	-0.022106	-0.021836	-0.021587	-0.021913	-0.021886	-0.021909	-0.02236	-0.022124	-0.021449	-0.022072	-0.022481
0.001	6.65	-0.020887	-0.020971	-0.021423	-0.020832	-0.020802	-0.021159	-0.021323	-0.020384	-0.020958	-0.020602	-0.020698	-0.020595	-0.020639	-0.021332	-0.021212
0.001	8.9	-0.01555	-0.015537	-0.015606	-0.015728	-0.015937	-0.015872	-0.015867	-0.016362	-0.015541	-0.015593	-0.015463	-0.015679	-0.016423	-0.015519	-0.016257
0.001	11.65	-0.0091084	-0.0090091	-0.0089011	-0.0089985	-0.0085566	-0.0088491	-0.0088593	-0.0096416	-0.0094761	-0.0092726	-0.0092372	-0.0086169	-0.0090566	-0.0085002	-0.0086949
0.004	4.05	-0.0075409	-0.0076444	-0.0072573	-0.0072927	-0.0073999	-0.0072213	-0.0074417	-0.0073592	-0.0074847	-0.0074227	-0.00735	-0.007422	-0.0075913	-0.0072349	-0.0072984
0.004	5.4	-0.0086095	-0.0080594	-0.0082443	-0.0079673	-0.0081517	-0.0080984	-0.0084991	-0.0080941	-0.0085125	-0.0080367	-0.0079348	-0.0082104	-0.0082667	-0.0080136	-0.0082198
0.004	6.65	-0.0092495	-0.0087242	-0.00911	-0.009393	-0.0088662	-0.0093232	-0.0092798	-0.0089259	-0.0087784	-0.0086579	-0.0088597	-0.0085561	-0.0092836	-0.0095808	-0.0087709
0.004	8.9	-0.0092777	-0.0088998	-0.0089539	-0.0090778	-0.0089241	-0.0091341	-0.0085201	-0.0088766	-0.008762	-0.0082456	-0.0089234	-0.0088412	-0.008478	-0.0089674	-0.0087913
0.004	11.65	-0.0073416	-0.0071695	-0.0071816	-0.0073902	-0.0072875	-0.0067666	-0.0073717	-0.0073871	-0.0064311	-0.007105	-0.0073015	-0.0069677	-0.0067507	-0.0071122	-0.0075053
0.01	4.05	-0.0031154	-0.0032012	-0.0031855	-0.0032714	-0.0031141	-0.0031674	-0.0030601	-0.003059	-0.0031119	-0.0030391	-0.0031426	-0.0030643	-0.0030221	-0.002992	-0.003154
0.01	5.4	-0.003355	-0.0031727	-0.0031939	-0.0032633	-0.0033834	-0.0033504	-0.0033508	-0.0031229	-0.0033269	-0.0034258	-0.0031369	-0.0033236	-0.0033585	-0.0033183	-0.0033622
0.01	6.65	-0.0036999	-0.0039919	-0.0035219	-0.0035594	-0.0035113	-0.0035176	-0.003837	-0.0034153	-0.0035962	-0.0038136	-0.0035299	-0.0038654	-0.0036	-0.0035865	-0.0035596
0.01	8.9	-0.0041645	-0.0039442	-0.0039333	-0.0040627	-0.0041196	-0.00407	-0.0038596	-0.0038672	-0.0037696	-0.0038882	-0.0040217	-0.0044687	-0.0040633	-0.003951	-0.0040531
0.01	11.65	-0.0040195	-0.0037389	-0.0034688	-0.0040423	-0.0036571	-0.0035763	-0.0039578	-0.0037157	-0.0038923	-0.0036857	-0.0039049	-0.0037197	-0.0040024	-0.0035511	-0.0038834
0.02	4.05	-0.0010912	-0.0010753	-0.00093164	-0.00078799	-0.0010454	-0.0010624	-0.0010853	-0.00098732	-0.0010031	-0.0010764	-0.0010491	-0.0010258	-0.00096084	-0.00099127	-0.00091953
0.02	5.4	-0.0016011	-0.0016336	-0.0015292	-0.0014771	-0.0014005	-0.0015599	-0.0015214	-0.0015566	-0.0013773	-0.0014944	-0.0016694	-0.0014805	-0.00153	-0.0016347	-0.0014639
0.02	6.65	-0.0017564	-0.0017943	-0.0019892	-0.0021596	-0.0020906	-0.0017616	-0.0018509	-0.001971	-0.0020962	-0.0019503	-0.0019257	-0.0021225	-0.0019789	-0.0019409	-0.0018106
0.02	8.9	-0.0024356	-0.002188	-0.0022847	-0.0022204	-0.0023199	-0.0022625	-0.002431	-0.0023311	-0.0023802	-0.0022568	-0.0025892	-0.0023069	-0.00242	-0.0021903	-0.0022593
0.02	11.65	-0.0023265	-0.0025353	-0.002501	-0.0024166	-0.0021912	-0.0025729	-0.0022558	-0.0024142	-0.0024382	-0.0022092	-0.0021985	-0.0023979	-0.0020969	-0.0021992	-0.0025841
0.05	4.05	0.0005752	0.00066542	0.00067248	0.00061536	0.0006432	0.00064729	0.00069207	0.0005849	0.00066298	0.00071069	0.00067645	0.00056488	0.00057819	0.00063876	0.0005946
0.05	5.4	5.0911e-05	-5.667e-05	2.2326e-06	2.2251e-05	2.133e-07	-7.556e-05	1.1873e-05	5.8177e-05	4.1369e-05	-1.4642e-06	0.00012506	8.642e-05	0.0001126	9.6282e-05	-3.6958e-05
0.05	6.65	-0.00024484	-0.00023274	-0.00020815	-0.0002904	-0.00013924	-0.00040193	-0.00033113	-0.00028079	-0.00027923	-0.00023381	-0.00027358	-0.00022643	-0.0002223	-0.00023443	-0.00031339
0.05	8.9	-0.00047474	-0.00051323	-0.00066648	-0.00064891	-0.00054242	-0.0008354	-0.00068221	-0.00078944	-0.00056469	-0.00065442	-0.00063396	-0.00050949	-0.00090343	-0.00071823	-0.00064524
0.05	11.65	-0.00083229	-0.00068935	-0.00073302	-0.00075632	-0.0007461	-0.00064585	-0.00077559	-0.00072166	-0.00069532	-0.00061266	-0.00081494	-0.00072023	-0.00069422	-0.00071352	-0.00086526
0.1	4.05	0.00093004	0.00098479	0.00088845	0.00083122	0.00097959	0.00097975	0.00099086	0.0010313	0.00085383	0.00095889	0.00093529	0.00092935	0.00097887	0.00093886	0.0009606
0.1	5.4	0.00035007	0.0003749	0.000216	0.00034941	0.00032871	0.00030147	0.00033772	0.00038628	0.0003646	0.00044059	0.00032703	0.00031672	0.00031807	0.00040699	0.00022408
0.1	6.65	3.6239e-05	-6.7508e-05	3.406e-06	6.4524e-05	-7.2936e-05	5.0378e-05	9.5174e-07	-8.8145e-05	-7.0346e-05	4.3541e-05	6.4861e-05	1.9075e-06	-2.8051e-05	0.00010882	-9.6434e-05
0.1	8.9	-0.00026418	-0.00022551	-0.00043802	-0.00024453	-0.00037591	-0.00033308	-0.00023439	-0.000341	-0.00033889	-0.00026814	-0.00030614	-0.00035225	-0.00020268	-0.00027051	-0.00032736
0.1	11.65	-0.00043211	-0.00056155	-0.00039104	-0.00037447	-0.00057386	-0.00048699	-0.00037007	-0.00049138	-0.00053022	-0.00042057	-0.00047309	-0.00041859	-0.00038409	-0.00040961	-0.00052838
0.2	4.05	0.0012307	0.0010123	0.0012281	0.00099819	0.0011884	0.0010462	0.0011437	0.0010935	0.0010238	0.0011016	0.0011391	0.0011785	0.0010575	0.0011272	0.0010782
0.2	5.4	0.00053688	0.00047066	0.00046168	0.00046379	0.00051936	0.00051718	0.00049481	0.00051199	0.00048052	0.00050291	0.00043849	0.00048239	0.00051957	0.00047905	0.00056658
0.2	6.65	0.00020828	0.00010063	0.00024194	0.00021946	0.0002532	0.00016256	9.9922e-05	0.0001299	0.00031032	0.00019648	0.0002092	0.00017337	0.00019798	9.8133e-05	0.00013277
0.2	8.9	-0.00021761	-0.00018097	-0.00019926	-0.00015485	-0.00021738	-0.00012294	-0.0002023	-0.00011601	-7.5469e-05	-0.00021458	-6.9852e-05	-0.00017202	-0.00011384	-0.00017462	-8.4469e-05
0.2	11.65	-0.00021882	-0.00035248	-0.00022885	-0.00025812	-0.00026301	-0.00022676	-0.00030282	-0.00022826	-0.00028907	-0.00022245	-0.00021929	-0.00028833	-0.00019064	-0.00035782	-0.00025018
0.5	4.05	0.0014108	0.0014885	0.001471	0.0016374	0.0014384	0.0014734	0.0015007	0.0014867	0.0015857	0.0013566	0.0014647	0.0014497	0.001556	0.001377	0.0014681
0.5	5.4	0.0007179	0.00076745	0.0007425	0.00072729	0.00078633	0.00074032	0.00071949	0.00069363	0.00075293	0.00075453	0.00073893	0.00070438	0.00065503	0.00070748	0.0007187
0.5	6.65	0.00044441	0.00034669	0.00039088	0.00039023	0.00036394	0.00036366	0.00032999	0.00037119	0.00029198	0.00037782	0.00041961	0.00018755	0.00035147	0.00034219	0.00035242
0.5	8.9	3.9618e-05	8.0677e-05	-7.5656e-05	6.3021e-05	-0.00010276	9.9561e-05	9.8713e-06	-2.4499e-05	-3.0713e-05	-2.8394e-05	-9.6574e-06	-3.886e-06	8.8642e-05	-6.6075e-06	2.5578e-05
0.5	11.65	-0.00021816	-9.299e-05	-0.00025382	-0.00017834	-4.8993e-05	-7.9257e-05	-0.00017978	-0.00014836	-0.00031096	-0.00023024	-0.00013337	-0.0001436	-0.00010078	-0.00022124	-0.00023971
1.0	4.05	0.0018736	0.0017618	0.0017913	0.0019551	0.0018867	0.0019421	0.0017924	0.0016458	0.0019858	0.0017882	0.0018205	0.0019903	0.0018538	0.0018837	0.0017392
1.0	5.4	0.0010371	0.0010041	0.00097429	0.00089109	0.00078188	0.0009146	0.0010763	0.00099147	0.0010282	0.00085654	0.00091366	0.00085106	0.001008	0.00096832	0.00099509
1.0	6.65	0.00045266	0.00058433	0.00049267	0.00050489	0.00040629	0.00043028	0.00045691	0.00053019	0.00041528	0.00046131	0.00061057	0.00051345	0.0005518	0.00043272	0.00039716
1.0	8.9	0.00010298	0.00013766	3.9588e-05	9.8543e-05	0.00018252	1.858e-06	7.1136e-05	-2.9772e-05	0.00011986	-0.00015252	0.00012174	5.9153e-05	0.00017945	0.00014926	-2.4814e-05
1.0	11.65	-0.00012211	-0.00019927	-0.00010614	-6.4278e-05	-0.00017707	-0.00025739	-9.8267e-05	-8.9436e-05	-0.00013895	-0.00010165	-0.0001786	-0.00030333	-0.00015383	-4.7515e-05	-9.1024e-05