E	r	LiMass	value
0.5	2.0	6	7.7489e-07
0.5	2.0	6	1.1028e-06
0.5	2.0	6	9.4721e-07
0.5	2.0	6	9.4399e-07
3e-06	2.0	6	1.8311e-06
3e-06	2.0	6	1.8349e-06
3e-06	2.0	6	1.8984e-06
3e-06	2.0	6	1.8075e-06
3e-05	2.0	6	6.9607e-07
3e-05	2.0	6	6.2346e-07
3e-05	2.0	6	6.5855e-07
3e-05	2.0	6	7.0138e-07
1e-07	4.05	6	1.4795e-05
1e-07	4.05	6	1.4756e-05
1e-07	4.05	6	1.4195e-05
1e-07	4.05	6	1.4829e-05
1e-10	8.9	7	1.4955e-15
1e-10	8.9	7	0.0
1e-10	8.9	7	4.9498e-10
1e-10	8.9	7	3.9868e-10
1e-08	4.05	6	1.4747e-05
1e-08	4.05	6	1.432e-05
1e-08	4.05	6	1.4625e-05
1e-08	4.05	6	1.4206e-05
1e-09	5.4	6	3.9485e-06
1e-09	5.4	6	3.8006e-06
1e-09	5.4	6	3.7765e-06
1e-09	5.4	6	3.959e-06
1e-09	5.4	7	9.0299e-10
1e-09	5.4	7	1.9458e-09
1e-09	5.4	7	1.2622e-09
1e-09	5.4	7	8.2556e-10
3e-05	6.65	7	1.0875e-09
3e-05	6.65	7	1.3851e-10
3e-05	6.65	7	1.8559e-09
3e-05	6.65	7	5.8397e-10
1e-07	2.0	7	6.8309e-12
1e-07	2.0	7	7.4925e-12
1e-07	2.0	7	7.068e-12
1e-07	2.0	7	7.2739e-12
0.02	2.0	6	9.2789e-07
0.02	2.0	6	1.1887e-06
0.02	2.0	6	8.4838e-07
0.02	2.0	6	1.0673e-06
3e-06	8.9	6	8.9865e-07
3e-06	8.9	6	8.5591e-07
3e-06	8.9	6	9.1285e-07
3e-06	8.9	6	9.089e-07
3e-10	2.0	6	9.3133e-05
3e-10	2.0	6	9.2966e-05
3e-10	2.0	6	9.3386e-05
3e-10	2.0	6	9.2451e-05
3e-06	11.65	7	2.7089e-14
3e-06	11.65	7	8.8197e-10
3e-06	11.65	7	8.7164e-10
3e-06	11.65	7	6.425e-10
1e-05	4.05	6	1.1599e-05
1e-05	4.05	6	1.1578e-05
1e-05	4.05	6	1.1381e-05
1e-05	4.05	6	1.1889e-05
3e-08	2.0	7	2.7059e-12
3e-08	2.0	7	2.8333e-12
3e-08	2.0	7	2.7786e-12
3e-08	2.0	7	2.5697e-12
3e-06	4.05	6	1.2558e-05
3e-06	4.05	6	1.254e-05
3e-06	4.05	6	1.2426e-05
3e-06	4.05	6	1.2165e-05
1.0	4.05	6	7.9329e-07
1.0	4.05	6	9.5584e-07
1.0	4.05	6	8.8703e-07
1.0	4.05	6	7.3157e-07
3e-06	4.05	7	1.1592e-09
3e-06	4.05	7	3.2131e-09
3e-06	4.05	7	2.5554e-09
3e-06	4.05	7	2.6642e-09
1e-08	6.65	6	2.6813e-06
1e-08	6.65	6	2.7442e-06
1e-08	6.65	6	2.1455e-06
1e-08	6.65	6	2.5309e-06
0.02	5.4	6	9.6223e-07
0.02	5.4	6	8.0158e-07
0.02	5.4	6	7.6988e-07
0.02	5.4	6	8.5897e-07
0.0001	11.65	7	1.3163e-10
0.0001	11.65	7	1.2739e-14
0.0001	11.65	7	3.9128e-10
0.0001	11.65	7	0.0
0.004	11.65	7	3.1426e-09
0.004	11.65	7	3.4957e-09
0.004	11.65	7	3.8595e-09
0.004	11.65	7	2.2115e-09
0.0001	4.05	6	1.0451e-05
0.0001	4.05	6	1.0264e-05
0.0001	4.05	6	1.0062e-05
0.0001	4.05	6	1.0423e-05
0.0001	8.9	6	1.5448e-06
0.0001	8.9	6	1.3379e-06
0.0001	8.9	6	1.5876e-06
0.0001	8.9	6	1.4107e-06
3e-07	8.9	6	8.4719e-07
3e-07	8.9	6	7.1313e-07
3e-07	8.9	6	6.9286e-07
3e-07	8.9	6	6.6419e-07
0.05	4.05	6	6.9663e-07
0.05	4.05	6	8.3285e-07
0.05	4.05	6	6.7355e-07
0.05	4.05	6	7.3283e-07
1e-08	8.9	7	8.7988e-10
1e-08	8.9	7	1.9136e-09
1e-08	8.9	7	5.7092e-10
1e-08	8.9	7	2.2381e-10
0.02	6.65	7	1.1451e-07
0.02	6.65	7	1.2334e-07
0.02	6.65	7	1.1952e-07
0.02	6.65	7	1.0435e-07
1e-07	11.65	6	1.3889e-07
1e-07	11.65	6	1.4851e-07
1e-07	11.65	6	1.338e-07
1e-07	11.65	6	1.1467e-07
0.001	8.9	6	3.393e-06
0.001	8.9	6	3.0346e-06
0.001	8.9	6	3.0567e-06
0.001	8.9	6	3.1253e-06
0.2	6.65	7	2.1488e-07
0.2	6.65	7	2.7092e-07
0.2	6.65	7	2.3872e-07
0.2	6.65	7	2.72e-07
3e-08	2.0	6	1.6787e-05
3e-08	2.0	6	1.6256e-05
3e-08	2.0	6	1.6545e-05
3e-08	2.0	6	1.708e-05
1.0	6.65	6	5.6565e-07
1.0	6.65	6	4.8156e-07
1.0	6.65	6	4.1504e-07
1.0	6.65	6	3.2635e-07
0.001	2.0	7	7.8507e-08
0.001	2.0	7	8.3941e-08
0.001	2.0	7	8.5793e-08
0.001	2.0	7	8.3518e-08
1e-07	6.65	7	2.2296e-09
1e-07	6.65	7	1.0311e-09
1e-07	6.65	7	6.411e-10
1e-07	6.65	7	5.4491e-10
1e-08	11.65	6	8.6034e-08
1e-08	11.65	6	1.102e-07
1e-08	11.65	6	1.0034e-07
1e-08	11.65	6	9.0786e-08
1e-10	8.9	6	1.3413e-07
1e-10	8.9	6	2.199e-07
1e-10	8.9	6	1.6321e-07
1e-10	8.9	6	1.4412e-07
1e-10	11.65	7	0.0
1e-10	11.65	7	0.0
1e-10	11.65	7	0.0
1e-10	11.65	7	4.2322e-10
0.1	11.65	7	9.6396e-08
0.1	11.65	7	6.9057e-08
0.1	11.65	7	4.3458e-08
0.1	11.65	7	1.0614e-07
2.5e-11	2.0	7	2.7454e-12
2.5e-11	2.0	7	2.4062e-12
2.5e-11	2.0	7	1.178e-10
2.5e-11	2.0	7	2.5768e-12
1e-10	4.05	7	6.0193e-10
1e-10	4.05	7	1.4645e-09
1e-10	4.05	7	1.8704e-09
1e-10	4.05	7	2.4877e-09
0.01	4.05	6	9.4938e-07
0.01	4.05	6	8.4749e-07
0.01	4.05	6	8.7299e-07
0.01	4.05	6	8.1907e-07
0.5	8.9	6	3.1049e-07
0.5	8.9	6	3.7645e-07
0.5	8.9	6	2.8745e-07
0.5	8.9	6	2.5871e-07
1e-09	2.0	7	4.4095e-13
1e-09	2.0	7	4.5749e-13
1e-09	2.0	7	4.5919e-13
1e-09	2.0	7	5.1665e-13
1e-05	6.65	7	8.0261e-10
1e-05	6.65	7	4.1177e-09
1e-05	6.65	7	2.3511e-09
1e-05	6.65	7	1.6836e-09
1.0	6.65	7	4.5611e-07
1.0	6.65	7	2.2284e-07
1.0	6.65	7	3.3058e-07
1.0	6.65	7	3.6639e-07
1e-07	8.9	6	6.1675e-07
1e-07	8.9	6	6.6671e-07
1e-07	8.9	6	6.611e-07
1e-07	8.9	6	7.5571e-07
0.0001	4.05	7	1.6229e-09
0.0001	4.05	7	2.4754e-09
0.0001	4.05	7	1.4885e-09
0.0001	4.05	7	2.2991e-09
3e-07	11.65	6	1.6765e-07
3e-07	11.65	6	2.0074e-07
3e-07	11.65	6	1.338e-07
3e-07	11.65	6	1.2046e-07
0.1	4.05	7	5.34e-07
0.1	4.05	7	6.0559e-07
0.1	4.05	7	5.0397e-07
0.1	4.05	7	6.6541e-07
2.5e-11	6.65	6	4.3977e-07
2.5e-11	6.65	6	3.6796e-07
2.5e-11	6.65	6	3.5359e-07
2.5e-11	6.65	6	3.0204e-07
1.0	5.4	6	5.0997e-07
1.0	5.4	6	5.0103e-07
1.0	5.4	6	7.2762e-07
1.0	5.4	6	5.5066e-07
0.004	11.65	6	1.5669e-06
0.004	11.65	6	1.8224e-06
0.004	11.65	6	1.5222e-06
0.004	11.65	6	1.5885e-06
0.02	4.05	6	7.2889e-07
0.02	4.05	6	7.7204e-07
0.02	4.05	6	8.0375e-07
0.02	4.05	6	7.7383e-07
0.1	5.4	7	4.4954e-07
0.1	5.4	7	3.4758e-07
0.1	5.4	7	4.6394e-07
0.1	5.4	7	3.2696e-07
1e-06	5.4	6	6.865e-06
1e-06	5.4	6	6.8363e-06
1e-06	5.4	6	6.7235e-06
1e-06	5.4	6	6.688e-06
0.2	11.65	7	9.5053e-08
0.2	11.65	7	6.7175e-08
0.2	11.65	7	1.0561e-07
0.2	11.65	7	6.4789e-08
3e-05	11.65	7	3.2792e-10
3e-05	11.65	7	4.084e-15
3e-05	11.65	7	2.3028e-14
3e-05	11.65	7	7.1965e-10
1e-07	6.65	6	2.7411e-06
1e-07	6.65	6	2.8408e-06
1e-07	6.65	6	3.2539e-06
1e-07	6.65	6	2.8303e-06
3e-08	6.65	7	1.6059e-09
3e-08	6.65	7	3.3136e-09
3e-08	6.65	7	2.9116e-09
3e-08	6.65	7	2.4471e-09
1e-08	5.4	6	5.4048e-06
1e-08	5.4	6	5.7507e-06
1e-08	5.4	6	5.7492e-06
1e-08	5.4	6	5.5153e-06
0.0003	4.05	7	2.638e-09
0.0003	4.05	7	3.3689e-09
0.0003	4.05	7	3.7136e-09
0.0003	4.05	7	4.6389e-09
1e-05	4.05	7	1.6025e-09
1e-05	4.05	7	3.1645e-09
1e-05	4.05	7	2.4739e-09
1e-05	4.05	7	1.5939e-09
0.05	4.05	7	5.678e-07
0.05	4.05	7	5.0801e-07
0.05	4.05	7	6.8536e-07
0.05	4.05	7	5.1406e-07
1e-07	4.05	7	3.3446e-09
1e-07	4.05	7	6.8582e-10
1e-07	4.05	7	4.3631e-09
1e-07	4.05	7	2.7066e-09
0.05	2.0	6	7.4483e-07
0.05	2.0	6	1.0672e-06
0.05	2.0	6	8.8499e-07
0.05	2.0	6	1.0466e-06
2.5e-11	6.65	7	4.2812e-10
2.5e-11	6.65	7	1.0659e-09
2.5e-11	6.65	7	1.0418e-09
2.5e-11	6.65	7	1.2643e-09
1.0	4.05	7	8.2416e-07
1.0	4.05	7	6.7739e-07
1.0	4.05	7	9.4099e-07
1.0	4.05	7	9.1583e-07
1e-09	6.65	6	1.6393e-06
1e-09	6.65	6	1.5396e-06
1e-09	6.65	6	1.5306e-06
1e-09	6.65	6	1.612e-06
0.05	11.65	7	4.7379e-08
0.05	11.65	7	5.1082e-08
0.05	11.65	7	5.5278e-08
0.05	11.65	7	2.814e-08
0.05	8.9	6	4.7247e-07
0.05	8.9	6	4.5749e-07
0.05	8.9	6	3.9107e-07
0.05	8.9	6	3.2403e-07
0.001	11.65	7	2.4413e-09
0.001	11.65	7	6.8396e-10
0.001	11.65	7	1.2319e-09
0.001	11.65	7	1.155e-09
0.1	6.65	6	4.8923e-07
0.1	6.65	6	4.4855e-07
0.1	6.65	6	4.6145e-07
0.1	6.65	6	4.0148e-07
0.5	11.65	7	2.1072e-07
0.5	11.65	7	1.3349e-07
0.5	11.65	7	9.8338e-08
0.5	11.65	7	1.2393e-07
1e-08	5.4	7	2.1672e-09
1e-08	5.4	7	3.6622e-09
1e-08	5.4	7	5.3972e-10
1e-08	5.4	7	1.548e-09
1e-06	4.05	7	1.9572e-09
1e-06	4.05	7	3.9012e-09
1e-06	4.05	7	4.1209e-09
1e-06	4.05	7	3.8568e-09
0.001	4.05	6	6.2114e-06
0.001	4.05	6	6.1591e-06
0.001	4.05	6	6.1695e-06
0.001	4.05	6	6.4755e-06
0.004	8.9	7	7.9514e-09
0.004	8.9	7	7.8418e-09
0.004	8.9	7	6.6959e-09
0.004	8.9	7	5.5431e-09
0.0003	11.65	6	6.4191e-07
0.0003	11.65	6	6.5546e-07
0.0003	11.65	6	5.5075e-07
0.0003	11.65	6	6.6416e-07
2.5e-11	4.05	7	1.2986e-09
2.5e-11	4.05	7	8.0757e-10
2.5e-11	4.05	7	2.0913e-09
2.5e-11	4.05	7	3.126e-09
1e-06	8.9	6	8.3904e-07
1e-06	8.9	6	8.6484e-07
1e-06	8.9	6	8.4594e-07
1e-06	8.9	6	8.7043e-07
1.0	2.0	6	1.2932e-06
1.0	2.0	6	1.4468e-06
1.0	2.0	6	1.1018e-06
1.0	2.0	6	7.8583e-07
1e-10	5.4	6	1.7775e-06
1e-10	5.4	6	1.8641e-06
1e-10	5.4	6	1.625e-06
1e-10	5.4	6	1.7306e-06
0.01	4.05	7	1.4339e-07
0.01	4.05	7	1.5093e-07
0.01	4.05	7	1.2602e-07
0.01	4.05	7	1.4947e-07
0.0001	5.4	7	3.4397e-09
0.0001	5.4	7	6.1823e-10
0.0001	5.4	7	1.9244e-09
0.0001	5.4	7	5.7041e-10
3e-05	5.4	7	3.8009e-09
3e-05	5.4	7	3.2328e-10
3e-05	5.4	7	2.0475e-09
3e-05	5.4	7	1.7946e-09
1e-07	2.0	6	1.0309e-05
1e-07	2.0	6	1.0154e-05
1e-07	2.0	6	1.04e-05
1e-07	2.0	6	1.0451e-05
0.001	5.4	6	6.6659e-06
0.001	5.4	6	6.4579e-06
0.001	5.4	6	6.4941e-06
0.001	5.4	6	6.5897e-06
3e-05	4.05	6	1.0691e-05
3e-05	4.05	6	1.0753e-05
3e-05	4.05	6	1.0997e-05
3e-05	4.05	6	1.1477e-05
0.05	8.9	7	1.4581e-07
0.05	8.9	7	1.0781e-07
0.05	8.9	7	9.6626e-08
0.05	8.9	7	9.1108e-08
3e-09	6.65	6	2.0024e-06
3e-09	6.65	6	1.8069e-06
3e-09	6.65	6	2.0129e-06
3e-09	6.65	6	1.9847e-06
1e-10	11.65	6	1.4416e-08
1e-10	11.65	6	3.8234e-08
1e-10	11.65	6	2.8717e-08
1e-10	11.65	6	2.4168e-08
1e-08	4.05	7	1.8497e-09
1e-08	4.05	7	3.2703e-09
1e-08	4.05	7	3.779e-09
1e-08	4.05	7	3.2491e-09
0.5	8.9	7	1.5817e-07
0.5	8.9	7	1.5417e-07
0.5	8.9	7	1.7959e-07
0.5	8.9	7	1.3131e-07
0.2	8.9	7	1.5737e-07
0.2	8.9	7	1.3264e-07
0.2	8.9	7	1.6905e-07
0.2	8.9	7	1.4692e-07
0.02	6.65	6	8.6581e-07
0.02	6.65	6	8.6073e-07
0.02	6.65	6	9.7635e-07
0.02	6.65	6	9.0243e-07
0.05	11.65	6	4.234e-07
0.05	11.65	6	3.4597e-07
0.05	11.65	6	3.9742e-07
0.05	11.65	6	3.3547e-07
2.5e-11	8.9	6	6.7428e-08
2.5e-11	8.9	6	9.1009e-08
2.5e-11	8.9	6	1.0037e-07
2.5e-11	8.9	6	1.0515e-07
0.5	6.65	7	2.9606e-07
0.5	6.65	7	1.3126e-07
0.5	6.65	7	2.8291e-07
0.5	6.65	7	2.8634e-07
1e-10	6.65	6	7.2155e-07
1e-10	6.65	6	6.5484e-07
1e-10	6.65	6	6.4612e-07
1e-10	6.65	6	7.1316e-07
0.1	8.9	7	1.3962e-07
0.1	8.9	7	1.1961e-07
0.1	8.9	7	1.709e-07
0.1	8.9	7	1.3311e-07
0.1	6.65	7	2.5599e-07
0.1	6.65	7	2.8063e-07
0.1	6.65	7	3.5957e-07
0.1	6.65	7	3.2333e-07
0.5	5.4	7	3.1582e-07
0.5	5.4	7	3.068e-07
0.5	5.4	7	2.1867e-07
0.5	5.4	7	2.496e-07
1e-10	5.4	7	1.3955e-09
1e-10	5.4	7	3.8231e-09
1e-10	5.4	7	1.3993e-09
1e-10	5.4	7	1.202e-09
0.01	11.65	6	1.0179e-06
0.01	11.65	6	1.0979e-06
0.01	11.65	6	1.1233e-06
0.01	11.65	6	1.0679e-06
1e-09	11.65	7	7.2998e-10
1e-09	11.65	7	2.7363e-11
1e-09	11.65	7	3.0957e-10
1e-09	11.65	7	0.0
0.01	6.65	6	1.1806e-06
0.01	6.65	6	1.2683e-06
0.01	6.65	6	1.4145e-06
0.01	6.65	6	1.4225e-06
1e-06	11.65	7	1.3002e-14
1e-06	11.65	7	3.5214e-11
1e-06	11.65	7	1.2809e-11
1e-06	11.65	7	3.1543e-10
3e-08	4.05	6	1.4721e-05
3e-08	4.05	6	1.4776e-05
3e-08	4.05	6	1.4578e-05
3e-08	4.05	6	1.4791e-05
2.5e-11	4.05	6	2.4595e-06
2.5e-11	4.05	6	2.5425e-06
2.5e-11	4.05	6	2.5284e-06
2.5e-11	4.05	6	2.5247e-06
0.001	6.65	6	5.4092e-06
0.001	6.65	6	5.6234e-06
0.001	6.65	6	5.4162e-06
0.001	6.65	6	5.4679e-06
1e-10	2.0	7	1.287e-12
1e-10	2.0	7	1.3028e-12
1e-10	2.0	7	1.2611e-12
1e-10	2.0	7	1.1468e-12
1e-07	8.9	7	7.8465e-10
1e-07	8.9	7	1.6112e-10
1e-07	8.9	7	1.4451e-09
1e-07	8.9	7	7.7744e-10
3e-10	5.4	6	2.8983e-06
3e-10	5.4	6	2.8021e-06
3e-10	5.4	6	2.9443e-06
3e-10	5.4	6	2.8318e-06
3e-09	8.9	7	1.1688e-14
3e-09	8.9	7	0.0
3e-09	8.9	7	4.594e-10
3e-09	8.9	7	2.3108e-14
3e-06	8.9	7	3.0825e-10
3e-06	8.9	7	5.2946e-10
3e-06	8.9	7	1.6287e-10
3e-06	8.9	7	5.3527e-12
1e-09	2.0	6	6.974e-05
1e-09	2.0	6	6.9169e-05
1e-09	2.0	6	6.8555e-05
1e-09	2.0	6	6.9178e-05
3e-08	6.65	6	2.5631e-06
3e-08	6.65	6	2.7589e-06
3e-08	6.65	6	2.6639e-06
3e-08	6.65	6	2.7494e-06
0.02	5.4	7	2.0925e-07
0.02	5.4	7	1.6205e-07
0.02	5.4	7	2.1449e-07
0.02	5.4	7	2.2976e-07
1e-09	4.05	6	1.0642e-05
1e-09	4.05	6	1.1269e-05
1e-09	4.05	6	1.0611e-05
1e-09	4.05	6	1.0337e-05
1e-07	5.4	6	6.1528e-06
1e-07	5.4	6	6.5523e-06
1e-07	5.4	6	6.3331e-06
1e-07	5.4	6	6.5787e-06
2.5e-11	5.4	6	9.3416e-07
2.5e-11	5.4	6	8.7025e-07
2.5e-11	5.4	6	8.9979e-07
2.5e-11	5.4	6	9.4166e-07
0.05	6.65	7	2.2525e-07
0.05	6.65	7	2.302e-07
0.05	6.65	7	2.0591e-07
0.05	6.65	7	1.9283e-07
2.5e-11	8.9	7	1.0178e-10
2.5e-11	8.9	7	4.111e-10
2.5e-11	8.9	7	9.3545e-15
2.5e-11	8.9	7	1.466e-09
0.0001	11.65	6	3.2973e-07
0.0001	11.65	6	2.8224e-07
0.0001	11.65	6	3.3451e-07
0.0001	11.65	6	3.4642e-07
3e-07	2.0	6	5.7014e-06
3e-07	2.0	6	5.6704e-06
3e-07	2.0	6	5.8555e-06
3e-07	2.0	6	5.5076e-06
1e-09	6.65	7	9.412e-10
1e-09	6.65	7	4.089e-10
1e-09	6.65	7	5.3205e-10
1e-09	6.65	7	2.0648e-09
3e-06	11.65	6	1.1481e-07
3e-06	11.65	6	1.338e-07
3e-06	11.65	6	1.4481e-07
3e-06	11.65	6	1.5802e-07
3e-10	8.9	6	3.0129e-07
3e-10	8.9	6	2.7855e-07
3e-10	8.9	6	3.0581e-07
3e-10	8.9	6	2.3463e-07
1e-06	8.9	7	6.4969e-10
1e-06	8.9	7	1.1003e-11
1e-06	8.9	7	1.567e-09
1e-06	8.9	7	3.2861e-10
3e-05	11.65	6	2.2065e-07
3e-05	11.65	6	2.5367e-07
3e-05	11.65	6	2.2595e-07
3e-05	11.65	6	2.1592e-07
0.2	11.65	6	3.0376e-07
0.2	11.65	6	2.6812e-07
0.2	11.65	6	2.2072e-07
0.2	11.65	6	2.2302e-07
2.5e-11	11.65	7	1.7383e-11
2.5e-11	11.65	7	0.0
2.5e-11	11.65	7	0.0
2.5e-11	11.65	7	0.0
3e-10	6.65	7	1.3972e-10
3e-10	6.65	7	3.1152e-09
3e-10	6.65	7	5.8945e-10
3e-10	6.65	7	9.9595e-10
1e-10	4.05	6	4.6754e-06
1e-10	4.05	6	4.8084e-06
1e-10	4.05	6	4.7902e-06
1e-10	4.05	6	4.5968e-06
2.5e-11	2.0	6	0.00011965
2.5e-11	2.0	6	0.00012006
2.5e-11	2.0	6	0.00012017
2.5e-11	2.0	6	0.00012025
0.004	2.0	6	4.5947e-07
0.004	2.0	6	5.2783e-07
0.004	2.0	6	4.9196e-07
0.004	2.0	6	5.1504e-07
3e-05	8.9	7	1.5077e-10
3e-05	8.9	7	1.0496e-09
3e-05	8.9	7	3.3594e-10
3e-05	8.9	7	2.7809e-10
3e-10	2.0	7	7.7124e-13
3e-10	2.0	7	7.9961e-13
3e-10	2.0	7	6.9058e-13
3e-10	2.0	7	7.0624e-13
1e-08	6.65	7	1.0678e-09
1e-08	6.65	7	6.5523e-10
1e-08	6.65	7	2.6575e-09
1e-08	6.65	7	2.2435e-09
0.0003	5.4	7	3.4549e-09
0.0003	5.4	7	1.024e-09
0.0003	5.4	7	1.7463e-09
0.0003	5.4	7	2.1841e-09
0.004	4.05	6	2.1067e-06
0.004	4.05	6	2.0311e-06
0.004	4.05	6	2.0927e-06
0.004	4.05	6	1.9365e-06
0.001	6.65	7	3.5929e-09
0.001	6.65	7	1.8233e-09
0.001	6.65	7	3.67e-09
0.001	6.65	7	1.9688e-09
1e-09	4.05	7	3.8094e-09
1e-09	4.05	7	3.5392e-09
1e-09	4.05	7	1.5364e-09
1e-09	4.05	7	3.3357e-09
3e-05	6.65	6	3.8519e-06
3e-05	6.65	6	3.8819e-06
3e-05	6.65	6	3.9557e-06
3e-05	6.65	6	3.6796e-06
0.2	2.0	6	5.8228e-07
0.2	2.0	6	5.9338e-07
0.2	2.0	6	5.7952e-07
0.2	2.0	6	6.2278e-07
3e-09	11.65	6	7.6442e-08
3e-09	11.65	6	8.6008e-08
3e-09	11.65	6	5.7459e-08
3e-09	11.65	6	7.1729e-08
3e-09	5.4	6	4.9124e-06
3e-09	5.4	6	4.7684e-06
3e-09	5.4	6	4.6289e-06
3e-09	5.4	6	4.9184e-06
1e-05	6.65	6	3.7705e-06
1e-05	6.65	6	3.7901e-06
1e-05	6.65	6	3.6808e-06
1e-05	6.65	6	3.4702e-06
1e-05	8.9	6	9.47e-07
1e-05	8.9	6	1.0713e-06
1e-05	8.9	6	9.9499e-07
1e-05	8.9	6	9.5086e-07
0.0001	2.0	7	2.516e-08
0.0001	2.0	7	2.6513e-08
0.0001	2.0	7	2.5297e-08
0.0001	2.0	7	2.6534e-08
0.004	6.65	6	3.0682e-06
0.004	6.65	6	2.9498e-06
0.004	6.65	6	2.8176e-06
0.004	6.65	6	3.1862e-06
3e-09	4.05	6	1.2264e-05
3e-09	4.05	6	1.275e-05
3e-09	4.05	6	1.3081e-05
3e-09	4.05	6	1.267e-05
3e-10	5.4	7	1.4428e-09
3e-10	5.4	7	9.1798e-10
3e-10	5.4	7	8.1046e-10
3e-10	5.4	7	1.0923e-09
1e-08	8.9	6	5.9312e-07
1e-08	8.9	6	5.371e-07
1e-08	8.9	6	6.2735e-07
1e-08	8.9	6	6.3165e-07
0.0003	4.05	6	9.2904e-06
0.0003	4.05	6	9.2953e-06
0.0003	4.05	6	9.0121e-06
0.0003	4.05	6	9.5173e-06
3e-10	4.05	6	8.148e-06
3e-10	4.05	6	7.791e-06
3e-10	4.05	6	8.3111e-06
3e-10	4.05	6	8.1872e-06
0.02	11.65	7	1.4797e-08
0.02	11.65	7	3.199e-08
0.02	11.65	7	3.6955e-08
0.02	11.65	7	6.1044e-08
0.5	6.65	6	3.6419e-07
0.5	6.65	6	3.6523e-07
0.5	6.65	6	3.147e-07
0.5	6.65	6	4.4016e-07
3e-09	8.9	6	4.2309e-07
3e-09	8.9	6	4.4974e-07
3e-09	8.9	6	4.7412e-07
3e-09	8.9	6	4.2667e-07
3e-06	5.4	6	6.7748e-06
3e-06	5.4	6	6.6428e-06
3e-06	5.4	6	6.5153e-06
3e-06	5.4	6	6.6454e-06
1e-10	6.65	7	1.8786e-09
1e-10	6.65	7	8.475e-10
1e-10	6.65	7	1.7964e-09
1e-10	6.65	7	1.0763e-09
0.05	2.0	7	8.0544e-07
0.05	2.0	7	8.3949e-07
0.05	2.0	7	8.5515e-07
0.05	2.0	7	9.7999e-07
3e-05	4.05	7	2.1737e-09
3e-05	4.05	7	2.9978e-09
3e-05	4.05	7	4.8613e-09
3e-05	4.05	7	1.5348e-09
1e-05	8.9	7	1.4819e-09
1e-05	8.9	7	1.5689e-09
1e-05	8.9	7	1.339e-09
1e-05	8.9	7	3.8383e-10
3e-07	4.05	6	1.3834e-05
3e-07	4.05	6	1.393e-05
3e-07	4.05	6	1.4077e-05
3e-07	4.05	6	1.4173e-05
1e-07	5.4	7	2.6052e-09
1e-07	5.4	7	1.0834e-09
1e-07	5.4	7	1.7074e-09
1e-07	5.4	7	1.7785e-09
0.001	11.65	6	1.3996e-06
0.001	11.65	6	1.3469e-06
0.001	11.65	6	1.2179e-06
0.001	11.65	6	1.3098e-06
0.001	2.0	6	2.8211e-07
0.001	2.0	6	2.9459e-07
0.001	2.0	6	3.0197e-07
0.001	2.0	6	2.9423e-07
0.2	8.9	6	3.7801e-07
0.2	8.9	6	3.2625e-07
0.2	8.9	6	2.8443e-07
0.2	8.9	6	2.6784e-07
3e-06	5.4	7	7.0516e-10
3e-06	5.4	7	2.4049e-09
3e-06	5.4	7	3.0571e-09
3e-06	5.4	7	2.6354e-09
0.05	6.65	6	5.4823e-07
0.05	6.65	6	4.4149e-07
0.05	6.65	6	4.3106e-07
0.05	6.65	6	4.7298e-07
0.05	5.4	6	6.0807e-07
0.05	5.4	6	6.0543e-07
0.05	5.4	6	4.8379e-07
0.05	5.4	6	6.0077e-07
0.02	2.0	7	8.4534e-07
0.02	2.0	7	1.0807e-06
0.02	2.0	7	8.417e-07
0.02	2.0	7	9.7903e-07
1e-09	8.9	6	3.8032e-07
1e-09	8.9	6	3.7404e-07
1e-09	8.9	6	3.306e-07
1e-09	8.9	6	3.2574e-07
1e-08	2.0	6	2.8927e-05
1e-08	2.0	6	2.9535e-05
1e-08	2.0	6	2.8696e-05
1e-08	2.0	6	2.9634e-05
1e-06	4.05	6	1.2961e-05
1e-06	4.05	6	1.3169e-05
1e-06	4.05	6	1.3521e-05
1e-06	4.05	6	1.3012e-05
2.5e-11	5.4	7	1.8742e-10
2.5e-11	5.4	7	3.5395e-10
2.5e-11	5.4	7	5.4526e-10
2.5e-11	5.4	7	5.8257e-10
1e-05	11.65	7	1.0606e-09
1e-05	11.65	7	0.0
1e-05	11.65	7	2.7123e-11
1e-05	11.65	7	2.1298e-15
1e-05	2.0	6	1.0458e-06
1e-05	2.0	6	9.5819e-07
1e-05	2.0	6	1.0461e-06
1e-05	2.0	6	1.0491e-06
3e-07	5.4	6	6.6221e-06
3e-07	5.4	6	6.7191e-06
3e-07	5.4	6	6.7343e-06
3e-07	5.4	6	6.4693e-06
3e-05	5.4	6	6.6101e-06
3e-05	5.4	6	6.8188e-06
3e-05	5.4	6	6.7957e-06
3e-05	5.4	6	7.1811e-06
3e-08	4.05	7	3.5826e-09
3e-08	4.05	7	3.1826e-09
3e-08	4.05	7	3.1807e-09
3e-08	4.05	7	2.7627e-09
3e-05	8.9	6	1.1856e-06
3e-05	8.9	6	1.0673e-06
3e-05	8.9	6	1.0759e-06
3e-05	8.9	6	1.0806e-06
0.004	5.4	6	2.8473e-06
0.004	5.4	6	2.864e-06
0.004	5.4	6	2.8591e-06
0.004	5.4	6	2.7947e-06
3e-06	6.65	6	3.656e-06
3e-06	6.65	6	3.3878e-06
3e-06	6.65	6	3.3254e-06
3e-06	6.65	6	3.5649e-06
0.0001	2.0	6	5.0903e-07
0.0001	2.0	6	5.2184e-07
0.0001	2.0	6	5.6373e-07
0.0001	2.0	6	4.9473e-07
3e-07	6.65	6	3.1319e-06
3e-07	6.65	6	3.1919e-06
3e-07	6.65	6	3.1643e-06
3e-07	6.65	6	3.2501e-06
0.5	4.05	7	4.8185e-07
0.5	4.05	7	4.0814e-07
0.5	4.05	7	4.5283e-07
0.5	4.05	7	5.7323e-07
3e-07	11.65	7	3.8691e-10
3e-07	11.65	7	7.5925e-10
3e-07	11.65	7	1.0577e-10
3e-07	11.65	7	1.5155e-09
0.1	2.0	7	8.3619e-07
0.1	2.0	7	6.8855e-07
0.1	2.0	7	7.4146e-07
0.1	2.0	7	8.5953e-07
1.0	2.0	7	1.0905e-06
1.0	2.0	7	1.2828e-06
1.0	2.0	7	1.0477e-06
1.0	2.0	7	1.5328e-06
1.0	8.9	7	1.8999e-07
1.0	8.9	7	1.7242e-07
1.0	8.9	7	2.1545e-07
1.0	8.9	7	3.0984e-07
0.01	2.0	6	1.0296e-06
0.01	2.0	6	1.0378e-06
0.01	2.0	6	1.094e-06
0.01	2.0	6	9.7112e-07
3e-05	2.0	7	2.7936e-09
3e-05	2.0	7	3.0348e-09
3e-05	2.0	7	3.0977e-09
3e-05	2.0	7	2.7021e-09
0.02	8.9	7	4.0543e-08
0.02	8.9	7	3.4604e-08
0.02	8.9	7	5.8249e-08
0.02	8.9	7	5.2993e-08
0.1	8.9	6	3.1537e-07
0.1	8.9	6	3.5656e-07
0.1	8.9	6	3.5596e-07
0.1	8.9	6	3.3912e-07
0.004	5.4	7	2.8626e-08
0.004	5.4	7	2.7496e-08
0.004	5.4	7	2.4464e-08
0.004	5.4	7	2.4051e-08
3e-07	4.05	7	3.2965e-09
3e-07	4.05	7	1.5628e-09
3e-07	4.05	7	4.2139e-09
3e-07	4.05	7	9.215e-10
0.0003	6.65	6	5.3245e-06
0.0003	6.65	6	5.3607e-06
0.0003	6.65	6	5.4401e-06
0.0003	6.65	6	5.3735e-06
0.02	8.9	6	8.2125e-07
0.02	8.9	6	9.6695e-07
0.02	8.9	6	7.5474e-07
0.02	8.9	6	9.4178e-07
0.0003	8.9	6	2.2652e-06
0.0003	8.9	6	2.1742e-06
0.0003	8.9	6	2.1465e-06
0.0003	8.9	6	2.0179e-06
1e-09	11.65	6	7.6912e-08
1e-09	11.65	6	5.2748e-08
1e-09	11.65	6	7.1834e-08
1e-09	11.65	6	4.8001e-08
3e-06	2.0	7	2.4257e-10
3e-06	2.0	7	2.3125e-10
3e-06	2.0	7	2.2622e-10
3e-06	2.0	7	2.3175e-10
3e-09	4.05	7	3.6746e-09
3e-09	4.05	7	3.8027e-09
3e-09	4.05	7	4.6344e-09
3e-09	4.05	7	4.3964e-09
3e-10	11.65	6	5.7508e-08
3e-10	11.65	6	9.5568e-09
3e-10	11.65	6	4.7785e-08
3e-10	11.65	6	4.3271e-08
0.02	4.05	7	3.375e-07
0.02	4.05	7	3.9699e-07
0.02	4.05	7	4.6471e-07
0.02	4.05	7	3.1818e-07
1.0	11.65	7	2.1868e-07
1.0	11.65	7	1.4601e-07
1.0	11.65	7	1.5507e-07
1.0	11.65	7	2.3201e-07
3e-08	5.4	6	6.0789e-06
3e-08	5.4	6	6.3528e-06
3e-08	5.4	6	5.9804e-06
3e-08	5.4	6	6.0269e-06
1.0	5.4	7	3.6095e-07
1.0	5.4	7	4.6596e-07
1.0	5.4	7	4.1035e-07
1.0	5.4	7	4.4417e-07
1e-08	2.0	7	8.912e-13
1e-08	2.0	7	9.5413e-13
1e-08	2.0	7	8.6698e-13
1e-08	2.0	7	8.6418e-13
0.004	8.9	6	2.536e-06
0.004	8.9	6	2.3108e-06
0.004	8.9	6	2.3987e-06
0.004	8.9	6	2.5937e-06
0.2	2.0	7	5.4731e-07
0.2	2.0	7	6.2785e-07
0.2	2.0	7	6.9861e-07
0.2	2.0	7	5.1761e-07
0.2	6.65	6	4.524e-07
0.2	6.65	6	3.1926e-07
0.2	6.65	6	3.8971e-07
0.2	6.65	6	3.9908e-07
0.0001	8.9	7	6.0347e-10
0.0001	8.9	7	2.3797e-09
0.0001	8.9	7	9.2913e-10
0.0001	8.9	7	1.2891e-09
1e-06	5.4	7	3.8064e-09
1e-06	5.4	7	1.6126e-09
1e-06	5.4	7	1.4325e-09
1e-06	5.4	7	2.6014e-09
0.02	11.65	6	6.5458e-07
0.02	11.65	6	8.2206e-07
0.02	11.65	6	6.7466e-07
0.02	11.65	6	8.161e-07
3e-08	8.9	7	6.5421e-10
3e-08	8.9	7	1.9331e-09
3e-08	8.9	7	1.1336e-10
3e-08	8.9	7	1.2657e-09
1e-06	6.65	7	3.5132e-09
1e-06	6.65	7	1.8527e-09
1e-06	6.65	7	4.8944e-09
1e-06	6.65	7	2.1765e-09
1e-09	8.9	7	8.6343e-10
1e-09	8.9	7	2.8626e-09
1e-09	8.9	7	8.9435e-10
1e-09	8.9	7	2.0505e-09
0.1	4.05	6	7.2474e-07
0.1	4.05	6	7.1227e-07
0.1	4.05	6	7.6938e-07
0.1	4.05	6	6.8335e-07
3e-08	5.4	7	2.8023e-09
3e-08	5.4	7	1.631e-09
3e-08	5.4	7	3.2844e-09
3e-08	5.4	7	1.6198e-09
3e-07	6.65	7	2.1756e-09
3e-07	6.65	7	1.352e-09
3e-07	6.65	7	2.1524e-09
3e-07	6.65	7	7.8456e-10
0.2	5.4	6	3.3992e-07
0.2	5.4	6	4.3923e-07
0.2	5.4	6	4.1881e-07
0.2	5.4	6	3.7957e-07
3e-06	6.65	7	4.9832e-10
3e-06	6.65	7	4.3582e-09
3e-06	6.65	7	4.8674e-10
3e-06	6.65	7	5.3113e-09
0.0003	6.65	7	2.2997e-10
0.0003	6.65	7	2.4176e-09
0.0003	6.65	7	3.3697e-09
0.0003	6.65	7	3.3469e-09
1e-06	2.0	6	2.9572e-06
1e-06	2.0	6	3.2125e-06
1e-06	2.0	6	3.0728e-06
1e-06	2.0	6	2.9042e-06
0.0003	2.0	7	6.8851e-08
0.0003	2.0	7	6.7681e-08
0.0003	2.0	7	6.7244e-08
0.0003	2.0	7	6.5781e-08
1e-05	5.4	7	1.1492e-09
1e-05	5.4	7	1.0118e-09
1e-05	5.4	7	3.7148e-09
1e-05	5.4	7	3.5983e-09
0.004	6.65	7	1.5616e-08
0.004	6.65	7	2.2338e-08
0.004	6.65	7	1.6059e-08
0.004	6.65	7	1.7491e-08
1e-07	11.65	7	1.4955e-15
1e-07	11.65	7	6.1538e-10
1e-07	11.65	7	0.0
1e-07	11.65	7	3.5812e-11
1e-08	11.65	7	4.5018e-10
1e-08	11.65	7	2.5895e-10
1e-08	11.65	7	4.6246e-10
1e-08	11.65	7	9.8495e-10
0.05	5.4	7	3.3392e-07
0.05	5.4	7	2.2657e-07
0.05	5.4	7	3.5071e-07
0.05	5.4	7	3.3899e-07
0.5	4.05	6	5.1484e-07
0.5	4.05	6	5.8853e-07
0.5	4.05	6	6.6466e-07
0.5	4.05	6	4.3179e-07
1e-06	11.65	6	1.9593e-07
1e-06	11.65	6	1.9114e-07
1e-06	11.65	6	1.7719e-07
1e-06	11.65	6	1.5289e-07
3e-09	2.0	6	4.9087e-05
3e-09	2.0	6	4.8261e-05
3e-09	2.0	6	4.9395e-05
3e-09	2.0	6	4.7782e-05
0.0001	6.65	6	4.2167e-06
0.0001	6.65	6	4.8441e-06
0.0001	6.65	6	4.5247e-06
0.0001	6.65	6	4.3419e-06
0.5	5.4	6	3.227e-07
0.5	5.4	6	4.6617e-07
0.5	5.4	6	3.7017e-07
0.5	5.4	6	5.8596e-07
3e-09	11.65	7	1.0714e-09
3e-09	11.65	7	1.2372e-09
3e-09	11.65	7	3.8617e-10
3e-09	11.65	7	0.0
1e-05	5.4	6	6.7319e-06
1e-05	5.4	6	6.5546e-06
1e-05	5.4	6	6.8065e-06
1e-05	5.4	6	6.7927e-06
0.004	2.0	7	3.2482e-07
0.004	2.0	7	3.1995e-07
0.004	2.0	7	3.5284e-07
0.004	2.0	7	3.249e-07
3e-08	11.65	6	1.2966e-07
3e-08	11.65	6	1.1943e-07
3e-08	11.65	6	1.2004e-07
3e-08	11.65	6	8.6353e-08
0.001	8.9	7	9.9864e-10
0.001	8.9	7	2.5771e-09
0.001	8.9	7	2.0087e-09
0.001	8.9	7	1.0574e-09
1e-06	2.0	7	8.7191e-11
1e-06	2.0	7	8.0138e-11
1e-06	2.0	7	8.1025e-11
1e-06	2.0	7	8.2831e-11
1e-05	2.0	7	7.2876e-10
1e-05	2.0	7	8.237e-10
1e-05	2.0	7	7.758e-10
1e-05	2.0	7	7.1572e-10
0.0001	6.65	7	2.9614e-09
0.0001	6.65	7	1.03e-10
0.0001	6.65	7	1.7879e-09
0.0001	6.65	7	1.473e-09
0.01	6.65	7	5.5214e-08
0.01	6.65	7	2.6952e-08
0.01	6.65	7	3.9531e-08
0.01	6.65	7	4.0861e-08
0.2	5.4	7	2.746e-07
0.2	5.4	7	2.2964e-07
0.2	5.4	7	3.4714e-07
0.2	5.4	7	2.8041e-07
0.0003	5.4	6	7.6446e-06
0.0003	5.4	6	7.8284e-06
0.0003	5.4	6	7.762e-06
0.0003	5.4	6	7.7649e-06
3e-10	4.05	7	3.4585e-09
3e-10	4.05	7	3.461e-09
3e-10	4.05	7	2.0957e-09
3e-10	4.05	7	4.219e-09
3e-09	2.0	7	4.8388e-13
3e-09	2.0	7	4.2883e-13
3e-09	2.0	7	4.3712e-13
3e-09	2.0	7	4.9471e-13
0.0003	2.0	6	1.2095e-06
0.0003	2.0	6	1.17e-06
0.0003	2.0	6	1.2275e-06
0.0003	2.0	6	1.2239e-06
3e-07	8.9	7	9.1239e-10
3e-07	8.9	7	7.6966e-10
3e-07	8.9	7	6.9931e-10
3e-07	8.9	7	5.0795e-10
1e-10	2.0	6	0.00011267
1e-10	2.0	6	0.00011102
1e-10	2.0	6	0.00011169
1e-10	2.0	6	0.00011173
0.1	2.0	6	5.0289e-07
0.1	2.0	6	7.4984e-07
0.1	2.0	6	5.923e-07
0.1	2.0	6	5.5511e-07
0.5	2.0	7	8.2926e-07
0.5	2.0	7	7.7446e-07
0.5	2.0	7	7.7019e-07
0.5	2.0	7	9.7764e-07
3e-08	8.9	6	6.499e-07
3e-08	8.9	6	6.5062e-07
3e-08	8.9	6	6.3635e-07
3e-08	8.9	6	5.5994e-07
0.01	5.4	6	1.1528e-06
0.01	5.4	6	1.3257e-06
0.01	5.4	6	1.1491e-06
0.01	5.4	6	1.0208e-06
0.0001	5.4	6	7.2655e-06
0.0001	5.4	6	7.3952e-06
0.0001	5.4	6	7.0158e-06
0.0001	5.4	6	7.2222e-06
0.01	2.0	7	8.4413e-07
0.01	2.0	7	7.9013e-07
0.01	2.0	7	7.1906e-07
0.01	2.0	7	7.632e-07
3e-08	11.65	7	4.2383e-10
3e-08	11.65	7	1.0664e-11
3e-08	11.65	7	1.4955e-15
3e-08	11.65	7	4.8773e-10
1.0	8.9	6	3.6197e-07
1.0	8.9	6	2.9046e-07
1.0	8.9	6	3.7122e-07
1.0	8.9	6	3.5109e-07
0.0003	11.65	7	9.5271e-10
0.0003	11.65	7	1.4217e-09
0.0003	11.65	7	7.8598e-10
0.0003	11.65	7	9.4171e-10
0.01	8.9	7	2.8473e-08
0.01	8.9	7	3.7705e-08
0.01	8.9	7	2.3872e-08
0.01	8.9	7	3.6576e-08
3e-09	5.4	7	6.9816e-10
3e-09	5.4	7	2.0795e-09
3e-09	5.4	7	2.2769e-09
3e-09	5.4	7	3.3352e-09
3e-10	8.9	7	5.6148e-10
3e-10	8.9	7	5.675e-10
3e-10	8.9	7	0.0
3e-10	8.9	7	5.0298e-11
0.2	4.05	7	4.611e-07
0.2	4.05	7	5.5802e-07
0.2	4.05	7	4.408e-07
0.2	4.05	7	4.1313e-07
0.01	5.4	7	8.4956e-08
0.01	5.4	7	9.3592e-08
0.01	5.4	7	9.4101e-08
0.01	5.4	7	7.4874e-08
3e-07	2.0	7	2.4754e-11
3e-07	2.0	7	2.5035e-11
3e-07	2.0	7	2.5291e-11
3e-07	2.0	7	2.548e-11
1e-06	6.65	6	3.2789e-06
1e-06	6.65	6	3.279e-06
1e-06	6.65	6	3.3542e-06
1e-06	6.65	6	3.3597e-06
0.0003	8.9	7	4.187e-09
0.0003	8.9	7	8.1965e-10
0.0003	8.9	7	1.3657e-09
0.0003	8.9	7	1.4601e-09
0.2	4.05	6	6.0349e-07
0.2	4.05	6	5.9738e-07
0.2	4.05	6	4.8329e-07
0.2	4.05	6	6.6851e-07
3e-10	6.65	6	1.3382e-06
3e-10	6.65	6	1.0429e-06
3e-10	6.65	6	1.1266e-06
3e-10	6.65	6	1.2967e-06
0.1	5.4	6	5.6043e-07
0.1	5.4	6	5.5258e-07
0.1	5.4	6	4.2406e-07
0.1	5.4	6	5.6824e-07
0.004	4.05	7	4.6733e-08
0.004	4.05	7	5.3849e-08
0.004	4.05	7	3.965e-08
0.004	4.05	7	5.6927e-08
2.5e-11	11.65	6	4.779e-09
2.5e-11	11.65	6	9.5581e-09
2.5e-11	11.65	6	1.4332e-08
2.5e-11	11.65	6	1.5342e-08
0.5	11.65	6	2.7359e-07
0.5	11.65	6	3.4307e-07
0.5	11.65	6	2.4475e-07
0.5	11.65	6	2.3325e-07
0.001	4.05	7	8.4912e-09
0.001	4.05	7	1.1578e-08
0.001	4.05	7	6.5641e-09
0.001	4.05	7	9.1684e-09
3e-07	5.4	7	2.9927e-09
3e-07	5.4	7	2.4307e-09
3e-07	5.4	7	1.8009e-09
3e-07	5.4	7	2.7382e-09
0.001	5.4	7	6.9673e-09
0.001	5.4	7	6.9756e-09
0.001	5.4	7	4.7104e-09
0.001	5.4	7	3.0349e-09
0.01	11.65	7	7.342e-09
0.01	11.65	7	8.6276e-09
0.01	11.65	7	1.2742e-08
0.01	11.65	7	1.5716e-08
0.01	8.9	6	1.4338e-06
0.01	8.9	6	1.3821e-06
0.01	8.9	6	1.3599e-06
0.01	8.9	6	1.2281e-06
3e-09	6.65	7	6.7695e-10
3e-09	6.65	7	4.8163e-10
3e-09	6.65	7	1.8475e-09
3e-09	6.65	7	5.8624e-14
3e-10	11.65	7	8.006e-11
3e-10	11.65	7	8.3248e-10
3e-10	11.65	7	0.0
3e-10	11.65	7	1.2504e-15
1e-05	11.65	6	2.007e-07
1e-05	11.65	6	1.8195e-07
1e-05	11.65	6	2.294e-07
1e-05	11.65	6	1.7799e-07
1.0	11.65	6	2.5559e-07
1.0	11.65	6	2.9462e-07
1.0	11.65	6	2.3871e-07
1.0	11.65	6	2.7541e-07
0.1	11.65	6	4.046e-07
0.1	11.65	6	2.8134e-07
0.1	11.65	6	2.4288e-07
0.1	11.65	6	2.6058e-07