  SPH B_MODERA         1
   0.00000000000000000   0.00000000000000000   0.00000000000000000 8.9000000000000003553   0.00000000000000000   0.00000000000000000
  SPH B_VOIDBA         2
   0.00000000000000000   0.00000000000000000   0.00000000000000000  1000.000000000000000   0.00000000000000000   0.00000000000000000
  XYP B_PLANE1         3
-0.0299999999999999989   0.00000000000000000   0.00000000000000000   0.00000000000000000   0.00000000000000000   0.00000000000000000
  XYP B_PLANE2         4
-0.0200000000000000004   0.00000000000000000   0.00000000000000000   0.00000000000000000   0.00000000000000000   0.00000000000000000
  RPP B_TARGET         5
-1.2500000000000000000 1.2500000000000000000-1.2500000000000000000 1.2500000000000000000 -10.00000000000000000 0.0299999999999999989
  END                  6
 0.000000000000000E+00 0.000000000000000E+00 0.000000000000000E+00 0.000000000000000E+00 0.000000000000000E+00 0.000000000000000E+00
