E	r	LiMass	value
0.0001	2.0	7	8.0075e-09
0.0001	2.0	7	8.058e-09
0.0001	2.0	7	8.198e-09
0.0001	2.0	7	8.2181e-09
0.0001	2.0	7	8.1401e-09
0.0001	2.0	7	8.1343e-09
5.47722557505e-07	2.0	6	1.4423e-06
5.47722557505e-07	2.0	6	1.3432e-06
5.47722557505e-07	2.0	6	1.382e-06
5.47722557505e-07	2.0	6	1.4882e-06
5.47722557505e-07	2.0	6	1.3806e-06
5.47722557505e-07	2.0	6	1.4135e-06
0.5	2.0	7	2.8711e-07
0.5	2.0	7	2.393e-07
0.5	2.0	7	2.3859e-07
0.5	2.0	7	2.7716e-07
0.5	2.0	7	2.4991e-07
0.5	2.0	7	2.0752e-07
0.00632455532034	6.65	6	1.3582e-06
0.00632455532034	6.65	6	1.3033e-06
0.00632455532034	6.65	6	1.4319e-06
0.00632455532034	6.65	6	1.3735e-06
0.00632455532034	6.65	6	1.4305e-06
0.00632455532034	6.65	6	1.339e-06
0.000173205080757	4.05	6	7.1921e-06
0.000173205080757	4.05	6	7.2434e-06
0.000173205080757	4.05	6	7.1763e-06
0.000173205080757	4.05	6	7.1665e-06
0.000173205080757	4.05	6	7.2335e-06
0.000173205080757	4.05	6	7.0388e-06
5e-11	6.65	7	1.0831e-10
5e-11	6.65	7	1.8262e-10
5e-11	6.65	7	6.7343e-10
5e-11	6.65	7	4.4962e-10
5e-11	6.65	7	2.857e-10
5e-11	6.65	7	1.4535e-10
1.73205080757e-08	4.05	6	1.0246e-05
1.73205080757e-08	4.05	6	9.9429e-06
1.73205080757e-08	4.05	6	9.9654e-06
1.73205080757e-08	4.05	6	9.7736e-06
1.73205080757e-08	4.05	6	1.005e-05
1.73205080757e-08	4.05	6	1.0066e-05
5.47722557505e-10	4.05	7	2.343e-09
5.47722557505e-10	4.05	7	2.1765e-09
5.47722557505e-10	4.05	7	1.8776e-09
5.47722557505e-10	4.05	7	2.3689e-09
5.47722557505e-10	4.05	7	2.0292e-09
5.47722557505e-10	4.05	7	2.9945e-09
3e-10	6.65	6	8.1001e-07
3e-10	6.65	6	9.022e-07
3e-10	6.65	6	9.1345e-07
3e-10	6.65	6	8.8811e-07
3e-10	6.65	6	8.6382e-07
3e-10	6.65	6	8.6894e-07
1.73205080757e-05	5.4	6	4.995e-06
1.73205080757e-05	5.4	6	4.9273e-06
1.73205080757e-05	5.4	6	5.069e-06
1.73205080757e-05	5.4	6	5.0604e-06
1.73205080757e-05	5.4	6	4.9683e-06
1.73205080757e-05	5.4	6	5.0761e-06
0.0001	4.05	7	7.0002e-10
0.0001	4.05	7	8.8236e-10
0.0001	4.05	7	2.0861e-09
0.0001	4.05	7	2.6992e-09
0.0001	4.05	7	1.4059e-09
0.0001	4.05	7	1.0598e-09
1e-06	2.0	6	9.2533e-07
1e-06	2.0	6	1.0311e-06
1e-06	2.0	6	1.0227e-06
1e-06	2.0	6	9.404e-07
1e-06	2.0	6	9.9245e-07
1e-06	2.0	6	9.7073e-07
0.002	6.65	6	2.8162e-06
0.002	6.65	6	2.8935e-06
0.002	6.65	6	2.8936e-06
0.002	6.65	6	2.8339e-06
0.002	6.65	6	3.005e-06
0.002	6.65	6	2.8373e-06
0.0003	2.0	7	2.0806e-08
0.0003	2.0	7	2.1348e-08
0.0003	2.0	7	2.2104e-08
0.0003	2.0	7	2.1627e-08
0.0003	2.0	7	2.1889e-08
0.0003	2.0	7	2.0909e-08
5.47722557505e-08	8.9	6	5.1554e-07
5.47722557505e-08	8.9	6	4.5635e-07
5.47722557505e-08	8.9	6	5.1964e-07
5.47722557505e-08	8.9	6	4.7986e-07
5.47722557505e-08	8.9	6	4.7207e-07
5.47722557505e-08	8.9	6	5.0716e-07
5.47722557505e-05	2.0	6	1.6165e-07
5.47722557505e-05	2.0	6	1.7268e-07
5.47722557505e-05	2.0	6	1.6147e-07
5.47722557505e-05	2.0	6	1.6712e-07
5.47722557505e-05	2.0	6	1.6077e-07
5.47722557505e-05	2.0	6	1.6155e-07
1.73205080757e-10	4.05	6	4.3721e-06
1.73205080757e-10	4.05	6	4.3407e-06
1.73205080757e-10	4.05	6	4.2789e-06
1.73205080757e-10	4.05	6	4.3413e-06
1.73205080757e-10	4.05	6	4.4215e-06
1.73205080757e-10	4.05	6	4.5238e-06
1.73205080757e-07	11.65	7	2.8269e-10
1.73205080757e-07	11.65	7	5.3051e-10
1.73205080757e-07	11.65	7	2.0041e-10
1.73205080757e-07	11.65	7	3.8782e-10
1.73205080757e-07	11.65	7	3.3507e-12
1.73205080757e-07	11.65	7	2.582e-10
1e-06	4.05	6	9.5512e-06
1e-06	4.05	6	9.7364e-06
1e-06	4.05	6	9.7397e-06
1e-06	4.05	6	9.679e-06
1e-06	4.05	6	9.8103e-06
1e-06	4.05	6	9.8385e-06
0.1	6.65	6	1.5983e-07
0.1	6.65	6	1.9821e-07
0.1	6.65	6	1.6602e-07
0.1	6.65	6	2.0154e-07
0.1	6.65	6	2.0103e-07
0.1	6.65	6	1.6141e-07
3e-07	6.65	7	1.6794e-09
3e-07	6.65	7	1.5994e-09
3e-07	6.65	7	6.8169e-10
3e-07	6.65	7	1.2325e-09
3e-07	6.65	7	1.8886e-09
3e-07	6.65	7	1.7746e-09
0.00632455532034	8.9	7	6.203e-09
0.00632455532034	8.9	7	5.2235e-09
0.00632455532034	8.9	7	3.5609e-09
0.00632455532034	8.9	7	4.9754e-09
0.00632455532034	8.9	7	4.7094e-09
0.00632455532034	8.9	7	3.8148e-09
3e-08	8.9	7	5.7986e-10
3e-08	8.9	7	5.1127e-10
3e-08	8.9	7	1.6022e-10
3e-08	8.9	7	1.2684e-09
3e-08	8.9	7	1.0667e-09
3e-08	8.9	7	3.9171e-10
0.000173205080757	6.65	6	3.5026e-06
0.000173205080757	6.65	6	3.372e-06
0.000173205080757	6.65	6	3.4626e-06
0.000173205080757	6.65	6	3.3962e-06
0.000173205080757	6.65	6	3.4641e-06
0.000173205080757	6.65	6	3.5079e-06
1.73205080757e-05	2.0	6	2.4247e-07
1.73205080757e-05	2.0	6	2.6108e-07
1.73205080757e-05	2.0	6	2.5419e-07
1.73205080757e-05	2.0	6	2.4549e-07
1.73205080757e-05	2.0	6	2.2586e-07
1.73205080757e-05	2.0	6	2.473e-07
1e-08	8.9	6	3.7554e-07
1e-08	8.9	6	4.0802e-07
1e-08	8.9	6	3.9527e-07
1e-08	8.9	6	4.179e-07
1e-08	8.9	6	3.8619e-07
1e-08	8.9	6	4.0211e-07
1.73205080757e-07	11.65	6	8.2979e-08
1.73205080757e-07	11.65	6	1.023e-07
1.73205080757e-07	11.65	6	9.7373e-08
1.73205080757e-07	11.65	6	9.5608e-08
1.73205080757e-07	11.65	6	1.085e-07
1.73205080757e-07	11.65	6	9.7383e-08
0.0707106781187	4.05	6	2.2995e-07
0.0707106781187	4.05	6	3.0039e-07
0.0707106781187	4.05	6	2.8383e-07
0.0707106781187	4.05	6	2.8461e-07
0.0707106781187	4.05	6	2.3165e-07
0.0707106781187	4.05	6	3.0284e-07
0.0316227766017	5.4	6	3e-07
0.0316227766017	5.4	6	2.5547e-07
0.0316227766017	5.4	6	2.8371e-07
0.0316227766017	5.4	6	2.9014e-07
0.0316227766017	5.4	6	2.8576e-07
0.0316227766017	5.4	6	2.6805e-07
1.73205080757e-10	6.65	7	9.2459e-10
1.73205080757e-10	6.65	7	9.7545e-10
1.73205080757e-10	6.65	7	1.1388e-09
1.73205080757e-10	6.65	7	5.2479e-10
1.73205080757e-10	6.65	7	9.4471e-10
1.73205080757e-10	6.65	7	1.1241e-09
0.05	2.0	7	2.7343e-07
0.05	2.0	7	2.9662e-07
0.05	2.0	7	2.9064e-07
0.05	2.0	7	2.9939e-07
0.05	2.0	7	2.6817e-07
0.05	2.0	7	2.9976e-07
3e-06	5.4	6	4.9912e-06
3e-06	5.4	6	4.9634e-06
3e-06	5.4	6	5.0132e-06
3e-06	5.4	6	4.9174e-06
3e-06	5.4	6	5.0817e-06
3e-06	5.4	6	5.0933e-06
3e-09	11.65	7	3.5499e-11
3e-09	11.65	7	2.2464e-11
3e-09	11.65	7	3.6675e-10
3e-09	11.65	7	4.2807e-10
3e-09	11.65	7	2.301e-11
3e-09	11.65	7	3.9858e-10
5.47722557505e-09	2.0	7	1.9655e-13
5.47722557505e-09	2.0	7	2.0247e-13
5.47722557505e-09	2.0	7	1.9236e-13
5.47722557505e-09	2.0	7	1.94e-13
5.47722557505e-09	2.0	7	1.9715e-13
5.47722557505e-09	2.0	7	1.8525e-13
2.5e-11	5.4	7	8.5749e-10
2.5e-11	5.4	7	1.0231e-09
2.5e-11	5.4	7	5.8857e-10
2.5e-11	5.4	7	8.3625e-10
2.5e-11	5.4	7	9.021e-10
2.5e-11	5.4	7	3.9127e-10
1.73205080757e-07	6.65	7	9.6605e-10
1.73205080757e-07	6.65	7	7.8541e-10
1.73205080757e-07	6.65	7	9.4789e-10
1.73205080757e-07	6.65	7	7.6043e-10
1.73205080757e-07	6.65	7	1.1158e-09
1.73205080757e-07	6.65	7	7.6458e-10
0.0707106781187	6.65	6	2.3388e-07
0.0707106781187	6.65	6	2.273e-07
0.0707106781187	6.65	6	1.8639e-07
0.0707106781187	6.65	6	1.887e-07
0.0707106781187	6.65	6	1.8757e-07
0.0707106781187	6.65	6	2.0802e-07
5.47722557505e-08	5.4	7	2.3691e-09
5.47722557505e-08	5.4	7	1.6703e-09
5.47722557505e-08	5.4	7	1.3161e-09
5.47722557505e-08	5.4	7	1.2928e-09
5.47722557505e-08	5.4	7	2.133e-09
5.47722557505e-08	5.4	7	1.531e-09
1.73205080757e-07	5.4	6	4.6562e-06
1.73205080757e-07	5.4	6	4.6374e-06
1.73205080757e-07	5.4	6	4.7725e-06
1.73205080757e-07	5.4	6	4.8585e-06
1.73205080757e-07	5.4	6	4.6697e-06
1.73205080757e-07	5.4	6	4.9056e-06
0.5	8.9	6	1.1776e-07
0.5	8.9	6	1.2767e-07
0.5	8.9	6	1.6114e-07
0.5	8.9	6	1.1532e-07
0.5	8.9	6	1.8099e-07
0.5	8.9	6	1.3553e-07
5e-11	2.0	6	3.7638e-05
5e-11	2.0	6	3.7809e-05
5e-11	2.0	6	3.7312e-05
5e-11	2.0	6	3.7194e-05
5e-11	2.0	6	3.7156e-05
5e-11	2.0	6	3.7357e-05
5.47722557505e-10	5.4	6	2.4251e-06
5.47722557505e-10	5.4	6	2.4224e-06
5.47722557505e-10	5.4	6	2.4411e-06
5.47722557505e-10	5.4	6	2.3812e-06
5.47722557505e-10	5.4	6	2.4092e-06
5.47722557505e-10	5.4	6	2.3874e-06
0.2	6.65	6	1.3917e-07
0.2	6.65	6	1.4846e-07
0.2	6.65	6	1.976e-07
0.2	6.65	6	1.7845e-07
0.2	6.65	6	1.5386e-07
0.2	6.65	6	1.5139e-07
1.73205080757e-08	5.4	6	4.088e-06
1.73205080757e-08	5.4	6	4.0219e-06
1.73205080757e-08	5.4	6	4.2431e-06
1.73205080757e-08	5.4	6	4.1111e-06
1.73205080757e-08	5.4	6	4.1181e-06
1.73205080757e-08	5.4	6	4.1193e-06
0.002	11.65	7	3.7792e-10
0.002	11.65	7	1.2346e-09
0.002	11.65	7	3.1357e-10
0.002	11.65	7	8.4124e-10
0.002	11.65	7	1.4519e-09
0.002	11.65	7	9.5301e-10
5e-11	8.9	7	9.8204e-13
5e-11	8.9	7	1.6827e-11
5e-11	8.9	7	3.6293e-11
5e-11	8.9	7	4.1017e-10
5e-11	8.9	7	2.0486e-10
5e-11	8.9	7	1.9417e-10
1e-10	11.65	7	2.8162e-11
1e-10	11.65	7	6.9881e-13
1e-10	11.65	7	1.0992e-11
1e-10	11.65	7	1.8018e-10
1e-10	11.65	7	3.4333e-10
1e-10	11.65	7	7.4309e-11
0.02	6.65	6	5.4253e-07
0.02	6.65	6	5.6256e-07
0.02	6.65	6	5.075e-07
0.02	6.65	6	4.7979e-07
0.02	6.65	6	4.9421e-07
0.02	6.65	6	5.0912e-07
0.316227766017	5.4	6	1.543e-07
0.316227766017	5.4	6	1.6918e-07
0.316227766017	5.4	6	1.7114e-07
0.316227766017	5.4	6	1.544e-07
0.316227766017	5.4	6	1.5025e-07
0.316227766017	5.4	6	1.5123e-07
3e-08	6.65	6	2.0016e-06
3e-08	6.65	6	1.9086e-06
3e-08	6.65	6	2.0008e-06
3e-08	6.65	6	1.9121e-06
3e-08	6.65	6	1.9647e-06
3e-08	6.65	6	1.9247e-06
1.73205080757e-06	6.65	7	6.5519e-10
1.73205080757e-06	6.65	7	3.086e-09
1.73205080757e-06	6.65	7	1.6429e-09
1.73205080757e-06	6.65	7	7.6723e-10
1.73205080757e-06	6.65	7	6.9182e-10
1.73205080757e-06	6.65	7	1.5558e-09
0.01	4.05	6	4.9037e-07
0.01	4.05	6	4.678e-07
0.01	4.05	6	5.1765e-07
0.01	4.05	6	4.8493e-07
0.01	4.05	6	5.1736e-07
0.01	4.05	6	5.2268e-07
1.73205080757e-07	6.65	6	2.1669e-06
1.73205080757e-07	6.65	6	2.1957e-06
1.73205080757e-07	6.65	6	2.3526e-06
1.73205080757e-07	6.65	6	2.2103e-06
1.73205080757e-07	6.65	6	2.1245e-06
1.73205080757e-07	6.65	6	2.2599e-06
1.73205080757e-06	8.9	7	3.5269e-10
1.73205080757e-06	8.9	7	3.6466e-10
1.73205080757e-06	8.9	7	5.6555e-10
1.73205080757e-06	8.9	7	3.1809e-10
1.73205080757e-06	8.9	7	9.2019e-10
1.73205080757e-06	8.9	7	2.0178e-10
1.73205080757e-09	8.9	6	2.7735e-07
1.73205080757e-09	8.9	6	3.0269e-07
1.73205080757e-09	8.9	6	2.9018e-07
1.73205080757e-09	8.9	6	3.1696e-07
1.73205080757e-09	8.9	6	3.0821e-07
1.73205080757e-09	8.9	6	2.6633e-07
5.47722557505e-08	4.05	6	1.0274e-05
5.47722557505e-08	4.05	6	1.0251e-05
5.47722557505e-08	4.05	6	1.0031e-05
5.47722557505e-08	4.05	6	1.0072e-05
5.47722557505e-08	4.05	6	1.0533e-05
5.47722557505e-08	4.05	6	1.0097e-05
1.73205080757e-10	11.65	7	1.539e-10
1.73205080757e-10	11.65	7	1.7881e-10
1.73205080757e-10	11.65	7	6.827e-13
1.73205080757e-10	11.65	7	3.3971e-10
1.73205080757e-10	11.65	7	5.244e-11
1.73205080757e-10	11.65	7	6.3014e-10
0.001	11.65	7	1.4519e-09
0.001	11.65	7	1.3315e-09
0.001	11.65	7	4.9426e-10
0.001	11.65	7	8.3608e-10
0.001	11.65	7	5.1314e-10
0.001	11.65	7	5.3922e-10
0.004	11.65	7	1.7768e-09
0.004	11.65	7	7.5154e-10
0.004	11.65	7	1.513e-09
0.004	11.65	7	1.7774e-09
0.004	11.65	7	1.3094e-09
0.004	11.65	7	2.9911e-09
5.47722557505e-05	6.65	7	1.5188e-09
5.47722557505e-05	6.65	7	1.4132e-09
5.47722557505e-05	6.65	7	1.0537e-09
5.47722557505e-05	6.65	7	1.031e-09
5.47722557505e-05	6.65	7	9.5582e-10
5.47722557505e-05	6.65	7	1.2992e-09
0.0316227766017	2.0	6	2.8027e-07
0.0316227766017	2.0	6	3.5828e-07
0.0316227766017	2.0	6	3.5431e-07
0.0316227766017	2.0	6	3.8874e-07
0.0316227766017	2.0	6	2.8313e-07
0.0316227766017	2.0	6	2.8919e-07
3e-06	8.9	7	1.2733e-09
3e-06	8.9	7	9.8409e-10
3e-06	8.9	7	7.1429e-10
3e-06	8.9	7	3.2093e-10
3e-06	8.9	7	4.1074e-10
3e-06	8.9	7	4.503e-10
5.47722557505e-09	8.9	7	4.7333e-10
5.47722557505e-09	8.9	7	5.5591e-10
5.47722557505e-09	8.9	7	4.723e-10
5.47722557505e-09	8.9	7	1.8514e-10
5.47722557505e-09	8.9	7	7.5432e-10
5.47722557505e-09	8.9	7	1.3787e-09
5.47722557505e-10	2.0	7	2.0705e-13
5.47722557505e-10	2.0	7	1.8986e-13
5.47722557505e-10	2.0	7	1.8602e-13
5.47722557505e-10	2.0	7	1.8475e-13
5.47722557505e-10	2.0	7	1.8833e-13
5.47722557505e-10	2.0	7	1.7384e-13
1.73205080757e-05	6.65	7	9.5827e-10
1.73205080757e-05	6.65	7	1.6824e-09
1.73205080757e-05	6.65	7	1.9817e-09
1.73205080757e-05	6.65	7	8.2534e-10
1.73205080757e-05	6.65	7	2.9211e-09
1.73205080757e-05	6.65	7	1.0239e-09
0.004	8.9	7	3.0439e-09
0.004	8.9	7	3.8279e-09
0.004	8.9	7	2.4394e-09
0.004	8.9	7	1.8568e-09
0.004	8.9	7	1.7205e-09
0.004	8.9	7	1.7839e-09
1.73205080757e-07	5.4	7	2.1037e-09
1.73205080757e-07	5.4	7	1.7862e-09
1.73205080757e-07	5.4	7	1.8937e-09
1.73205080757e-07	5.4	7	2.8231e-09
1.73205080757e-07	5.4	7	1.6982e-09
1.73205080757e-07	5.4	7	2.2837e-09
1e-09	5.4	6	2.6988e-06
1e-09	5.4	6	2.7902e-06
1e-09	5.4	6	2.6798e-06
1e-09	5.4	6	2.8291e-06
1e-09	5.4	6	2.8207e-06
1e-09	5.4	6	2.7275e-06
0.05	2.0	6	2.3731e-07
0.05	2.0	6	2.7545e-07
0.05	2.0	6	2.4012e-07
0.05	2.0	6	3.3455e-07
0.05	2.0	6	2.7741e-07
0.05	2.0	6	2.7047e-07
1.73205080757e-09	2.0	6	1.9147e-05
1.73205080757e-09	2.0	6	1.8724e-05
1.73205080757e-09	2.0	6	1.842e-05
1.73205080757e-09	2.0	6	1.8399e-05
1.73205080757e-09	2.0	6	1.8708e-05
1.73205080757e-09	2.0	6	1.8547e-05
0.000547722557505	4.05	7	1.7753e-09
0.000547722557505	4.05	7	2.2509e-09
0.000547722557505	4.05	7	2.0788e-09
0.000547722557505	4.05	7	2.1534e-09
0.000547722557505	4.05	7	2.2034e-09
0.000547722557505	4.05	7	3.5363e-09
5.47722557505e-05	8.9	7	6.9108e-10
5.47722557505e-05	8.9	7	5.4776e-10
5.47722557505e-05	8.9	7	9.2876e-10
5.47722557505e-05	8.9	7	5.2954e-10
5.47722557505e-05	8.9	7	1.808e-09
5.47722557505e-05	8.9	7	8.6884e-10
1.73205080757e-09	4.05	7	1.397e-09
1.73205080757e-09	4.05	7	2.6042e-09
1.73205080757e-09	4.05	7	2.0195e-09
1.73205080757e-09	4.05	7	2.9529e-09
1.73205080757e-09	4.05	7	1.3167e-09
1.73205080757e-09	4.05	7	2.8529e-09
0.05	6.65	7	9.0772e-08
0.05	6.65	7	7.0978e-08
0.05	6.65	7	9.0181e-08
0.05	6.65	7	6.2525e-08
0.05	6.65	7	7.4383e-08
0.05	6.65	7	9.5123e-08
0.00632455532034	8.9	6	1.199e-06
0.00632455532034	8.9	6	1.1728e-06
0.00632455532034	8.9	6	1.1863e-06
0.00632455532034	8.9	6	1.2376e-06
0.00632455532034	8.9	6	1.1743e-06
0.00632455532034	8.9	6	1.2022e-06
3e-10	4.05	7	1.6674e-09
3e-10	4.05	7	2.4624e-09
3e-10	4.05	7	2.3003e-09
3e-10	4.05	7	1.6175e-09
3e-10	4.05	7	2.3564e-09
3e-10	4.05	7	1.7833e-09
0.2	8.9	7	5.3606e-08
0.2	8.9	7	5.2713e-08
0.2	8.9	7	4.0262e-08
0.2	8.9	7	9.1183e-08
0.2	8.9	7	5.2854e-08
0.2	8.9	7	8.0259e-08
1e-10	2.0	7	3.9978e-13
1e-10	2.0	7	3.8608e-13
1e-10	2.0	7	4.1844e-13
1e-10	2.0	7	4.2274e-13
1e-10	2.0	7	3.8998e-13
1e-10	2.0	7	4.1136e-13
5.47722557505e-05	11.65	7	2.3205e-10
5.47722557505e-05	11.65	7	5.2564e-10
5.47722557505e-05	11.65	7	1.9758e-10
5.47722557505e-05	11.65	7	6.2014e-10
5.47722557505e-05	11.65	7	4.0859e-10
5.47722557505e-05	11.65	7	4.4933e-10
0.141421356237	8.9	7	3.6125e-08
0.141421356237	8.9	7	5.5868e-08
0.141421356237	8.9	7	4.9557e-08
0.141421356237	8.9	7	5.1078e-08
0.141421356237	8.9	7	3.9215e-08
0.141421356237	8.9	7	4.9504e-08
1.73205080757e-08	2.0	6	7.4244e-06
1.73205080757e-08	2.0	6	7.5558e-06
1.73205080757e-08	2.0	6	7.5354e-06
1.73205080757e-08	2.0	6	7.39e-06
1.73205080757e-08	2.0	6	7.2179e-06
1.73205080757e-08	2.0	6	7.4369e-06
3e-05	8.9	7	8.5529e-10
3e-05	8.9	7	8.5201e-10
3e-05	8.9	7	6.5467e-10
3e-05	8.9	7	1.3801e-09
3e-05	8.9	7	6.8177e-10
3e-05	8.9	7	9.186e-10
1e-06	6.65	7	1.0118e-09
1e-06	6.65	7	1.3506e-09
1e-06	6.65	7	1.0703e-09
1e-06	6.65	7	1.963e-09
1e-06	6.65	7	1.101e-09
1e-06	6.65	7	1.5756e-09
5.47722557505e-06	11.65	6	1.2924e-07
5.47722557505e-06	11.65	6	1.2432e-07
5.47722557505e-06	11.65	6	1.4068e-07
5.47722557505e-06	11.65	6	1.4019e-07
5.47722557505e-06	11.65	6	1.4853e-07
5.47722557505e-06	11.65	6	1.4399e-07
3e-10	11.65	6	4.6227e-08
3e-10	11.65	6	3.2195e-08
3e-10	11.65	6	3.8607e-08
3e-10	11.65	6	3.0795e-08
3e-10	11.65	6	3.6659e-08
3e-10	11.65	6	4.6325e-08
3e-09	5.4	7	1.3193e-09
3e-09	5.4	7	1.4745e-09
3e-09	5.4	7	1.8192e-09
3e-09	5.4	7	2.5315e-09
3e-09	5.4	7	1.1381e-09
3e-09	5.4	7	1.5798e-09
0.0707106781187	8.9	7	2.1891e-08
0.0707106781187	8.9	7	3.2411e-08
0.0707106781187	8.9	7	2.9927e-08
0.0707106781187	8.9	7	4.3272e-08
0.0707106781187	8.9	7	4.2504e-08
0.0707106781187	8.9	7	4.1873e-08
0.00632455532034	2.0	7	1.7057e-07
0.00632455532034	2.0	7	1.8e-07
0.00632455532034	2.0	7	1.7527e-07
0.00632455532034	2.0	7	1.7258e-07
0.00632455532034	2.0	7	1.7448e-07
0.00632455532034	2.0	7	1.77e-07
3e-06	4.05	7	1.9232e-09
3e-06	4.05	7	1.6443e-09
3e-06	4.05	7	1.1177e-09
3e-06	4.05	7	1.5597e-09
3e-06	4.05	7	1.299e-09
3e-06	4.05	7	3.0164e-09
0.004	4.05	6	1.4331e-06
0.004	4.05	6	1.3846e-06
0.004	4.05	6	1.364e-06
0.004	4.05	6	1.3114e-06
0.004	4.05	6	1.4323e-06
0.004	4.05	6	1.3744e-06
5.47722557505e-08	5.4	6	4.6054e-06
5.47722557505e-08	5.4	6	4.4626e-06
5.47722557505e-08	5.4	6	4.5504e-06
5.47722557505e-08	5.4	6	4.5946e-06
5.47722557505e-08	5.4	6	4.5975e-06
5.47722557505e-08	5.4	6	4.4519e-06
3e-08	5.4	6	4.4583e-06
3e-08	5.4	6	4.4296e-06
3e-08	5.4	6	4.3835e-06
3e-08	5.4	6	4.2659e-06
3e-08	5.4	6	4.319e-06
3e-08	5.4	6	4.5506e-06
0.05	5.4	6	2.6521e-07
0.05	5.4	6	2.4332e-07
0.05	5.4	6	2.2389e-07
0.05	5.4	6	2.0698e-07
0.05	5.4	6	2.1664e-07
0.05	5.4	6	2.6787e-07
0.000547722557505	6.65	6	3.8033e-06
0.000547722557505	6.65	6	3.6767e-06
0.000547722557505	6.65	6	3.7839e-06
0.000547722557505	6.65	6	3.667e-06
0.000547722557505	6.65	6	3.7274e-06
0.000547722557505	6.65	6	3.8287e-06
1.73205080757e-06	2.0	6	8.0095e-07
1.73205080757e-06	2.0	6	7.0934e-07
1.73205080757e-06	2.0	6	7.6639e-07
1.73205080757e-06	2.0	6	7.3986e-07
1.73205080757e-06	2.0	6	7.4645e-07
1.73205080757e-06	2.0	6	8.1934e-07
0.0003	6.65	6	3.6779e-06
0.0003	6.65	6	3.6098e-06
0.0003	6.65	6	3.5581e-06
0.0003	6.65	6	3.5639e-06
0.0003	6.65	6	3.6651e-06
0.0003	6.65	6	3.6051e-06
3e-07	6.65	6	2.2497e-06
3e-07	6.65	6	2.3245e-06
3e-07	6.65	6	2.4465e-06
3e-07	6.65	6	2.2499e-06
3e-07	6.65	6	2.3654e-06
3e-07	6.65	6	2.3428e-06
0.316227766017	11.65	7	2.4365e-08
0.316227766017	11.65	7	3.6968e-08
0.316227766017	11.65	7	1.783e-08
0.316227766017	11.65	7	1.896e-08
0.316227766017	11.65	7	1.9657e-08
0.316227766017	11.65	7	4.1688e-08
0.004	11.65	6	9.5365e-07
0.004	11.65	6	9.42e-07
0.004	11.65	6	8.8208e-07
0.004	11.65	6	8.9899e-07
0.004	11.65	6	8.4761e-07
0.004	11.65	6	1.0132e-06
0.002	8.9	7	1.2054e-09
0.002	8.9	7	1.527e-09
0.002	8.9	7	1.3404e-09
0.002	8.9	7	1.4041e-09
0.002	8.9	7	1.5529e-09
0.002	8.9	7	1.1128e-09
1.73205080757e-05	11.65	7	6.9532e-11
1.73205080757e-05	11.65	7	2.0592e-10
1.73205080757e-05	11.65	7	1.6463e-10
1.73205080757e-05	11.65	7	4.1877e-11
1.73205080757e-05	11.65	7	8.931e-10
1.73205080757e-05	11.65	7	3.6182e-10
0.5	5.4	6	1.7108e-07
0.5	5.4	6	1.6753e-07
0.5	5.4	6	2.2116e-07
0.5	5.4	6	1.4972e-07
0.5	5.4	6	1.6798e-07
0.5	5.4	6	1.5567e-07
0.000173205080757	8.9	6	1.2278e-06
0.000173205080757	8.9	6	1.2309e-06
0.000173205080757	8.9	6	1.181e-06
0.000173205080757	8.9	6	1.2577e-06
0.000173205080757	8.9	6	1.2235e-06
0.000173205080757	8.9	6	1.2452e-06
0.02	5.4	6	4.2799e-07
0.02	5.4	6	4.7393e-07
0.02	5.4	6	4.923e-07
0.02	5.4	6	4.0262e-07
0.02	5.4	6	4.7548e-07
0.02	5.4	6	4.743e-07
0.004	6.65	6	1.995e-06
0.004	6.65	6	1.8834e-06
0.004	6.65	6	1.8428e-06
0.004	6.65	6	1.8647e-06
0.004	6.65	6	1.8294e-06
0.004	6.65	6	1.8856e-06
5e-11	5.4	6	9.567e-07
5e-11	5.4	6	9.305e-07
5e-11	5.4	6	8.8525e-07
5e-11	5.4	6	9.6603e-07
5e-11	5.4	6	8.7319e-07
5e-11	5.4	6	9.7505e-07
3e-05	6.65	7	1.095e-09
3e-05	6.65	7	1.5225e-09
3e-05	6.65	7	1.6254e-09
3e-05	6.65	7	1.6436e-09
3e-05	6.65	7	7.6e-10
3e-05	6.65	7	1.2342e-09
3e-05	4.05	7	1.5691e-09
3e-05	4.05	7	1.3547e-09
3e-05	4.05	7	1.4067e-09
3e-05	4.05	7	7.9716e-10
3e-05	4.05	7	2.2141e-09
3e-05	4.05	7	2.1186e-09
5.47722557505e-07	11.65	7	1.1714e-10
5.47722557505e-07	11.65	7	9.3351e-10
5.47722557505e-07	11.65	7	4.0555e-10
5.47722557505e-07	11.65	7	1.1916e-09
5.47722557505e-07	11.65	7	9.0317e-10
5.47722557505e-07	11.65	7	7.1916e-10
1e-06	5.4	7	1.7535e-09
1e-06	5.4	7	1.4198e-09
1e-06	5.4	7	2.7214e-09
1e-06	5.4	7	2.4164e-09
1e-06	5.4	7	1.1628e-09
1e-06	5.4	7	1.2756e-09
0.000547722557505	4.05	6	5.5241e-06
0.000547722557505	4.05	6	5.3401e-06
0.000547722557505	4.05	6	5.3644e-06
0.000547722557505	4.05	6	5.3601e-06
0.000547722557505	4.05	6	5.3076e-06
0.000547722557505	4.05	6	5.4739e-06
1.73205080757e-10	5.4	7	9.522e-10
1.73205080757e-10	5.4	7	1.822e-09
1.73205080757e-10	5.4	7	1.6397e-09
1.73205080757e-10	5.4	7	1.3366e-09
1.73205080757e-10	5.4	7	1.2908e-09
1.73205080757e-10	5.4	7	1.1475e-09
5.47722557505e-10	6.65	6	1.0502e-06
5.47722557505e-10	6.65	6	1.0017e-06
5.47722557505e-10	6.65	6	9.898e-07
5.47722557505e-10	6.65	6	1.0255e-06
5.47722557505e-10	6.65	6	1.0028e-06
5.47722557505e-10	6.65	6	1.004e-06
0.0003	11.65	7	8.5222e-10
0.0003	11.65	7	3.8043e-10
0.0003	11.65	7	2.2127e-10
0.0003	11.65	7	6.106e-10
0.0003	11.65	7	3.145e-10
0.0003	11.65	7	3.1703e-10
3e-07	2.0	6	1.7947e-06
3e-07	2.0	6	1.8198e-06
3e-07	2.0	6	1.7802e-06
3e-07	2.0	6	1.8887e-06
3e-07	2.0	6	1.8167e-06
3e-07	2.0	6	1.7419e-06
1e-07	6.65	6	2.1767e-06
1e-07	6.65	6	2.2446e-06
1e-07	6.65	6	2.0903e-06
1e-07	6.65	6	2.1731e-06
1e-07	6.65	6	2.1956e-06
1e-07	6.65	6	2.1832e-06
0.0141421356237	11.65	6	4.4367e-07
0.0141421356237	11.65	6	5.0235e-07
0.0141421356237	11.65	6	5.0883e-07
0.0141421356237	11.65	6	4.9423e-07
0.0141421356237	11.65	6	4.5583e-07
0.0141421356237	11.65	6	5.0128e-07
1.73205080757e-05	4.05	6	8.3875e-06
1.73205080757e-05	4.05	6	8.4637e-06
1.73205080757e-05	4.05	6	8.1882e-06
1.73205080757e-05	4.05	6	8.4426e-06
1.73205080757e-05	4.05	6	8.4123e-06
1.73205080757e-05	4.05	6	8.3183e-06
1e-10	11.65	6	2.7284e-08
1e-10	11.65	6	3.1858e-08
1e-10	11.65	6	2.8954e-08
1e-10	11.65	6	3.6644e-08
1e-10	11.65	6	2.7079e-08
1e-10	11.65	6	2.1211e-08
0.0001	2.0	6	1.6596e-07
0.0001	2.0	6	1.6019e-07
0.0001	2.0	6	1.4533e-07
0.0001	2.0	6	1.6028e-07
0.0001	2.0	6	1.6292e-07
0.0001	2.0	6	1.6856e-07
2.5e-11	8.9	6	7.0465e-08
2.5e-11	8.9	6	4.9431e-08
2.5e-11	8.9	6	7.6576e-08
2.5e-11	8.9	6	8.1802e-08
2.5e-11	8.9	6	7.9824e-08
2.5e-11	8.9	6	5.4418e-08
0.002	4.05	6	2.4821e-06
0.002	4.05	6	2.4473e-06
0.002	4.05	6	2.524e-06
0.002	4.05	6	2.473e-06
0.002	4.05	6	2.4609e-06
0.002	4.05	6	2.5166e-06
1.73205080757e-06	11.65	6	1.4526e-07
1.73205080757e-06	11.65	6	8.3133e-08
1.73205080757e-06	11.65	6	1.3433e-07
1.73205080757e-06	11.65	6	1.0256e-07
1.73205080757e-06	11.65	6	1.2821e-07
1.73205080757e-06	11.65	6	1.131e-07
1e-10	6.65	7	6.3638e-10
1e-10	6.65	7	5.7494e-10
1e-10	6.65	7	4.0549e-10
1e-10	6.65	7	4.4132e-10
1e-10	6.65	7	3.1639e-10
1e-10	6.65	7	7.8188e-10
0.707106781187	6.65	6	1.4546e-07
0.707106781187	6.65	6	1.6873e-07
0.707106781187	6.65	6	1.4111e-07
0.707106781187	6.65	6	1.7699e-07
0.707106781187	6.65	6	1.8552e-07
0.707106781187	6.65	6	1.6822e-07
0.0141421356237	6.65	7	2.2208e-08
0.0141421356237	6.65	7	2.0388e-08
0.0141421356237	6.65	7	2.139e-08
0.0141421356237	6.65	7	2.3091e-08
0.0141421356237	6.65	7	1.624e-08
0.0141421356237	6.65	7	2.4068e-08
1.73205080757e-09	6.65	7	8.8615e-10
1.73205080757e-09	6.65	7	5.2352e-10
1.73205080757e-09	6.65	7	7.7729e-10
1.73205080757e-09	6.65	7	2.0393e-09
1.73205080757e-09	6.65	7	1.1361e-09
1.73205080757e-09	6.65	7	7.728e-10
1.0	5.4	6	1.9783e-07
1.0	5.4	6	1.931e-07
1.0	5.4	6	2.264e-07
1.0	5.4	6	2.014e-07
1.0	5.4	6	2.4515e-07
1.0	5.4	6	2.8682e-07
1e-06	5.4	6	4.895e-06
1e-06	5.4	6	5.0571e-06
1e-06	5.4	6	4.9981e-06
1e-06	5.4	6	4.9858e-06
1e-06	5.4	6	5.0373e-06
1e-06	5.4	6	5.0283e-06
1.73205080757e-08	8.9	7	6.3018e-10
1.73205080757e-08	8.9	7	5.4289e-10
1.73205080757e-08	8.9	7	6.4939e-10
1.73205080757e-08	8.9	7	9.1748e-10
1.73205080757e-08	8.9	7	6.9082e-10
1.73205080757e-08	8.9	7	1.1833e-09
0.000547722557505	5.4	7	2.554e-09
0.000547722557505	5.4	7	1.5864e-09
0.000547722557505	5.4	7	2.1675e-09
0.000547722557505	5.4	7	1.5572e-09
0.000547722557505	5.4	7	2.8168e-09
0.000547722557505	5.4	7	1.7077e-09
0.01	2.0	7	2.5426e-07
0.01	2.0	7	2.4403e-07
0.01	2.0	7	2.528e-07
0.01	2.0	7	2.6388e-07
0.01	2.0	7	2.395e-07
0.01	2.0	7	2.7699e-07
0.02	5.4	7	6.3835e-08
0.02	5.4	7	6.8843e-08
0.02	5.4	7	6.6278e-08
0.02	5.4	7	6.7587e-08
0.02	5.4	7	5.7449e-08
0.02	5.4	7	6.8679e-08
0.001	8.9	7	1.8599e-09
0.001	8.9	7	2.1013e-09
0.001	8.9	7	8.971e-10
0.001	8.9	7	8.6764e-10
0.001	8.9	7	8.7835e-10
0.001	8.9	7	1.6751e-09
0.05	11.65	7	1.903e-08
0.05	11.65	7	3.4799e-08
0.05	11.65	7	9.5108e-09
0.05	11.65	7	1.6598e-08
0.05	11.65	7	2.0873e-08
0.05	11.65	7	1.3614e-08
5e-11	8.9	6	1.0387e-07
5e-11	8.9	6	8.6123e-08
5e-11	8.9	6	8.9518e-08
5e-11	8.9	6	7.4862e-08
5e-11	8.9	6	8.7698e-08
5e-11	8.9	6	1.0398e-07
0.004	2.0	6	1.6482e-07
0.004	2.0	6	1.7247e-07
0.004	2.0	6	1.7493e-07
0.004	2.0	6	1.5595e-07
0.004	2.0	6	1.6081e-07
0.004	2.0	6	1.5011e-07
1e-09	11.65	7	1.3541e-10
1e-09	11.65	7	3.7236e-10
1e-09	11.65	7	1.5814e-10
1e-09	11.65	7	2.9566e-10
1e-09	11.65	7	1.792e-10
1e-09	11.65	7	4.1023e-10
0.000547722557505	5.4	6	4.8541e-06
0.000547722557505	5.4	6	4.8494e-06
0.000547722557505	5.4	6	4.9766e-06
0.000547722557505	5.4	6	4.8899e-06
0.000547722557505	5.4	6	5.0441e-06
0.000547722557505	5.4	6	4.9661e-06
5.47722557505e-10	4.05	6	6.3802e-06
5.47722557505e-10	4.05	6	6.506e-06
5.47722557505e-10	4.05	6	6.5783e-06
5.47722557505e-10	4.05	6	6.4884e-06
5.47722557505e-10	4.05	6	6.4465e-06
5.47722557505e-10	4.05	6	6.5742e-06
3e-10	6.65	7	5.1901e-10
3e-10	6.65	7	1.4339e-09
3e-10	6.65	7	5.838e-10
3e-10	6.65	7	1.4568e-09
3e-10	6.65	7	8.2449e-10
3e-10	6.65	7	1.1249e-09
1e-08	5.4	7	1.8814e-09
1e-08	5.4	7	1.1284e-09
1e-08	5.4	7	1.4982e-09
1e-08	5.4	7	8.368e-10
1e-08	5.4	7	1.4193e-09
1e-08	5.4	7	1.5563e-09
5.47722557505e-07	11.65	6	1.1157e-07
5.47722557505e-07	11.65	6	1.2138e-07
5.47722557505e-07	11.65	6	1.0266e-07
5.47722557505e-07	11.65	6	1.0865e-07
5.47722557505e-07	11.65	6	1.0382e-07
5.47722557505e-07	11.65	6	1.0991e-07
1.73205080757e-08	4.05	7	2.62e-09
1.73205080757e-08	4.05	7	4.1222e-09
1.73205080757e-08	4.05	7	2.1229e-09
1.73205080757e-08	4.05	7	2.4482e-09
1.73205080757e-08	4.05	7	2.7611e-09
1.73205080757e-08	4.05	7	2.3187e-09
1e-07	2.0	7	2.1374e-12
1e-07	2.0	7	2.0378e-12
1e-07	2.0	7	2.2498e-12
1e-07	2.0	7	2.0854e-12
1e-07	2.0	7	2.1818e-12
1e-07	2.0	7	2.333e-12
1.73205080757e-09	8.9	7	1.104e-09
1.73205080757e-09	8.9	7	2.6635e-10
1.73205080757e-09	8.9	7	2.506e-10
1.73205080757e-09	8.9	7	7.7125e-10
1.73205080757e-09	8.9	7	1.991e-09
1.73205080757e-09	8.9	7	3.0493e-10
0.02	8.9	6	5.074e-07
0.02	8.9	6	5.1848e-07
0.02	8.9	6	5.2923e-07
0.02	8.9	6	5.2006e-07
0.02	8.9	6	5.0458e-07
0.02	8.9	6	4.7252e-07
3e-05	11.65	7	5.2188e-10
3e-05	11.65	7	3.1819e-10
3e-05	11.65	7	4.8388e-10
3e-05	11.65	7	2.1614e-10
3e-05	11.65	7	2.0746e-12
3e-05	11.65	7	5.5858e-11
1e-05	6.65	7	1.3147e-09
1e-05	6.65	7	9.7906e-10
1e-05	6.65	7	5.7552e-10
1e-05	6.65	7	1.8197e-09
1e-05	6.65	7	1.5005e-09
1e-05	6.65	7	1.1179e-09
0.316227766017	4.05	7	1.2671e-07
0.316227766017	4.05	7	1.8031e-07
0.316227766017	4.05	7	1.4493e-07
0.316227766017	4.05	7	8.39e-08
0.316227766017	4.05	7	1.4183e-07
0.316227766017	4.05	7	1.2307e-07
0.004	2.0	7	1.0533e-07
0.004	2.0	7	9.3015e-08
0.004	2.0	7	1.0665e-07
0.004	2.0	7	1.0225e-07
0.004	2.0	7	1.0955e-07
0.004	2.0	7	1.0655e-07
0.001	5.4	7	2.2571e-09
0.001	5.4	7	1.4948e-09
0.001	5.4	7	2.6126e-09
0.001	5.4	7	1.7231e-09
0.001	5.4	7	2.7015e-09
0.001	5.4	7	2.0391e-09
5.47722557505e-05	4.05	7	1.7826e-09
5.47722557505e-05	4.05	7	8.1753e-10
5.47722557505e-05	4.05	7	1.628e-09
5.47722557505e-05	4.05	7	1.1002e-09
5.47722557505e-05	4.05	7	1.4288e-09
5.47722557505e-05	4.05	7	1.7255e-09
1e-09	6.65	6	1.1145e-06
1e-09	6.65	6	1.1399e-06
1e-09	6.65	6	1.1572e-06
1e-09	6.65	6	1.2019e-06
1e-09	6.65	6	1.1513e-06
1e-09	6.65	6	1.1425e-06
0.0707106781187	6.65	7	5.2317e-08
0.0707106781187	6.65	7	8.3499e-08
0.0707106781187	6.65	7	1.0924e-07
0.0707106781187	6.65	7	9.8066e-08
0.0707106781187	6.65	7	6.8829e-08
0.0707106781187	6.65	7	9.8001e-08
1e-09	6.65	7	7.0492e-10
1e-09	6.65	7	6.4188e-10
1e-09	6.65	7	1.1848e-09
1e-09	6.65	7	3.9855e-10
1e-09	6.65	7	5.9384e-10
1e-09	6.65	7	4.9239e-10
0.707106781187	5.4	6	2.2109e-07
0.707106781187	5.4	6	1.6055e-07
0.707106781187	5.4	6	1.6892e-07
0.707106781187	5.4	6	2.1779e-07
0.707106781187	5.4	6	1.655e-07
0.707106781187	5.4	6	2.1978e-07
0.5	2.0	6	2.8576e-07
0.5	2.0	6	2.196e-07
0.5	2.0	6	2.5762e-07
0.5	2.0	6	2.8954e-07
0.5	2.0	6	2.8154e-07
0.5	2.0	6	2.2908e-07
0.02	4.05	7	1.0102e-07
0.02	4.05	7	1.4548e-07
0.02	4.05	7	1.0617e-07
0.02	4.05	7	1.2713e-07
0.02	4.05	7	1.5324e-07
0.02	4.05	7	1.2092e-07
0.316227766017	5.4	7	9.2978e-08
0.316227766017	5.4	7	1.1253e-07
0.316227766017	5.4	7	1.0018e-07
0.316227766017	5.4	7	6.6947e-08
0.316227766017	5.4	7	7.538e-08
0.316227766017	5.4	7	9.7677e-08
1.73205080757e-09	5.4	7	1.1511e-09
1.73205080757e-09	5.4	7	1.1727e-09
1.73205080757e-09	5.4	7	1.5897e-09
1.73205080757e-09	5.4	7	1.3752e-09
1.73205080757e-09	5.4	7	1.5181e-09
1.73205080757e-09	5.4	7	1.2839e-09
0.0003	4.05	6	6.3664e-06
0.0003	4.05	6	6.5971e-06
0.0003	4.05	6	6.3983e-06
0.0003	4.05	6	6.5563e-06
0.0003	4.05	6	6.5378e-06
0.0003	4.05	6	6.6216e-06
0.0316227766017	6.65	7	3.9087e-08
0.0316227766017	6.65	7	5.9112e-08
0.0316227766017	6.65	7	6.8215e-08
0.0316227766017	6.65	7	3.9272e-08
0.0316227766017	6.65	7	6.1117e-08
0.0316227766017	6.65	7	4.5327e-08
5.47722557505e-06	11.65	7	3.2971e-15
5.47722557505e-06	11.65	7	4.3018e-10
5.47722557505e-06	11.65	7	1.3813e-11
5.47722557505e-06	11.65	7	2.4191e-11
5.47722557505e-06	11.65	7	4.4487e-10
5.47722557505e-06	11.65	7	3.0572e-10
5.47722557505e-06	8.9	6	7.0338e-07
5.47722557505e-06	8.9	6	7.6049e-07
5.47722557505e-06	8.9	6	7.1447e-07
5.47722557505e-06	8.9	6	6.9184e-07
5.47722557505e-06	8.9	6	7.3324e-07
5.47722557505e-06	8.9	6	7.3727e-07
3e-06	2.0	7	7.1395e-11
3e-06	2.0	7	7.5314e-11
3e-06	2.0	7	7.1861e-11
3e-06	2.0	7	7.2746e-11
3e-06	2.0	7	7.3766e-11
3e-06	2.0	7	7.5335e-11
0.5	4.05	6	2.5129e-07
0.5	4.05	6	1.9833e-07
0.5	4.05	6	2.0815e-07
0.5	4.05	6	2.0288e-07
0.5	4.05	6	2.8781e-07
0.5	4.05	6	2.233e-07
1e-10	4.05	6	3.6391e-06
1e-10	4.05	6	3.5705e-06
1e-10	4.05	6	3.5973e-06
1e-10	4.05	6	3.4956e-06
1e-10	4.05	6	3.6038e-06
1e-10	4.05	6	3.7344e-06
0.5	11.65	7	5.4945e-08
0.5	11.65	7	2.3789e-08
0.5	11.65	7	5.9071e-08
0.5	11.65	7	6.0841e-08
0.5	11.65	7	5.3641e-08
0.5	11.65	7	3.9245e-08
0.0141421356237	6.65	6	6.7528e-07
0.0141421356237	6.65	6	6.3306e-07
0.0141421356237	6.65	6	6.4735e-07
0.0141421356237	6.65	6	6.7308e-07
0.0141421356237	6.65	6	6.149e-07
0.0141421356237	6.65	6	6.244e-07
0.141421356237	4.05	7	1.5929e-07
0.141421356237	4.05	7	1.77e-07
0.141421356237	4.05	7	1.5826e-07
0.141421356237	4.05	7	1.7217e-07
0.141421356237	4.05	7	1.7238e-07
0.141421356237	4.05	7	1.6084e-07
5.47722557505e-05	5.4	6	5.162e-06
5.47722557505e-05	5.4	6	5.3021e-06
5.47722557505e-05	5.4	6	5.2117e-06
5.47722557505e-05	5.4	6	5.167e-06
5.47722557505e-05	5.4	6	5.2382e-06
5.47722557505e-05	5.4	6	5.1827e-06
0.0316227766017	8.9	6	2.9e-07
0.0316227766017	8.9	6	3.1819e-07
0.0316227766017	8.9	6	2.4193e-07
0.0316227766017	8.9	6	3.0074e-07
0.0316227766017	8.9	6	3.0541e-07
0.0316227766017	8.9	6	2.8423e-07
1.0	2.0	7	4.6043e-07
1.0	2.0	7	4.0408e-07
1.0	2.0	7	4.2494e-07
1.0	2.0	7	4.4648e-07
1.0	2.0	7	3.7813e-07
1.0	2.0	7	3.5628e-07
3e-05	4.05	6	8.0779e-06
3e-05	4.05	6	8.2845e-06
3e-05	4.05	6	8.174e-06
3e-05	4.05	6	8.1956e-06
3e-05	4.05	6	8.1106e-06
3e-05	4.05	6	8.1436e-06
3e-10	2.0	6	2.9111e-05
3e-10	2.0	6	2.9117e-05
3e-10	2.0	6	2.9094e-05
3e-10	2.0	6	2.9456e-05
3e-10	2.0	6	2.9459e-05
3e-10	2.0	6	2.9074e-05
0.01	11.65	6	6.0641e-07
0.01	11.65	6	5.8009e-07
0.01	11.65	6	6.1489e-07
0.01	11.65	6	5.9548e-07
0.01	11.65	6	6.6308e-07
0.01	11.65	6	5.8463e-07
3e-05	2.0	7	8.7849e-10
3e-05	2.0	7	9.0188e-10
3e-05	2.0	7	8.4735e-10
3e-05	2.0	7	9.1443e-10
3e-05	2.0	7	8.7173e-10
3e-05	2.0	7	9.6972e-10
5.47722557505e-06	2.0	7	1.2452e-10
5.47722557505e-06	2.0	7	1.2272e-10
5.47722557505e-06	2.0	7	1.2838e-10
5.47722557505e-06	2.0	7	1.3077e-10
5.47722557505e-06	2.0	7	1.2332e-10
5.47722557505e-06	2.0	7	1.2736e-10
0.0707106781187	4.05	7	2.2589e-07
0.0707106781187	4.05	7	2.1153e-07
0.0707106781187	4.05	7	2.0857e-07
0.0707106781187	4.05	7	2.2805e-07
0.0707106781187	4.05	7	2.0688e-07
0.0707106781187	4.05	7	2.6771e-07
5.47722557505e-05	2.0	7	1.6244e-09
5.47722557505e-05	2.0	7	1.5073e-09
5.47722557505e-05	2.0	7	1.3564e-09
5.47722557505e-05	2.0	7	1.4386e-09
5.47722557505e-05	2.0	7	1.6003e-09
5.47722557505e-05	2.0	7	1.5989e-09
1e-07	5.4	7	2.2735e-09
1e-07	5.4	7	1.4286e-09
1e-07	5.4	7	2.0271e-09
1e-07	5.4	7	1.3883e-09
1e-07	5.4	7	1.5204e-09
1e-07	5.4	7	2.484e-09
5.47722557505e-06	4.05	6	8.896e-06
5.47722557505e-06	4.05	6	9.0671e-06
5.47722557505e-06	4.05	6	8.8732e-06
5.47722557505e-06	4.05	6	9.1882e-06
5.47722557505e-06	4.05	6	8.8261e-06
5.47722557505e-06	4.05	6	9.0089e-06
1.73205080757e-10	2.0	7	3.4493e-13
1.73205080757e-10	2.0	7	3.4931e-13
1.73205080757e-10	2.0	7	3.508e-13
1.73205080757e-10	2.0	7	3.4726e-13
1.73205080757e-10	2.0	7	3.0066e-13
1.73205080757e-10	2.0	7	2.9706e-13
0.05	6.65	6	2.0014e-07
0.05	6.65	6	2.2671e-07
0.05	6.65	6	2.4336e-07
0.05	6.65	6	2.1359e-07
0.05	6.65	6	2.8181e-07
0.05	6.65	6	2.2615e-07
0.01	2.0	6	3.5967e-07
0.01	2.0	6	3.3451e-07
0.01	2.0	6	3.2804e-07
0.01	2.0	6	3.1677e-07
0.01	2.0	6	3.4729e-07
0.01	2.0	6	3.357e-07
1e-06	11.65	7	2.3718e-11
1e-06	11.65	7	3.4161e-10
1e-06	11.65	7	6.3016e-10
1e-06	11.65	7	3.236e-10
1e-06	11.65	7	6.5775e-11
1e-06	11.65	7	6.2589e-10
1.73205080757e-10	5.4	6	1.6315e-06
1.73205080757e-10	5.4	6	1.552e-06
1.73205080757e-10	5.4	6	1.6501e-06
1.73205080757e-10	5.4	6	1.5271e-06
1.73205080757e-10	5.4	6	1.7236e-06
1.73205080757e-10	5.4	6	1.6325e-06
0.316227766017	6.65	7	7.7117e-08
0.316227766017	6.65	7	7.1923e-08
0.316227766017	6.65	7	5.8265e-08
0.316227766017	6.65	7	8.1134e-08
0.316227766017	6.65	7	9.5581e-08
0.316227766017	6.65	7	7.6901e-08
0.00632455532034	6.65	7	1.1607e-08
0.00632455532034	6.65	7	1.0323e-08
0.00632455532034	6.65	7	1.1583e-08
0.00632455532034	6.65	7	1.0066e-08
0.00632455532034	6.65	7	1.0472e-08
0.00632455532034	6.65	7	7.1263e-09
0.141421356237	4.05	6	2.5931e-07
0.141421356237	4.05	6	2.6268e-07
0.141421356237	4.05	6	1.9347e-07
0.141421356237	4.05	6	2.5294e-07
0.141421356237	4.05	6	2.39e-07
0.141421356237	4.05	6	2.1882e-07
3e-09	5.4	6	3.3707e-06
3e-09	5.4	6	3.3865e-06
3e-09	5.4	6	3.2927e-06
3e-09	5.4	6	3.2449e-06
3e-09	5.4	6	3.3409e-06
3e-09	5.4	6	3.3613e-06
0.01	8.9	7	6.9267e-09
0.01	8.9	7	1.1085e-08
0.01	8.9	7	6.6552e-09
0.01	8.9	7	8.8401e-09
0.01	8.9	7	9.0778e-09
0.01	8.9	7	8.5636e-09
0.0141421356237	2.0	6	3.6887e-07
0.0141421356237	2.0	6	3.8297e-07
0.0141421356237	2.0	6	3.7806e-07
0.0141421356237	2.0	6	3.7377e-07
0.0141421356237	2.0	6	3.9107e-07
0.0141421356237	2.0	6	3.5176e-07
3e-06	6.65	7	2.6562e-09
3e-06	6.65	7	9.3577e-10
3e-06	6.65	7	1.3867e-09
3e-06	6.65	7	1.605e-09
3e-06	6.65	7	5.8392e-10
3e-06	6.65	7	1.6438e-09
0.0707106781187	8.9	6	1.5796e-07
0.0707106781187	8.9	6	1.8543e-07
0.0707106781187	8.9	6	2.0487e-07
0.0707106781187	8.9	6	1.5474e-07
0.0707106781187	8.9	6	1.7773e-07
0.0707106781187	8.9	6	1.7166e-07
3e-10	8.9	7	7.9542e-10
3e-10	8.9	7	5.3287e-10
3e-10	8.9	7	2.4666e-10
3e-10	8.9	7	2.3065e-10
3e-10	8.9	7	9.7607e-11
3e-10	8.9	7	3.4819e-10
3e-07	5.4	6	4.8731e-06
3e-07	5.4	6	4.7977e-06
3e-07	5.4	6	4.9046e-06
3e-07	5.4	6	4.7752e-06
3e-07	5.4	6	4.888e-06
3e-07	5.4	6	4.7688e-06
0.0001	5.4	6	5.3523e-06
0.0001	5.4	6	5.2613e-06
0.0001	5.4	6	5.3591e-06
0.0001	5.4	6	5.4312e-06
0.0001	5.4	6	5.309e-06
0.0001	5.4	6	5.4496e-06
2.5e-11	2.0	7	7.9851e-13
2.5e-11	2.0	7	8.6271e-13
2.5e-11	2.0	7	7.8032e-13
2.5e-11	2.0	7	8.8676e-13
2.5e-11	2.0	7	7.9138e-13
2.5e-11	2.0	7	8.6075e-13
1.0	4.05	6	3.3344e-07
1.0	4.05	6	3.7117e-07
1.0	4.05	6	2.8246e-07
1.0	4.05	6	2.3449e-07
1.0	4.05	6	2.5742e-07
1.0	4.05	6	2.7293e-07
0.0707106781187	5.4	6	2.326e-07
0.0707106781187	5.4	6	1.8098e-07
0.0707106781187	5.4	6	1.9704e-07
0.0707106781187	5.4	6	2.3388e-07
0.0707106781187	5.4	6	2.204e-07
0.0707106781187	5.4	6	2.3101e-07
0.0003	4.05	7	2.0806e-09
0.0003	4.05	7	1.8586e-09
0.0003	4.05	7	1.5336e-09
0.0003	4.05	7	2.9548e-09
0.0003	4.05	7	3.9025e-09
0.0003	4.05	7	2.0491e-09
1.73205080757e-06	4.05	7	1.8593e-09
1.73205080757e-06	4.05	7	1.7833e-09
1.73205080757e-06	4.05	7	1.8146e-09
1.73205080757e-06	4.05	7	2.1883e-09
1.73205080757e-06	4.05	7	2.0945e-09
1.73205080757e-06	4.05	7	3.2895e-09
0.0001	4.05	6	7.4638e-06
0.0001	4.05	6	7.5803e-06
0.0001	4.05	6	7.6565e-06
0.0001	4.05	6	7.5455e-06
0.0001	4.05	6	7.4838e-06
0.0001	4.05	6	7.5507e-06
0.2	11.65	7	3.8711e-08
0.2	11.65	7	4.0784e-08
0.2	11.65	7	1.9002e-08
0.2	11.65	7	3.9568e-08
0.2	11.65	7	4.8664e-08
0.2	11.65	7	2.654e-08
1e-05	2.0	7	2.4359e-10
1e-05	2.0	7	2.4343e-10
1e-05	2.0	7	2.6157e-10
1e-05	2.0	7	2.4053e-10
1e-05	2.0	7	2.474e-10
1e-05	2.0	7	2.443e-10
0.05	8.9	7	5.5321e-08
0.05	8.9	7	3.5904e-08
0.05	8.9	7	1.7671e-08
0.05	8.9	7	3.7065e-08
0.05	8.9	7	4.8238e-08
0.05	8.9	7	1.5803e-08
3e-05	8.9	6	8.6748e-07
3e-05	8.9	6	8.0605e-07
3e-05	8.9	6	7.9207e-07
3e-05	8.9	6	7.8435e-07
3e-05	8.9	6	8.4361e-07
3e-05	8.9	6	8.1422e-07
0.2	4.05	7	1.4838e-07
0.2	4.05	7	1.4183e-07
0.2	4.05	7	1.2967e-07
0.2	4.05	7	1.5283e-07
0.2	4.05	7	1.8978e-07
0.2	4.05	7	1.1551e-07
1.73205080757e-05	4.05	7	1.4852e-09
1.73205080757e-05	4.05	7	1.8927e-09
1.73205080757e-05	4.05	7	2.2833e-09
1.73205080757e-05	4.05	7	1.5002e-09
1.73205080757e-05	4.05	7	1.8943e-09
1.73205080757e-05	4.05	7	2.2264e-09
1e-08	8.9	7	6.7395e-10
1e-08	8.9	7	7.5786e-10
1e-08	8.9	7	1.6399e-10
1e-08	8.9	7	3.9579e-10
1e-08	8.9	7	9.5754e-10
1e-08	8.9	7	5.5991e-10
0.05	4.05	7	1.808e-07
0.05	4.05	7	1.8068e-07
0.05	4.05	7	2.2063e-07
0.05	4.05	7	2.1494e-07
0.05	4.05	7	1.3466e-07
0.05	4.05	7	2.071e-07
1e-05	4.05	6	8.7818e-06
1e-05	4.05	6	8.643e-06
1e-05	4.05	6	8.7764e-06
1e-05	4.05	6	8.8417e-06
1e-05	4.05	6	8.8174e-06
1e-05	4.05	6	8.6809e-06
3e-07	11.65	6	1.1025e-07
3e-07	11.65	6	9.7323e-08
3e-07	11.65	6	1.1032e-07
3e-07	11.65	6	9.9359e-08
3e-07	11.65	6	9.9094e-08
3e-07	11.65	6	1.0678e-07
5.47722557505e-09	4.05	7	3.9327e-09
5.47722557505e-09	4.05	7	3.4752e-09
5.47722557505e-09	4.05	7	2.1764e-09
5.47722557505e-09	4.05	7	2.0387e-09
5.47722557505e-09	4.05	7	2.7737e-09
5.47722557505e-09	4.05	7	2.2848e-09
1e-09	8.9	7	1.2764e-10
1e-09	8.9	7	5.6103e-10
1e-09	8.9	7	5.1638e-11
1e-09	8.9	7	4.9797e-10
1e-09	8.9	7	1.0056e-09
1e-09	8.9	7	5.9144e-10
0.004	8.9	6	1.5432e-06
0.004	8.9	6	1.4859e-06
0.004	8.9	6	1.3861e-06
0.004	8.9	6	1.5393e-06
0.004	8.9	6	1.4656e-06
0.004	8.9	6	1.5762e-06
5.47722557505e-07	5.4	6	4.9164e-06
5.47722557505e-07	5.4	6	4.8844e-06
5.47722557505e-07	5.4	6	4.894e-06
5.47722557505e-07	5.4	6	4.9664e-06
5.47722557505e-07	5.4	6	4.8665e-06
5.47722557505e-07	5.4	6	4.9881e-06
0.0141421356237	8.9	6	5.8815e-07
0.0141421356237	8.9	6	6.0666e-07
0.0141421356237	8.9	6	6.179e-07
0.0141421356237	8.9	6	6.1657e-07
0.0141421356237	8.9	6	5.9317e-07
0.0141421356237	8.9	6	6.1726e-07
0.002	2.0	7	5.269e-08
0.002	2.0	7	5.2067e-08
0.002	2.0	7	5.1931e-08
0.002	2.0	7	5.1039e-08
0.002	2.0	7	4.8513e-08
0.002	2.0	7	5.3004e-08
1e-05	8.9	6	7.0314e-07
1e-05	8.9	6	7.2096e-07
1e-05	8.9	6	7.3989e-07
1e-05	8.9	6	7.1576e-07
1e-05	8.9	6	7.2744e-07
1e-05	8.9	6	7.9866e-07
1.0	6.65	6	1.9147e-07
1.0	6.65	6	1.5396e-07
1.0	6.65	6	1.7094e-07
1.0	6.65	6	1.8042e-07
1.0	6.65	6	2.0541e-07
1.0	6.65	6	1.5541e-07
0.000173205080757	6.65	7	1.5726e-09
0.000173205080757	6.65	7	1.3662e-09
0.000173205080757	6.65	7	1.8215e-09
0.000173205080757	6.65	7	1.4064e-09
0.000173205080757	6.65	7	1.1283e-09
0.000173205080757	6.65	7	2.4847e-09
0.05	5.4	7	7.8756e-08
0.05	5.4	7	1.1261e-07
0.05	5.4	7	1.2076e-07
0.05	5.4	7	8.8562e-08
0.05	5.4	7	1.184e-07
0.05	5.4	7	1.1763e-07
5.47722557505e-08	6.65	6	1.9649e-06
5.47722557505e-08	6.65	6	2.0001e-06
5.47722557505e-08	6.65	6	2.0537e-06
5.47722557505e-08	6.65	6	2.0117e-06
5.47722557505e-08	6.65	6	2.1035e-06
5.47722557505e-08	6.65	6	2.1167e-06
5.47722557505e-08	2.0	6	4.2323e-06
5.47722557505e-08	2.0	6	4.3386e-06
5.47722557505e-08	2.0	6	4.1491e-06
5.47722557505e-08	2.0	6	4.1692e-06
5.47722557505e-08	2.0	6	4.3246e-06
5.47722557505e-08	2.0	6	4.1307e-06
0.1	4.05	7	2.1097e-07
0.1	4.05	7	2.2948e-07
0.1	4.05	7	2.0116e-07
0.1	4.05	7	1.9161e-07
0.1	4.05	7	1.8692e-07
0.1	4.05	7	2.2204e-07
3e-10	5.4	6	2.0687e-06
3e-10	5.4	6	2.0601e-06
3e-10	5.4	6	2.0742e-06
3e-10	5.4	6	2.1536e-06
3e-10	5.4	6	2.0491e-06
3e-10	5.4	6	2.0593e-06
0.0001	6.65	6	3.203e-06
0.0001	6.65	6	3.0674e-06
0.0001	6.65	6	3.2227e-06
0.0001	6.65	6	3.369e-06
0.0001	6.65	6	3.2324e-06
0.0001	6.65	6	3.1838e-06
0.2	8.9	6	1.1783e-07
0.2	8.9	6	1.3349e-07
0.2	8.9	6	1.3525e-07
0.2	8.9	6	1.2615e-07
0.2	8.9	6	1.3104e-07
0.2	8.9	6	1.3403e-07
0.0003	6.65	7	1.7456e-09
0.0003	6.65	7	1.1327e-09
0.0003	6.65	7	1.4666e-09
0.0003	6.65	7	1.1042e-09
0.0003	6.65	7	3.9473e-10
0.0003	6.65	7	2.4213e-09
1e-05	11.65	7	9.8326e-11
1e-05	11.65	7	1.503e-10
1e-05	11.65	7	4.2826e-10
1e-05	11.65	7	1.4493e-10
1e-05	11.65	7	8.1987e-11
1e-05	11.65	7	2.5955e-10
1.73205080757e-07	8.9	7	1.2202e-09
1.73205080757e-07	8.9	7	1.09e-10
1.73205080757e-07	8.9	7	4.8161e-10
1.73205080757e-07	8.9	7	7.0868e-10
1.73205080757e-07	8.9	7	4.2707e-10
1.73205080757e-07	8.9	7	1.0955e-09
0.0001	8.9	6	1.0262e-06
0.0001	8.9	6	1.1537e-06
0.0001	8.9	6	1.0475e-06
0.0001	8.9	6	1.0368e-06
0.0001	8.9	6	1.0697e-06
0.0001	8.9	6	1.0134e-06
0.0003	11.65	6	4.0472e-07
0.0003	11.65	6	3.5867e-07
0.0003	11.65	6	3.3479e-07
0.0003	11.65	6	3.7962e-07
0.0003	11.65	6	4.0222e-07
0.0003	11.65	6	3.9296e-07
1.0	8.9	7	8.0869e-08
1.0	8.9	7	7.1232e-08
1.0	8.9	7	8.7675e-08
1.0	8.9	7	7.4978e-08
1.0	8.9	7	5.5911e-08
1.0	8.9	7	1.0202e-07
0.141421356237	11.65	6	1.2049e-07
0.141421356237	11.65	6	1.4092e-07
0.141421356237	11.65	6	1.196e-07
0.141421356237	11.65	6	1.1843e-07
0.141421356237	11.65	6	1.2e-07
0.141421356237	11.65	6	1.1796e-07
0.000173205080757	2.0	6	2.9345e-07
0.000173205080757	2.0	6	2.8269e-07
0.000173205080757	2.0	6	2.8375e-07
0.000173205080757	2.0	6	2.914e-07
0.000173205080757	2.0	6	2.7198e-07
0.000173205080757	2.0	6	2.5616e-07
0.004	5.4	7	9.5727e-09
0.004	5.4	7	6.6899e-09
0.004	5.4	7	7.6421e-09
0.004	5.4	7	9.1227e-09
0.004	5.4	7	8.7885e-09
0.004	5.4	7	6.9129e-09
0.1	2.0	7	2.0407e-07
0.1	2.0	7	2.2297e-07
0.1	2.0	7	2.6929e-07
0.1	2.0	7	2.3882e-07
0.1	2.0	7	2.5024e-07
0.1	2.0	7	2.0429e-07
0.004	6.65	7	4.9008e-09
0.004	6.65	7	5.9963e-09
0.004	6.65	7	4.6226e-09
0.004	6.65	7	5.9612e-09
0.004	6.65	7	3.836e-09
0.004	6.65	7	5.1258e-09
3e-06	5.4	7	1.4182e-09
3e-06	5.4	7	2.5638e-09
3e-06	5.4	7	7.5109e-10
3e-06	5.4	7	1.0988e-09
3e-06	5.4	7	2.5646e-09
3e-06	5.4	7	8.7447e-10
3e-07	4.05	7	2.372e-09
3e-07	4.05	7	2.752e-09
3e-07	4.05	7	3.9313e-09
3e-07	4.05	7	1.518e-09
3e-07	4.05	7	2.6269e-09
3e-07	4.05	7	2.8378e-09
2.5e-11	6.65	6	3.3717e-07
2.5e-11	6.65	6	2.6461e-07
2.5e-11	6.65	6	2.9799e-07
2.5e-11	6.65	6	2.9665e-07
2.5e-11	6.65	6	3.174e-07
2.5e-11	6.65	6	2.9199e-07
0.000547722557505	11.65	6	5.682e-07
0.000547722557505	11.65	6	5.3257e-07
0.000547722557505	11.65	6	5.4889e-07
0.000547722557505	11.65	6	5.5665e-07
0.000547722557505	11.65	6	5.7186e-07
0.000547722557505	11.65	6	5.4123e-07
1e-08	5.4	6	4.1062e-06
1e-08	5.4	6	3.8853e-06
1e-08	5.4	6	4.0009e-06
1e-08	5.4	6	4.064e-06
1e-08	5.4	6	4.0298e-06
1e-08	5.4	6	4.0109e-06
3e-09	8.9	7	3.2411e-10
3e-09	8.9	7	5.108e-10
3e-09	8.9	7	7.4684e-10
3e-09	8.9	7	3.3787e-10
3e-09	8.9	7	1.0021e-09
3e-09	8.9	7	6.1769e-10
0.000173205080757	2.0	7	4.147e-09
0.000173205080757	2.0	7	4.4068e-09
0.000173205080757	2.0	7	4.4025e-09
0.000173205080757	2.0	7	4.1882e-09
0.000173205080757	2.0	7	4.4661e-09
0.000173205080757	2.0	7	4.1927e-09
5.47722557505e-08	6.65	7	1.8373e-09
5.47722557505e-08	6.65	7	2.2728e-09
5.47722557505e-08	6.65	7	7.0357e-10
5.47722557505e-08	6.65	7	1.9702e-09
5.47722557505e-08	6.65	7	9.2485e-10
5.47722557505e-08	6.65	7	1.1687e-09
3e-09	11.65	6	5.7614e-08
3e-09	11.65	6	4.4684e-08
3e-09	11.65	6	4.3205e-08
3e-09	11.65	6	7.5518e-08
3e-09	11.65	6	4.9768e-08
3e-09	11.65	6	4.805e-08
1e-05	8.9	7	1.348e-09
1e-05	8.9	7	1.6268e-09
1e-05	8.9	7	7.5233e-10
1e-05	8.9	7	7.0889e-10
1e-05	8.9	7	5.0034e-10
1e-05	8.9	7	7.8461e-10
1e-09	4.05	6	7.3214e-06
1e-09	4.05	6	7.4197e-06
1e-09	4.05	6	7.3826e-06
1e-09	4.05	6	7.1846e-06
1e-09	4.05	6	7.3392e-06
1e-09	4.05	6	7.4411e-06
0.316227766017	8.9	6	1.1524e-07
0.316227766017	8.9	6	1.6968e-07
0.316227766017	8.9	6	1.314e-07
0.316227766017	8.9	6	1.3417e-07
0.316227766017	8.9	6	1.235e-07
0.316227766017	8.9	6	1.1408e-07
0.141421356237	6.65	7	1.0822e-07
0.141421356237	6.65	7	6.6822e-08
0.141421356237	6.65	7	9.2525e-08
0.141421356237	6.65	7	7.8777e-08
0.141421356237	6.65	7	9.2662e-08
0.141421356237	6.65	7	8.6629e-08
1e-07	6.65	7	2.1435e-09
1e-07	6.65	7	1.1198e-09
1e-07	6.65	7	7.1702e-10
1e-07	6.65	7	1.5071e-09
1e-07	6.65	7	1.2499e-09
1e-07	6.65	7	1.8016e-09
0.0003	5.4	7	1.7689e-09
0.0003	5.4	7	3.0488e-09
0.0003	5.4	7	8.3685e-10
0.0003	5.4	7	1.9872e-09
0.0003	5.4	7	1.3719e-09
0.0003	5.4	7	2.4112e-09
1.73205080757e-07	4.05	6	1.0017e-05
1.73205080757e-07	4.05	6	1.0165e-05
1.73205080757e-07	4.05	6	1.0239e-05
1.73205080757e-07	4.05	6	9.9709e-06
1.73205080757e-07	4.05	6	1.0221e-05
1.73205080757e-07	4.05	6	1.044e-05
0.1	5.4	7	1.2249e-07
0.1	5.4	7	1.1659e-07
0.1	5.4	7	1.2705e-07
0.1	5.4	7	1.3875e-07
0.1	5.4	7	1.4166e-07
0.1	5.4	7	1.1159e-07
5.47722557505e-10	11.65	7	2.7018e-10
5.47722557505e-10	11.65	7	6.1226e-11
5.47722557505e-10	11.65	7	3.4882e-16
5.47722557505e-10	11.65	7	2.6993e-10
5.47722557505e-10	11.65	7	1.9603e-15
5.47722557505e-10	11.65	7	2.3492e-10
5.47722557505e-07	2.0	7	1.1673e-11
5.47722557505e-07	2.0	7	1.2994e-11
5.47722557505e-07	2.0	7	1.2971e-11
5.47722557505e-07	2.0	7	1.2196e-11
5.47722557505e-07	2.0	7	1.1603e-11
5.47722557505e-07	2.0	7	1.2384e-11
0.0316227766017	5.4	7	1.1329e-07
0.0316227766017	5.4	7	7.6282e-08
0.0316227766017	5.4	7	8.0342e-08
0.0316227766017	5.4	7	6.8728e-08
0.0316227766017	5.4	7	7.3255e-08
0.0316227766017	5.4	7	8.8196e-08
5.47722557505e-06	2.0	6	4.3288e-07
5.47722557505e-06	2.0	6	3.9164e-07
5.47722557505e-06	2.0	6	4.776e-07
5.47722557505e-06	2.0	6	4.5782e-07
5.47722557505e-06	2.0	6	4.1394e-07
5.47722557505e-06	2.0	6	4.6951e-07
5.47722557505e-07	8.9	7	7.0233e-10
5.47722557505e-07	8.9	7	5.2674e-10
5.47722557505e-07	8.9	7	1.6648e-09
5.47722557505e-07	8.9	7	2.3977e-10
5.47722557505e-07	8.9	7	8.1439e-10
5.47722557505e-07	8.9	7	1.394e-10
3e-09	4.05	6	8.6521e-06
3e-09	4.05	6	8.7291e-06
3e-09	4.05	6	8.5918e-06
3e-09	4.05	6	8.4817e-06
3e-09	4.05	6	8.6448e-06
3e-09	4.05	6	8.6584e-06
3e-09	8.9	6	3.5715e-07
3e-09	8.9	6	3.2117e-07
3e-09	8.9	6	3.2364e-07
3e-09	8.9	6	3.207e-07
3e-09	8.9	6	3.3801e-07
3e-09	8.9	6	3.572e-07
1e-08	4.05	6	9.6758e-06
1e-08	4.05	6	9.8533e-06
1e-08	4.05	6	9.8774e-06
1e-08	4.05	6	9.9125e-06
1e-08	4.05	6	9.7387e-06
1e-08	4.05	6	9.9596e-06
0.707106781187	8.9	7	6.3248e-08
0.707106781187	8.9	7	6.3535e-08
0.707106781187	8.9	7	7.5569e-08
0.707106781187	8.9	7	6.6001e-08
0.707106781187	8.9	7	6.2195e-08
0.707106781187	8.9	7	9.3641e-08
0.0707106781187	11.65	7	2.6081e-08
0.0707106781187	11.65	7	2.6931e-08
0.0707106781187	11.65	7	1.8521e-08
0.0707106781187	11.65	7	1.2933e-08
0.0707106781187	11.65	7	1.3992e-08
0.0707106781187	11.65	7	3.9435e-08
5.47722557505e-09	6.65	7	1.3125e-09
5.47722557505e-09	6.65	7	1.3675e-09
5.47722557505e-09	6.65	7	1.0293e-09
5.47722557505e-09	6.65	7	1.2247e-09
5.47722557505e-09	6.65	7	7.9026e-10
5.47722557505e-09	6.65	7	8.1801e-10
0.5	4.05	7	1.6012e-07
0.5	4.05	7	1.3789e-07
0.5	4.05	7	2.1943e-07
0.5	4.05	7	1.6087e-07
0.5	4.05	7	1.7861e-07
0.5	4.05	7	1.8035e-07
5.47722557505e-08	11.65	6	7.6792e-08
5.47722557505e-08	11.65	6	9.7687e-08
5.47722557505e-08	11.65	6	8.3338e-08
5.47722557505e-08	11.65	6	9.1411e-08
5.47722557505e-08	11.65	6	9.021e-08
5.47722557505e-08	11.65	6	7.9642e-08
0.707106781187	4.05	6	2.4606e-07
0.707106781187	4.05	6	2.9689e-07
0.707106781187	4.05	6	2.4705e-07
0.707106781187	4.05	6	2.588e-07
0.707106781187	4.05	6	2.5204e-07
0.707106781187	4.05	6	2.6441e-07
5e-11	6.65	6	3.9523e-07
5e-11	6.65	6	4.0017e-07
5e-11	6.65	6	3.8088e-07
5e-11	6.65	6	4.1281e-07
5e-11	6.65	6	4.1763e-07
5e-11	6.65	6	4.2727e-07
1e-05	4.05	7	2.1979e-09
1e-05	4.05	7	1.8385e-09
1e-05	4.05	7	1.4055e-09
1e-05	4.05	7	2.4948e-09
1e-05	4.05	7	3.1074e-09
1e-05	4.05	7	1.4152e-09
5.47722557505e-07	6.65	7	2.5715e-09
5.47722557505e-07	6.65	7	1.0395e-09
5.47722557505e-07	6.65	7	8.5727e-10
5.47722557505e-07	6.65	7	1.6212e-09
5.47722557505e-07	6.65	7	2.1451e-09
5.47722557505e-07	6.65	7	5.4074e-10
5.47722557505e-08	4.05	7	3.5681e-09
5.47722557505e-08	4.05	7	2.3904e-09
5.47722557505e-08	4.05	7	2.2637e-09
5.47722557505e-08	4.05	7	2.1422e-09
5.47722557505e-08	4.05	7	3.2638e-09
5.47722557505e-08	4.05	7	1.756e-09
5e-11	4.05	7	1.4174e-09
5e-11	4.05	7	1.4022e-09
5e-11	4.05	7	1.9189e-09
5e-11	4.05	7	7.7431e-10
5e-11	4.05	7	2.2503e-09
5e-11	4.05	7	1.8134e-09
5.47722557505e-05	11.65	6	1.9121e-07
5.47722557505e-05	11.65	6	1.8342e-07
5.47722557505e-05	11.65	6	1.8801e-07
5.47722557505e-05	11.65	6	2.0419e-07
5.47722557505e-05	11.65	6	2.0092e-07
5.47722557505e-05	11.65	6	1.9612e-07
1e-08	2.0	7	2.7699e-13
1e-08	2.0	7	2.7304e-13
1e-08	2.0	7	2.6889e-13
1e-08	2.0	7	2.8605e-13
1e-08	2.0	7	2.8453e-13
1e-08	2.0	7	2.7426e-13
3e-08	2.0	7	8.8566e-13
3e-08	2.0	7	8.5775e-13
3e-08	2.0	7	8.5714e-13
3e-08	2.0	7	8.8152e-13
3e-08	2.0	7	8.1215e-13
3e-08	2.0	7	7.7901e-13
0.0141421356237	11.65	7	7.4158e-09
0.0141421356237	11.65	7	6.1152e-09
0.0141421356237	11.65	7	5.554e-09
0.0141421356237	11.65	7	3.4324e-09
0.0141421356237	11.65	7	4.031e-09
0.0141421356237	11.65	7	6.1259e-09
0.000173205080757	11.65	6	2.9389e-07
0.000173205080757	11.65	6	2.5512e-07
0.000173205080757	11.65	6	2.7462e-07
0.000173205080757	11.65	6	2.6945e-07
0.000173205080757	11.65	6	2.8852e-07
0.000173205080757	11.65	6	2.9328e-07
5.47722557505e-05	6.65	6	2.9959e-06
5.47722557505e-05	6.65	6	2.926e-06
5.47722557505e-05	6.65	6	3.0859e-06
5.47722557505e-05	6.65	6	2.9537e-06
5.47722557505e-05	6.65	6	2.8929e-06
5.47722557505e-05	6.65	6	2.8556e-06
1.73205080757e-06	4.05	6	9.5125e-06
1.73205080757e-06	4.05	6	9.361e-06
1.73205080757e-06	4.05	6	9.6962e-06
1.73205080757e-06	4.05	6	9.362e-06
1.73205080757e-06	4.05	6	9.6702e-06
1.73205080757e-06	4.05	6	9.4566e-06
0.002	6.65	7	2.3513e-09
0.002	6.65	7	2.3266e-09
0.002	6.65	7	2.121e-09
0.002	6.65	7	2.973e-09
0.002	6.65	7	2.19e-09
0.002	6.65	7	2.8691e-09
0.141421356237	2.0	6	2.8771e-07
0.141421356237	2.0	6	1.9364e-07
0.141421356237	2.0	6	2.8718e-07
0.141421356237	2.0	6	2.9924e-07
0.141421356237	2.0	6	3.0702e-07
0.141421356237	2.0	6	2.3166e-07
0.000547722557505	6.65	7	1.5617e-09
0.000547722557505	6.65	7	1.2081e-09
0.000547722557505	6.65	7	1.2882e-09
0.000547722557505	6.65	7	1.5809e-09
0.000547722557505	6.65	7	1.403e-09
0.000547722557505	6.65	7	1.4382e-09
5.47722557505e-05	8.9	6	8.4819e-07
5.47722557505e-05	8.9	6	9.4369e-07
5.47722557505e-05	8.9	6	8.7496e-07
5.47722557505e-05	8.9	6	8.816e-07
5.47722557505e-05	8.9	6	9.3747e-07
5.47722557505e-05	8.9	6	9.6446e-07
3e-07	2.0	7	7.9515e-12
3e-07	2.0	7	7.5304e-12
3e-07	2.0	7	8.6907e-12
3e-07	2.0	7	7.7574e-12
3e-07	2.0	7	7.9678e-12
3e-07	2.0	7	8.0179e-12
1e-07	4.05	7	1.404e-09
1e-07	4.05	7	7.9644e-10
1e-07	4.05	7	2.7796e-09
1e-07	4.05	7	2.0047e-09
1e-07	4.05	7	2.4444e-09
1e-07	4.05	7	2.3056e-09
0.002	5.4	7	4.4906e-09
0.002	5.4	7	4.2391e-09
0.002	5.4	7	3.8376e-09
0.002	5.4	7	4.2889e-09
0.002	5.4	7	3.7458e-09
0.002	5.4	7	3.6878e-09
1e-06	11.65	6	1.0832e-07
1e-06	11.65	6	1.0246e-07
1e-06	11.65	6	9.5977e-08
1e-06	11.65	6	1.1055e-07
1e-06	11.65	6	1.2117e-07
1e-06	11.65	6	1.2293e-07
1.73205080757e-05	2.0	7	4.6907e-10
1.73205080757e-05	2.0	7	4.5582e-10
1.73205080757e-05	2.0	7	4.4526e-10
1.73205080757e-05	2.0	7	4.5919e-10
1.73205080757e-05	2.0	7	4.389e-10
1.73205080757e-05	2.0	7	4.5218e-10
2.5e-11	4.05	7	9.211e-10
2.5e-11	4.05	7	1.1449e-09
2.5e-11	4.05	7	1.1495e-09
2.5e-11	4.05	7	5.4878e-10
2.5e-11	4.05	7	1.5424e-09
2.5e-11	4.05	7	1.3699e-09
3e-09	2.0	7	1.2747e-13
3e-09	2.0	7	1.4072e-13
3e-09	2.0	7	1.5008e-13
3e-09	2.0	7	1.4369e-13
3e-09	2.0	7	1.4542e-13
3e-09	2.0	7	1.3398e-13
1.73205080757e-07	4.05	7	1.9816e-09
1.73205080757e-07	4.05	7	1.9901e-09
1.73205080757e-07	4.05	7	2.3806e-09
1.73205080757e-07	4.05	7	4.6464e-09
1.73205080757e-07	4.05	7	2.713e-09
1.73205080757e-07	4.05	7	2.2879e-09
0.0707106781187	5.4	7	9.4118e-08
0.0707106781187	5.4	7	1.1966e-07
0.0707106781187	5.4	7	1.4656e-07
0.0707106781187	5.4	7	1.2184e-07
0.0707106781187	5.4	7	1.1087e-07
0.0707106781187	5.4	7	1.2436e-07
1.73205080757e-07	2.0	7	4.9182e-12
1.73205080757e-07	2.0	7	4.8457e-12
1.73205080757e-07	2.0	7	5.0479e-12
1.73205080757e-07	2.0	7	4.7104e-12
1.73205080757e-07	2.0	7	4.7279e-12
1.73205080757e-07	2.0	7	4.5744e-12
0.01	11.65	7	4.8693e-09
0.01	11.65	7	2.9153e-09
0.01	11.65	7	4.9755e-09
0.01	11.65	7	4.075e-09
0.01	11.65	7	6.2027e-09
0.01	11.65	7	3.2447e-09
3e-06	4.05	6	9.3012e-06
3e-06	4.05	6	9.3231e-06
3e-06	4.05	6	8.9586e-06
3e-06	4.05	6	9.3158e-06
3e-06	4.05	6	9.2491e-06
3e-06	4.05	6	9.3138e-06
5.47722557505e-09	11.65	6	6.877e-08
5.47722557505e-09	11.65	6	7.0566e-08
5.47722557505e-09	11.65	6	5.7337e-08
5.47722557505e-09	11.65	6	7.3502e-08
5.47722557505e-09	11.65	6	6.5723e-08
5.47722557505e-09	11.65	6	8.5022e-08
5.47722557505e-07	4.05	7	3.2081e-09
5.47722557505e-07	4.05	7	1.5618e-09
5.47722557505e-07	4.05	7	2.4344e-09
5.47722557505e-07	4.05	7	3.0344e-09
5.47722557505e-07	4.05	7	1.6491e-09
5.47722557505e-07	4.05	7	2.2107e-09
5.47722557505e-09	4.05	6	9.5392e-06
5.47722557505e-09	4.05	6	9.6265e-06
5.47722557505e-09	4.05	6	9.3773e-06
5.47722557505e-09	4.05	6	9.5771e-06
5.47722557505e-09	4.05	6	9.5226e-06
5.47722557505e-09	4.05	6	9.4936e-06
0.01	6.65	7	1.3503e-08
0.01	6.65	7	1.5371e-08
0.01	6.65	7	1.6067e-08
0.01	6.65	7	1.3046e-08
0.01	6.65	7	1.7068e-08
0.01	6.65	7	1.6157e-08
0.316227766017	11.65	6	1.0566e-07
0.316227766017	11.65	6	1.1917e-07
0.316227766017	11.65	6	1.054e-07
0.316227766017	11.65	6	9.2424e-08
0.316227766017	11.65	6	1.1722e-07
0.316227766017	11.65	6	1.0932e-07
0.01	5.4	6	6.8831e-07
0.01	5.4	6	7.4414e-07
0.01	5.4	6	7.0644e-07
0.01	5.4	6	6.7355e-07
0.01	5.4	6	7.3796e-07
0.01	5.4	6	7.3366e-07
0.707106781187	4.05	7	2.0854e-07
0.707106781187	4.05	7	2.0727e-07
0.707106781187	4.05	7	2.0226e-07
0.707106781187	4.05	7	1.7442e-07
0.707106781187	4.05	7	2.1171e-07
0.707106781187	4.05	7	1.4698e-07
0.5	8.9	7	6.0938e-08
0.5	8.9	7	5.4023e-08
0.5	8.9	7	4.2766e-08
0.5	8.9	7	5.6316e-08
0.5	8.9	7	7.9327e-08
0.5	8.9	7	6.901e-08
1e-06	4.05	7	1.505e-09
1e-06	4.05	7	1.557e-09
1e-06	4.05	7	2.3652e-09
1e-06	4.05	7	2.2708e-09
1e-06	4.05	7	2.0855e-09
1e-06	4.05	7	3.4303e-09
5.47722557505e-08	11.65	7	4.3537e-10
5.47722557505e-08	11.65	7	2.5243e-10
5.47722557505e-08	11.65	7	4.1854e-10
5.47722557505e-08	11.65	7	3.6945e-10
5.47722557505e-08	11.65	7	4.494e-11
5.47722557505e-08	11.65	7	1.0543e-10
1.0	8.9	6	1.463e-07
1.0	8.9	6	1.7563e-07
1.0	8.9	6	1.499e-07
1.0	8.9	6	1.5336e-07
1.0	8.9	6	1.5033e-07
1.0	8.9	6	1.2181e-07
0.1	2.0	6	1.6992e-07
0.1	2.0	6	2.168e-07
0.1	2.0	6	2.3258e-07
0.1	2.0	6	2.0605e-07
0.1	2.0	6	1.7511e-07
0.1	2.0	6	1.9293e-07
1.0	4.05	7	2.1697e-07
1.0	4.05	7	2.6605e-07
1.0	4.05	7	2.1835e-07
1.0	4.05	7	2.2483e-07
1.0	4.05	7	1.7534e-07
1.0	4.05	7	2.0634e-07
0.001	11.65	6	7.4679e-07
0.001	11.65	6	7.5852e-07
0.001	11.65	6	7.888e-07
0.001	11.65	6	8.2815e-07
0.001	11.65	6	8.2671e-07
0.001	11.65	6	6.9891e-07
3e-09	4.05	7	2.2012e-09
3e-09	4.05	7	1.8483e-09
3e-09	4.05	7	1.8273e-09
3e-09	4.05	7	4.2396e-09
3e-09	4.05	7	4.3284e-09
3e-09	4.05	7	3.3981e-09
1e-08	6.65	7	1.6848e-09
1e-08	6.65	7	5.0164e-10
1e-08	6.65	7	6.93e-10
1e-08	6.65	7	1.2316e-09
1e-08	6.65	7	1.5726e-09
1e-08	6.65	7	6.5956e-10
1.73205080757e-10	6.65	6	7.108e-07
1.73205080757e-10	6.65	6	7.1067e-07
1.73205080757e-10	6.65	6	6.7245e-07
1.73205080757e-10	6.65	6	6.8398e-07
1.73205080757e-10	6.65	6	6.7758e-07
1.73205080757e-10	6.65	6	6.1533e-07
0.001	8.9	6	2.0882e-06
0.001	8.9	6	1.9817e-06
0.001	8.9	6	1.9859e-06
0.001	8.9	6	1.9609e-06
0.001	8.9	6	2.0784e-06
0.001	8.9	6	2.0282e-06
0.000547722557505	11.65	7	6.7428e-10
0.000547722557505	11.65	7	7.5134e-10
0.000547722557505	11.65	7	8.2421e-10
0.000547722557505	11.65	7	1.1251e-09
0.000547722557505	11.65	7	2.9918e-14
0.000547722557505	11.65	7	1.9161e-09
3e-07	8.9	7	2.522e-10
3e-07	8.9	7	4.5002e-10
3e-07	8.9	7	5.429e-10
3e-07	8.9	7	5.8522e-10
3e-07	8.9	7	4.5648e-10
3e-07	8.9	7	9.3898e-10
0.0316227766017	11.65	6	2.5011e-07
0.0316227766017	11.65	6	2.3965e-07
0.0316227766017	11.65	6	2.289e-07
0.0316227766017	11.65	6	2.6692e-07
0.0316227766017	11.65	6	2.4267e-07
0.0316227766017	11.65	6	2.4638e-07
0.01	4.05	7	4.5235e-08
0.01	4.05	7	4.1614e-08
0.01	4.05	7	4.1774e-08
0.01	4.05	7	5.8363e-08
0.01	4.05	7	4.5521e-08
0.01	4.05	7	5.0977e-08
1.0	2.0	6	3.9621e-07
1.0	2.0	6	2.9471e-07
1.0	2.0	6	2.4287e-07
1.0	2.0	6	3.4452e-07
1.0	2.0	6	2.6726e-07
1.0	2.0	6	3.3819e-07
0.141421356237	2.0	7	1.6413e-07
0.141421356237	2.0	7	2.6104e-07
0.141421356237	2.0	7	1.9539e-07
0.141421356237	2.0	7	1.9984e-07
0.141421356237	2.0	7	2.3112e-07
0.141421356237	2.0	7	2.5872e-07
0.0001	5.4	7	3.3839e-09
0.0001	5.4	7	1.0327e-09
0.0001	5.4	7	1.5814e-09
0.0001	5.4	7	2.1731e-09
0.0001	5.4	7	1.4687e-09
0.0001	5.4	7	1.5777e-09
0.2	4.05	6	2.0477e-07
0.2	4.05	6	2.4253e-07
0.2	4.05	6	2.0123e-07
0.2	4.05	6	2.1422e-07
0.2	4.05	6	2.2331e-07
0.2	4.05	6	1.6297e-07
0.00632455532034	5.4	6	1.24e-06
0.00632455532034	5.4	6	1.24e-06
0.00632455532034	5.4	6	1.2228e-06
0.00632455532034	5.4	6	1.2536e-06
0.00632455532034	5.4	6	1.2453e-06
0.00632455532034	5.4	6	1.224e-06
5.47722557505e-07	6.65	6	2.3583e-06
5.47722557505e-07	6.65	6	2.4384e-06
5.47722557505e-07	6.65	6	2.4306e-06
5.47722557505e-07	6.65	6	2.3121e-06
5.47722557505e-07	6.65	6	2.3508e-06
5.47722557505e-07	6.65	6	2.3996e-06
0.000173205080757	4.05	7	2.1973e-09
0.000173205080757	4.05	7	1.0144e-09
0.000173205080757	4.05	7	2.0111e-09
0.000173205080757	4.05	7	1.8599e-09
0.000173205080757	4.05	7	7.3099e-10
0.000173205080757	4.05	7	1.8419e-09
0.0001	11.65	6	2.2814e-07
0.0001	11.65	6	2.1711e-07
0.0001	11.65	6	2.141e-07
0.0001	11.65	6	2.3773e-07
0.0001	11.65	6	2.2693e-07
0.0001	11.65	6	2.2965e-07
0.2	2.0	6	2.9104e-07
0.2	2.0	6	3.0801e-07
0.2	2.0	6	2.9461e-07
0.2	2.0	6	1.7398e-07
0.2	2.0	6	2.557e-07
0.2	2.0	6	2.0563e-07
1.73205080757e-06	11.65	7	2.4974e-10
1.73205080757e-06	11.65	7	3.2537e-10
1.73205080757e-06	11.65	7	4.1351e-10
1.73205080757e-06	11.65	7	9.6595e-11
1.73205080757e-06	11.65	7	1.0683e-10
1.73205080757e-06	11.65	7	1.0494e-10
1.73205080757e-07	2.0	6	2.2138e-06
1.73205080757e-07	2.0	6	2.2884e-06
1.73205080757e-07	2.0	6	2.3348e-06
1.73205080757e-07	2.0	6	2.2571e-06
1.73205080757e-07	2.0	6	2.1795e-06
1.73205080757e-07	2.0	6	2.3393e-06
0.316227766017	6.65	6	1.4609e-07
0.316227766017	6.65	6	1.3514e-07
0.316227766017	6.65	6	1.499e-07
0.316227766017	6.65	6	1.4034e-07
0.316227766017	6.65	6	1.5639e-07
0.316227766017	6.65	6	1.5205e-07
3e-09	6.65	6	1.4173e-06
3e-09	6.65	6	1.4341e-06
3e-09	6.65	6	1.3693e-06
3e-09	6.65	6	1.3697e-06
3e-09	6.65	6	1.3746e-06
3e-09	6.65	6	1.4064e-06
3e-06	6.65	6	2.4586e-06
3e-06	6.65	6	2.6003e-06
3e-06	6.65	6	2.5383e-06
3e-06	6.65	6	2.5478e-06
3e-06	6.65	6	2.5468e-06
3e-06	6.65	6	2.5958e-06
3e-05	5.4	7	2.5946e-09
3e-05	5.4	7	1.0652e-09
3e-05	5.4	7	2.1587e-09
3e-05	5.4	7	2.8563e-09
3e-05	5.4	7	4.9961e-10
3e-05	5.4	7	2.0762e-09
0.002	11.65	6	1.0007e-06
0.002	11.65	6	1.0311e-06
0.002	11.65	6	9.7623e-07
0.002	11.65	6	9.6996e-07
0.002	11.65	6	9.7863e-07
0.002	11.65	6	9.4093e-07
1e-09	2.0	7	1.5336e-13
1e-09	2.0	7	1.3848e-13
1e-09	2.0	7	1.5782e-13
1e-09	2.0	7	1.5369e-13
1e-09	2.0	7	1.5369e-13
1e-09	2.0	7	1.6229e-13
0.0141421356237	2.0	7	3.0142e-07
0.0141421356237	2.0	7	3.067e-07
0.0141421356237	2.0	7	2.9299e-07
0.0141421356237	2.0	7	3.3026e-07
0.0141421356237	2.0	7	2.8936e-07
0.0141421356237	2.0	7	3.2581e-07
0.000547722557505	8.9	6	1.8082e-06
0.000547722557505	8.9	6	1.7788e-06
0.000547722557505	8.9	6	1.7696e-06
0.000547722557505	8.9	6	1.7076e-06
0.000547722557505	8.9	6	1.7419e-06
0.000547722557505	8.9	6	1.7014e-06
0.0003	8.9	7	7.2686e-10
0.0003	8.9	7	7.7386e-10
0.0003	8.9	7	9.9112e-10
0.0003	8.9	7	1.0031e-09
0.0003	8.9	7	6.8072e-10
0.0003	8.9	7	6.0733e-10
0.001	6.65	7	1.524e-09
0.001	6.65	7	1.4815e-09
0.001	6.65	7	1.7167e-09
0.001	6.65	7	1.9786e-09
0.001	6.65	7	1.9472e-09
0.001	6.65	7	1.5252e-09
5.47722557505e-05	4.05	6	7.9608e-06
5.47722557505e-05	4.05	6	7.8782e-06
5.47722557505e-05	4.05	6	8.0235e-06
5.47722557505e-05	4.05	6	7.9628e-06
5.47722557505e-05	4.05	6	7.8772e-06
5.47722557505e-05	4.05	6	7.943e-06
0.01	6.65	6	7.8159e-07
0.01	6.65	6	7.7769e-07
0.01	6.65	6	8.2307e-07
0.01	6.65	6	7.5338e-07
0.01	6.65	6	8.1067e-07
0.01	6.65	6	8.4542e-07
1.0	5.4	7	1.6329e-07
1.0	5.4	7	1.7436e-07
1.0	5.4	7	2.0686e-07
1.0	5.4	7	1.3054e-07
1.0	5.4	7	1.5986e-07
1.0	5.4	7	1.1611e-07
0.0707106781187	2.0	7	2.5804e-07
0.0707106781187	2.0	7	2.9475e-07
0.0707106781187	2.0	7	3.1322e-07
0.0707106781187	2.0	7	1.885e-07
0.0707106781187	2.0	7	2.8363e-07
0.0707106781187	2.0	7	2.6004e-07
1e-06	8.9	6	6.0734e-07
1e-06	8.9	6	6.1032e-07
1e-06	8.9	6	5.9004e-07
1e-06	8.9	6	6.2522e-07
1e-06	8.9	6	6.4922e-07
1e-06	8.9	6	6.3005e-07
2.5e-11	6.65	7	2.9799e-10
2.5e-11	6.65	7	5.2331e-10
2.5e-11	6.65	7	4.6747e-10
2.5e-11	6.65	7	3.1933e-10
2.5e-11	6.65	7	9.5148e-10
2.5e-11	6.65	7	2.6378e-10
1e-09	11.65	6	5.8996e-08
1e-09	11.65	6	5.0972e-08
1e-09	11.65	6	4.8014e-08
1e-09	11.65	6	4.1532e-08
1e-09	11.65	6	3.6704e-08
1e-09	11.65	6	3.9821e-08
5.47722557505e-07	5.4	7	9.927e-10
5.47722557505e-07	5.4	7	3.1675e-09
5.47722557505e-07	5.4	7	1.2676e-09
5.47722557505e-07	5.4	7	2.6464e-09
5.47722557505e-07	5.4	7	9.8717e-10
5.47722557505e-07	5.4	7	1.7076e-09
1.73205080757e-05	8.9	7	9.6969e-10
1.73205080757e-05	8.9	7	6.9309e-10
1.73205080757e-05	8.9	7	3.7353e-10
1.73205080757e-05	8.9	7	8.6139e-10
1.73205080757e-05	8.9	7	9.3079e-10
1.73205080757e-05	8.9	7	9.1729e-10
0.1	4.05	6	2.5277e-07
0.1	4.05	6	2.4925e-07
0.1	4.05	6	2.4521e-07
0.1	4.05	6	2.7014e-07
0.1	4.05	6	2.6311e-07
0.1	4.05	6	2.658e-07
0.05	4.05	6	2.6355e-07
0.05	4.05	6	2.6289e-07
0.05	4.05	6	2.5495e-07
0.05	4.05	6	2.9088e-07
0.05	4.05	6	3.1627e-07
0.05	4.05	6	2.7797e-07
1.73205080757e-06	2.0	7	4.2674e-11
1.73205080757e-06	2.0	7	4.2179e-11
1.73205080757e-06	2.0	7	4.4683e-11
1.73205080757e-06	2.0	7	4.0524e-11
1.73205080757e-06	2.0	7	4.0734e-11
1.73205080757e-06	2.0	7	4.3223e-11
1e-07	11.65	6	7.1693e-08
1e-07	11.65	6	8.3417e-08
1e-07	11.65	6	8.947e-08
1e-07	11.65	6	7.9662e-08
1e-07	11.65	6	8.7844e-08
1e-07	11.65	6	1.005e-07
5.47722557505e-09	11.65	7	1.8618e-10
5.47722557505e-09	11.65	7	3.1342e-10
5.47722557505e-09	11.65	7	1.8368e-11
5.47722557505e-09	11.65	7	5.1481e-10
5.47722557505e-09	11.65	7	8.3847e-11
5.47722557505e-09	11.65	7	1.0287e-09
3e-06	11.65	6	1.3733e-07
3e-06	11.65	6	1.5452e-07
3e-06	11.65	6	1.1544e-07
3e-06	11.65	6	1.1317e-07
3e-06	11.65	6	1.3247e-07
3e-06	11.65	6	1.1948e-07
0.707106781187	2.0	7	3.9361e-07
0.707106781187	2.0	7	2.3581e-07
0.707106781187	2.0	7	4.5191e-07
0.707106781187	2.0	7	3.3425e-07
0.707106781187	2.0	7	2.6029e-07
0.707106781187	2.0	7	2.8696e-07
0.0003	2.0	6	3.9827e-07
0.0003	2.0	6	3.8701e-07
0.0003	2.0	6	3.9009e-07
0.0003	2.0	6	3.6614e-07
0.0003	2.0	6	4.0668e-07
0.0003	2.0	6	3.8608e-07
5.47722557505e-09	6.65	6	1.6464e-06
5.47722557505e-09	6.65	6	1.6303e-06
5.47722557505e-09	6.65	6	1.6682e-06
5.47722557505e-09	6.65	6	1.6549e-06
5.47722557505e-09	6.65	6	1.6896e-06
5.47722557505e-09	6.65	6	1.5903e-06
1.73205080757e-10	8.9	7	1.6142e-10
1.73205080757e-10	8.9	7	2.994e-10
1.73205080757e-10	8.9	7	3.1045e-10
1.73205080757e-10	8.9	7	2.6872e-10
1.73205080757e-10	8.9	7	6.4841e-10
1.73205080757e-10	8.9	7	3.5007e-11
0.001	2.0	6	9.4913e-08
0.001	2.0	6	1.0083e-07
0.001	2.0	6	1.0792e-07
0.001	2.0	6	9.5141e-08
0.001	2.0	6	9.5164e-08
0.001	2.0	6	9.3297e-08
0.05	11.65	6	1.8626e-07
0.05	11.65	6	1.5395e-07
0.05	11.65	6	1.8539e-07
0.05	11.65	6	1.7972e-07
0.05	11.65	6	1.6252e-07
0.05	11.65	6	1.8453e-07
0.1	8.9	7	7.7061e-08
0.1	8.9	7	4.0888e-08
0.1	8.9	7	4.9754e-08
0.1	8.9	7	4.0049e-08
0.1	8.9	7	2.5016e-08
0.1	8.9	7	6.3797e-08
1e-10	2.0	6	3.5023e-05
1e-10	2.0	6	3.52e-05
1e-10	2.0	6	3.5841e-05
1e-10	2.0	6	3.5486e-05
1e-10	2.0	6	3.5007e-05
1e-10	2.0	6	3.5372e-05
0.001	4.05	7	3.6468e-09
0.001	4.05	7	3.5777e-09
0.001	4.05	7	5.2316e-09
0.001	4.05	7	4.2135e-09
0.001	4.05	7	3.7342e-09
0.001	4.05	7	3.8128e-09
0.0707106781187	2.0	6	2.6481e-07
0.0707106781187	2.0	6	2.6948e-07
0.0707106781187	2.0	6	3.0431e-07
0.0707106781187	2.0	6	2.7647e-07
0.0707106781187	2.0	6	2.8194e-07
0.0707106781187	2.0	6	2.2873e-07
0.0141421356237	4.05	7	5.4367e-08
0.0141421356237	4.05	7	6.6843e-08
0.0141421356237	4.05	7	6.2032e-08
0.0141421356237	4.05	7	6.7448e-08
0.0141421356237	4.05	7	5.6165e-08
0.0141421356237	4.05	7	6.2699e-08
1e-08	11.65	6	7.9776e-08
1e-08	11.65	6	6.5817e-08
1e-08	11.65	6	7.4861e-08
1e-08	11.65	6	7.6915e-08
1e-08	11.65	6	7.3343e-08
1e-08	11.65	6	7.1948e-08
1.0	6.65	7	1.3034e-07
1.0	6.65	7	1.0845e-07
1.0	6.65	7	1.5967e-07
1.0	6.65	7	1.2324e-07
1.0	6.65	7	8.8629e-08
1.0	6.65	7	1.2548e-07
0.02	4.05	6	3.9648e-07
0.02	4.05	6	4.2093e-07
0.02	4.05	6	3.8093e-07
0.02	4.05	6	4.2673e-07
0.02	4.05	6	3.852e-07
0.02	4.05	6	3.9772e-07
1.73205080757e-09	4.05	6	7.9655e-06
1.73205080757e-09	4.05	6	8.0748e-06
1.73205080757e-09	4.05	6	8.2553e-06
1.73205080757e-09	4.05	6	8.1229e-06
1.73205080757e-09	4.05	6	7.818e-06
1.73205080757e-09	4.05	6	8.0576e-06
0.00632455532034	4.05	6	9.023e-07
0.00632455532034	4.05	6	9.0462e-07
0.00632455532034	4.05	6	8.4723e-07
0.00632455532034	4.05	6	8.601e-07
0.00632455532034	4.05	6	8.6568e-07
0.00632455532034	4.05	6	8.683e-07
1.73205080757e-08	11.65	7	4.0424e-10
1.73205080757e-08	11.65	7	3.7215e-10
1.73205080757e-08	11.65	7	8.8485e-11
1.73205080757e-08	11.65	7	5.8457e-10
1.73205080757e-08	11.65	7	6.2584e-12
1.73205080757e-08	11.65	7	4.9319e-10
0.00632455532034	4.05	7	3.2564e-08
0.00632455532034	4.05	7	3.0938e-08
0.00632455532034	4.05	7	2.891e-08
0.00632455532034	4.05	7	3.5039e-08
0.00632455532034	4.05	7	3.1138e-08
0.00632455532034	4.05	7	2.8874e-08
1e-09	2.0	6	2.2207e-05
1e-09	2.0	6	2.2317e-05
1e-09	2.0	6	2.1776e-05
1e-09	2.0	6	2.2171e-05
1e-09	2.0	6	2.2031e-05
1e-09	2.0	6	2.1996e-05
3e-08	4.05	7	3.2034e-09
3e-08	4.05	7	2.8465e-09
3e-08	4.05	7	2.1286e-09
3e-08	4.05	7	3.2027e-09
3e-08	4.05	7	3.3927e-09
3e-08	4.05	7	2.5238e-09
1.73205080757e-09	6.65	6	1.3875e-06
1.73205080757e-09	6.65	6	1.2766e-06
1.73205080757e-09	6.65	6	1.1915e-06
1.73205080757e-09	6.65	6	1.3061e-06
1.73205080757e-09	6.65	6	1.2297e-06
1.73205080757e-09	6.65	6	1.2332e-06
1e-09	8.9	6	2.8551e-07
1e-09	8.9	6	2.5372e-07
1e-09	8.9	6	2.9819e-07
1e-09	8.9	6	2.8114e-07
1e-09	8.9	6	3.1732e-07
1e-09	8.9	6	2.7092e-07
3e-10	11.65	7	2.9273e-16
3e-10	11.65	7	1.9756e-10
3e-10	11.65	7	6.5983e-11
3e-10	11.65	7	3.1033e-10
3e-10	11.65	7	3.2756e-10
3e-10	11.65	7	1.0022e-15
0.02	2.0	7	3.2994e-07
0.02	2.0	7	2.9878e-07
0.02	2.0	7	3.1133e-07
0.02	2.0	7	3.2523e-07
0.02	2.0	7	3.0163e-07
0.02	2.0	7	3.4179e-07
3e-08	5.4	7	2.3623e-09
3e-08	5.4	7	1.1634e-09
3e-08	5.4	7	1.6197e-09
3e-08	5.4	7	1.2205e-09
3e-08	5.4	7	2.3037e-09
3e-08	5.4	7	1.4442e-09
0.2	5.4	7	1.0332e-07
0.2	5.4	7	1.0478e-07
0.2	5.4	7	1.1769e-07
0.2	5.4	7	8.084e-08
0.2	5.4	7	8.9884e-08
0.2	5.4	7	1.2218e-07
0.707106781187	11.65	7	4.8186e-08
0.707106781187	11.65	7	4.3953e-08
0.707106781187	11.65	7	4.8419e-08
0.707106781187	11.65	7	4.5515e-08
0.707106781187	11.65	7	4.0299e-08
0.707106781187	11.65	7	5.0444e-08
0.0001	11.65	7	1.5843e-10
0.0001	11.65	7	1.257e-10
0.0001	11.65	7	3.5842e-10
0.0001	11.65	7	1.1029e-10
0.0001	11.65	7	2.469e-10
0.0001	11.65	7	2.3112e-10
5e-11	4.05	6	2.6066e-06
5e-11	4.05	6	2.6556e-06
5e-11	4.05	6	2.5788e-06
5e-11	4.05	6	2.555e-06
5e-11	4.05	6	2.4384e-06
5e-11	4.05	6	2.4587e-06
0.707106781187	6.65	7	1.2068e-07
0.707106781187	6.65	7	9.1064e-08
0.707106781187	6.65	7	1.1255e-07
0.707106781187	6.65	7	1.1687e-07
0.707106781187	6.65	7	9.7805e-08
0.707106781187	6.65	7	1.0752e-07
0.2	2.0	7	2.3784e-07
0.2	2.0	7	1.7971e-07
0.2	2.0	7	3.2647e-07
0.2	2.0	7	1.9488e-07
0.2	2.0	7	2.4508e-07
0.2	2.0	7	2.2385e-07
1.73205080757e-08	6.65	6	1.8307e-06
1.73205080757e-08	6.65	6	1.7518e-06
1.73205080757e-08	6.65	6	1.8536e-06
1.73205080757e-08	6.65	6	1.8133e-06
1.73205080757e-08	6.65	6	1.8462e-06
1.73205080757e-08	6.65	6	1.7946e-06
1e-07	2.0	6	3.4928e-06
1e-07	2.0	6	3.4212e-06
1e-07	2.0	6	3.4012e-06
1e-07	2.0	6	3.2489e-06
1e-07	2.0	6	3.3829e-06
1e-07	2.0	6	3.3875e-06
5.47722557505e-08	2.0	7	1.3337e-12
5.47722557505e-08	2.0	7	1.4792e-12
5.47722557505e-08	2.0	7	1.3022e-12
5.47722557505e-08	2.0	7	1.3092e-12
5.47722557505e-08	2.0	7	1.386e-12
5.47722557505e-08	2.0	7	1.3518e-12
5.47722557505e-10	5.4	7	1.2434e-09
5.47722557505e-10	5.4	7	1.7056e-09
5.47722557505e-10	5.4	7	7.9783e-10
5.47722557505e-10	5.4	7	1.49e-09
5.47722557505e-10	5.4	7	1.4896e-09
5.47722557505e-10	5.4	7	1.1455e-09
0.001	4.05	6	3.9842e-06
0.001	4.05	6	4.278e-06
0.001	4.05	6	4.1345e-06
0.001	4.05	6	3.9427e-06
0.001	4.05	6	3.9268e-06
0.001	4.05	6	3.8301e-06
0.00632455532034	2.0	6	2.4148e-07
0.00632455532034	2.0	6	2.3783e-07
0.00632455532034	2.0	6	2.2967e-07
0.00632455532034	2.0	6	2.6106e-07
0.00632455532034	2.0	6	2.7611e-07
0.00632455532034	2.0	6	2.4758e-07
1e-08	2.0	6	9.182e-06
1e-08	2.0	6	9.3171e-06
1e-08	2.0	6	9.1914e-06
1e-08	2.0	6	9.1961e-06
1e-08	2.0	6	9.3092e-06
1e-08	2.0	6	9.3768e-06
1.73205080757e-10	2.0	6	3.396e-05
1.73205080757e-10	2.0	6	3.4206e-05
1.73205080757e-10	2.0	6	3.3605e-05
1.73205080757e-10	2.0	6	3.3867e-05
1.73205080757e-10	2.0	6	3.3718e-05
1.73205080757e-10	2.0	6	3.3999e-05
0.02	8.9	7	1.7809e-08
0.02	8.9	7	1.1445e-08
0.02	8.9	7	2.1949e-08
0.02	8.9	7	1.9695e-08
0.02	8.9	7	2.1274e-08
0.02	8.9	7	1.8879e-08
3e-09	6.65	7	5.2936e-10
3e-09	6.65	7	4.1179e-10
3e-09	6.65	7	1.1397e-09
3e-09	6.65	7	8.7001e-10
3e-09	6.65	7	5.0252e-10
3e-09	6.65	7	4.8472e-10
3e-10	8.9	6	2.0768e-07
3e-10	8.9	6	1.6344e-07
3e-10	8.9	6	1.8051e-07
3e-10	8.9	6	1.8997e-07
3e-10	8.9	6	1.9128e-07
3e-10	8.9	6	1.8727e-07
1.73205080757e-05	11.65	6	1.5207e-07
1.73205080757e-05	11.65	6	1.6106e-07
1.73205080757e-05	11.65	6	1.7852e-07
1.73205080757e-05	11.65	6	1.2648e-07
1.73205080757e-05	11.65	6	1.5949e-07
1.73205080757e-05	11.65	6	1.8711e-07
5.47722557505e-06	5.4	6	5.0302e-06
5.47722557505e-06	5.4	6	4.9721e-06
5.47722557505e-06	5.4	6	4.8692e-06
5.47722557505e-06	5.4	6	5.0112e-06
5.47722557505e-06	5.4	6	4.9906e-06
5.47722557505e-06	5.4	6	5.0796e-06
0.0707106781187	11.65	6	1.5105e-07
0.0707106781187	11.65	6	1.5874e-07
0.0707106781187	11.65	6	1.5395e-07
0.0707106781187	11.65	6	1.4822e-07
0.0707106781187	11.65	6	1.5064e-07
0.0707106781187	11.65	6	1.5262e-07
0.5	11.65	6	1.2194e-07
0.5	11.65	6	1.0455e-07
0.5	11.65	6	1.2275e-07
0.5	11.65	6	1.0718e-07
0.5	11.65	6	8.0024e-08
0.5	11.65	6	9.9483e-08
0.0316227766017	8.9	7	2.9571e-08
0.0316227766017	8.9	7	3.5765e-08
0.0316227766017	8.9	7	4.3815e-08
0.0316227766017	8.9	7	2.3451e-08
0.0316227766017	8.9	7	3.196e-08
0.0316227766017	8.9	7	3.424e-08
1.73205080757e-10	4.05	7	2.1961e-09
1.73205080757e-10	4.05	7	3.2764e-09
1.73205080757e-10	4.05	7	1.4616e-09
1.73205080757e-10	4.05	7	2.5686e-09
1.73205080757e-10	4.05	7	1.8357e-09
1.73205080757e-10	4.05	7	1.8596e-09
3e-06	2.0	6	5.6228e-07
3e-06	2.0	6	5.7865e-07
3e-06	2.0	6	6.1002e-07
3e-06	2.0	6	6.2013e-07
3e-06	2.0	6	5.9124e-07
3e-06	2.0	6	6.2531e-07
1.73205080757e-05	6.65	6	2.6534e-06
1.73205080757e-05	6.65	6	2.8066e-06
1.73205080757e-05	6.65	6	2.6784e-06
1.73205080757e-05	6.65	6	2.8041e-06
1.73205080757e-05	6.65	6	2.7576e-06
1.73205080757e-05	6.65	6	2.7696e-06
2.5e-11	11.65	7	4.9528e-11
2.5e-11	11.65	7	3.1182e-15
2.5e-11	11.65	7	0.0
2.5e-11	11.65	7	0.0
2.5e-11	11.65	7	5.3869e-11
2.5e-11	11.65	7	4.2942e-10
1e-07	5.4	6	4.7225e-06
1e-07	5.4	6	4.5617e-06
1e-07	5.4	6	4.6763e-06
1e-07	5.4	6	4.6895e-06
1e-07	5.4	6	4.635e-06
1e-07	5.4	6	4.5262e-06
3e-06	11.65	7	8.3899e-10
3e-06	11.65	7	1.5249e-11
3e-06	11.65	7	8.033e-10
3e-06	11.65	7	2.3565e-10
3e-06	11.65	7	5.0413e-10
3e-06	11.65	7	3.3762e-11
0.5	6.65	6	1.2103e-07
0.5	6.65	6	1.6294e-07
0.5	6.65	6	1.4431e-07
0.5	6.65	6	1.9064e-07
0.5	6.65	6	1.5024e-07
0.5	6.65	6	1.7619e-07
0.5	6.65	7	8.2172e-08
0.5	6.65	7	1.0823e-07
0.5	6.65	7	1.0488e-07
0.5	6.65	7	1.1109e-07
0.5	6.65	7	1.0029e-07
0.5	6.65	7	9.8739e-08
3e-05	11.65	6	1.578e-07
3e-05	11.65	6	1.6736e-07
3e-05	11.65	6	1.7106e-07
3e-05	11.65	6	1.4992e-07
3e-05	11.65	6	1.6778e-07
3e-05	11.65	6	1.7199e-07
0.00632455532034	11.65	6	7.8677e-07
0.00632455532034	11.65	6	8.0509e-07
0.00632455532034	11.65	6	8.3975e-07
0.00632455532034	11.65	6	8.0996e-07
0.00632455532034	11.65	6	7.794e-07
0.00632455532034	11.65	6	8.3451e-07
3e-10	5.4	7	5.681e-10
3e-10	5.4	7	1.283e-09
3e-10	5.4	7	1.0605e-09
3e-10	5.4	7	1.5736e-09
3e-10	5.4	7	6.6915e-10
3e-10	5.4	7	9.937e-10
5.47722557505e-07	8.9	6	5.3319e-07
5.47722557505e-07	8.9	6	5.9275e-07
5.47722557505e-07	8.9	6	6.4366e-07
5.47722557505e-07	8.9	6	6.2811e-07
5.47722557505e-07	8.9	6	5.8187e-07
5.47722557505e-07	8.9	6	5.7529e-07
5.47722557505e-06	4.05	7	1.3909e-09
5.47722557505e-06	4.05	7	1.9334e-09
5.47722557505e-06	4.05	7	1.651e-09
5.47722557505e-06	4.05	7	1.2783e-09
5.47722557505e-06	4.05	7	2.9171e-09
5.47722557505e-06	4.05	7	2.8959e-09
0.002	5.4	6	2.9863e-06
0.002	5.4	6	2.9398e-06
0.002	5.4	6	2.8756e-06
0.002	5.4	6	3.017e-06
0.002	5.4	6	2.9507e-06
0.002	5.4	6	2.9961e-06
1e-07	8.9	6	4.816e-07
1e-07	8.9	6	4.7865e-07
1e-07	8.9	6	5.0385e-07
1e-07	8.9	6	5.1191e-07
1e-07	8.9	6	5.1302e-07
1e-07	8.9	6	5.1067e-07
5.47722557505e-06	6.65	6	2.4835e-06
5.47722557505e-06	6.65	6	2.6025e-06
5.47722557505e-06	6.65	6	2.6031e-06
5.47722557505e-06	6.65	6	2.5422e-06
5.47722557505e-06	6.65	6	2.5675e-06
5.47722557505e-06	6.65	6	2.6299e-06
0.000547722557505	2.0	7	1.55e-08
0.000547722557505	2.0	7	1.5288e-08
0.000547722557505	2.0	7	1.6315e-08
0.000547722557505	2.0	7	1.5797e-08
0.000547722557505	2.0	7	1.5162e-08
0.000547722557505	2.0	7	1.522e-08
0.316227766017	2.0	6	2.0862e-07
0.316227766017	2.0	6	2.6399e-07
0.316227766017	2.0	6	2.3734e-07
0.316227766017	2.0	6	1.6378e-07
0.316227766017	2.0	6	1.5908e-07
0.316227766017	2.0	6	2.7726e-07
1e-09	5.4	7	1.2283e-09
1e-09	5.4	7	1.1938e-09
1e-09	5.4	7	1.5624e-09
1e-09	5.4	7	1.4261e-09
1e-09	5.4	7	7.3551e-10
1e-09	5.4	7	2.5175e-09
0.141421356237	6.65	6	1.5074e-07
0.141421356237	6.65	6	1.9426e-07
0.141421356237	6.65	6	1.614e-07
0.141421356237	6.65	6	1.6955e-07
0.141421356237	6.65	6	1.5828e-07
0.141421356237	6.65	6	2.0473e-07
1e-06	2.0	7	2.7455e-11
1e-06	2.0	7	2.7476e-11
1e-06	2.0	7	2.9674e-11
1e-06	2.0	7	2.6553e-11
1e-06	2.0	7	2.9015e-11
1e-06	2.0	7	2.6019e-11
3e-05	6.65	6	2.642e-06
3e-05	6.65	6	2.9351e-06
3e-05	6.65	6	2.8933e-06
3e-05	6.65	6	2.8825e-06
3e-05	6.65	6	2.7931e-06
3e-05	6.65	6	2.8726e-06
0.5	5.4	7	1.2626e-07
0.5	5.4	7	1.4843e-07
0.5	5.4	7	1.253e-07
0.5	5.4	7	1.0539e-07
0.5	5.4	7	1.1925e-07
0.5	5.4	7	1.1269e-07
3e-05	2.0	6	2.0775e-07
3e-05	2.0	6	1.9536e-07
3e-05	2.0	6	2.372e-07
3e-05	2.0	6	1.8987e-07
3e-05	2.0	6	2.0969e-07
3e-05	2.0	6	1.9607e-07
1.73205080757e-09	11.65	7	4.0864e-10
1.73205080757e-09	11.65	7	3.8583e-10
1.73205080757e-09	11.65	7	6.8688e-10
1.73205080757e-09	11.65	7	1.1929e-11
1.73205080757e-09	11.65	7	3.2045e-13
1.73205080757e-09	11.65	7	1.4095e-10
0.2	6.65	7	8.1972e-08
0.2	6.65	7	6.5039e-08
0.2	6.65	7	7.1829e-08
0.2	6.65	7	1.0858e-07
0.2	6.65	7	8.3826e-08
0.2	6.65	7	7.4951e-08
0.02	11.65	6	3.9907e-07
0.02	11.65	6	4.3422e-07
0.02	11.65	6	3.9678e-07
0.02	11.65	6	4.1044e-07
0.02	11.65	6	4.7127e-07
0.02	11.65	6	4.2934e-07
1e-09	4.05	7	3.271e-09
1e-09	4.05	7	3.4859e-09
1e-09	4.05	7	1.5542e-09
1e-09	4.05	7	2.5998e-09
1e-09	4.05	7	2.9609e-09
1e-09	4.05	7	2.059e-09
5.47722557505e-10	2.0	6	2.5882e-05
5.47722557505e-10	2.0	6	2.5588e-05
5.47722557505e-10	2.0	6	2.5831e-05
5.47722557505e-10	2.0	6	2.5865e-05
5.47722557505e-10	2.0	6	2.5793e-05
5.47722557505e-10	2.0	6	2.6135e-05
0.1	6.65	7	9.5202e-08
0.1	6.65	7	1.0633e-07
0.1	6.65	7	7.8746e-08
0.1	6.65	7	9.3549e-08
0.1	6.65	7	6.9391e-08
0.1	6.65	7	6.1156e-08
1.73205080757e-10	8.9	6	1.6884e-07
1.73205080757e-10	8.9	6	1.7843e-07
1.73205080757e-10	8.9	6	1.8675e-07
1.73205080757e-10	8.9	6	1.6106e-07
1.73205080757e-10	8.9	6	1.3547e-07
1.73205080757e-10	8.9	6	1.4819e-07
3e-08	8.9	6	4.9294e-07
3e-08	8.9	6	4.4925e-07
3e-08	8.9	6	4.9501e-07
3e-08	8.9	6	4.621e-07
3e-08	8.9	6	4.7855e-07
3e-08	8.9	6	4.861e-07
0.141421356237	8.9	6	1.3958e-07
0.141421356237	8.9	6	1.8322e-07
0.141421356237	8.9	6	1.5698e-07
0.141421356237	8.9	6	1.5536e-07
0.141421356237	8.9	6	1.4918e-07
0.141421356237	8.9	6	1.4192e-07
3e-08	11.65	6	9.6157e-08
3e-08	11.65	6	9.2506e-08
3e-08	11.65	6	9.6175e-08
3e-08	11.65	6	5.7486e-08
3e-08	11.65	6	7.8376e-08
3e-08	11.65	6	8.9334e-08
3e-07	4.05	6	1.0393e-05
3e-07	4.05	6	1.0239e-05
3e-07	4.05	6	1.0015e-05
3e-07	4.05	6	1.0126e-05
3e-07	4.05	6	1.0163e-05
3e-07	4.05	6	9.7352e-06
0.0001	8.9	7	7.3539e-10
0.0001	8.9	7	1.5639e-09
0.0001	8.9	7	1.1099e-09
0.0001	8.9	7	1.0466e-09
0.0001	8.9	7	1.5538e-09
0.0001	8.9	7	3.097e-10
1.73205080757e-08	11.65	6	8.6089e-08
1.73205080757e-08	11.65	6	8.363e-08
1.73205080757e-08	11.65	6	6.5798e-08
1.73205080757e-08	11.65	6	8.4904e-08
1.73205080757e-08	11.65	6	8.9404e-08
1.73205080757e-08	11.65	6	8.6324e-08
1.73205080757e-06	5.4	7	2.451e-09
1.73205080757e-06	5.4	7	1.2256e-09
1.73205080757e-06	5.4	7	1.2897e-09
1.73205080757e-06	5.4	7	2.1713e-09
1.73205080757e-06	5.4	7	1.5107e-09
1.73205080757e-06	5.4	7	1.1695e-09
0.707106781187	5.4	7	1.2829e-07
0.707106781187	5.4	7	1.3994e-07
0.707106781187	5.4	7	9.0553e-08
0.707106781187	5.4	7	1.903e-07
0.707106781187	5.4	7	1.3097e-07
0.707106781187	5.4	7	1.422e-07
0.01	5.4	7	2.202e-08
0.01	5.4	7	2.3891e-08
0.01	5.4	7	2.8157e-08
0.01	5.4	7	2.46e-08
0.01	5.4	7	2.7094e-08
0.01	5.4	7	3.319e-08
0.001	5.4	6	4.1891e-06
0.001	5.4	6	4.1908e-06
0.001	5.4	6	4.2235e-06
0.001	5.4	6	4.3843e-06
0.001	5.4	6	4.3515e-06
0.001	5.4	6	4.1631e-06
0.707106781187	2.0	6	3.6045e-07
0.707106781187	2.0	6	3.2193e-07
0.707106781187	2.0	6	3.7405e-07
0.707106781187	2.0	6	2.9198e-07
0.707106781187	2.0	6	3.6934e-07
0.707106781187	2.0	6	3.5675e-07
3e-08	11.65	7	3.8469e-10
3e-08	11.65	7	1.8031e-10
3e-08	11.65	7	3.8999e-10
3e-08	11.65	7	2.7273e-11
3e-08	11.65	7	5.1758e-15
3e-08	11.65	7	3.0905e-10
1e-06	8.9	7	5.2105e-10
1e-06	8.9	7	2.5898e-10
1e-06	8.9	7	6.5927e-10
1e-06	8.9	7	7.8397e-10
1e-06	8.9	7	1.0455e-09
1e-06	8.9	7	5.0976e-10
5.47722557505e-06	5.4	7	1.8493e-09
5.47722557505e-06	5.4	7	1.5784e-09
5.47722557505e-06	5.4	7	1.0051e-09
5.47722557505e-06	5.4	7	1.2073e-09
5.47722557505e-06	5.4	7	1.8013e-09
5.47722557505e-06	5.4	7	1.1443e-09
3e-08	6.65	7	2.0897e-09
3e-08	6.65	7	5.6375e-10
3e-08	6.65	7	1.1762e-09
3e-08	6.65	7	8.7004e-10
3e-08	6.65	7	1.0292e-09
3e-08	6.65	7	1.3614e-09
1e-10	8.9	7	5.5433e-10
1e-10	8.9	7	1.355e-10
1e-10	8.9	7	1.5279e-10
1e-10	8.9	7	3.457e-10
1e-10	8.9	7	1.6217e-10
1e-10	8.9	7	2.5556e-10
1e-05	11.65	6	1.5975e-07
1e-05	11.65	6	1.3093e-07
1e-05	11.65	6	1.404e-07
1e-05	11.65	6	1.5326e-07
1e-05	11.65	6	1.4832e-07
1e-05	11.65	6	1.6413e-07
5.47722557505e-08	8.9	7	7.8798e-10
5.47722557505e-08	8.9	7	8.0025e-11
5.47722557505e-08	8.9	7	3.858e-10
5.47722557505e-08	8.9	7	1.0688e-09
5.47722557505e-08	8.9	7	4.8648e-10
5.47722557505e-08	8.9	7	8.3619e-10
5.47722557505e-10	6.65	7	1.1475e-09
5.47722557505e-10	6.65	7	4.952e-10
5.47722557505e-10	6.65	7	9.7645e-10
5.47722557505e-10	6.65	7	1.0909e-09
5.47722557505e-10	6.65	7	5.1475e-10
5.47722557505e-10	6.65	7	7.1684e-10
0.000173205080757	5.4	7	1.6476e-09
0.000173205080757	5.4	7	1.1449e-09
0.000173205080757	5.4	7	1.9727e-09
0.000173205080757	5.4	7	1.4007e-09
0.000173205080757	5.4	7	1.7057e-09
0.000173205080757	5.4	7	1.206e-09
0.002	2.0	6	1.2918e-07
0.002	2.0	6	1.1021e-07
0.002	2.0	6	1.0473e-07
0.002	2.0	6	1.1292e-07
0.002	2.0	6	1.1911e-07
0.002	2.0	6	1.0266e-07
1.73205080757e-05	5.4	7	1.5469e-09
1.73205080757e-05	5.4	7	1.494e-09
1.73205080757e-05	5.4	7	1.3292e-09
1.73205080757e-05	5.4	7	1.5782e-09
1.73205080757e-05	5.4	7	1.8848e-09
1.73205080757e-05	5.4	7	1.6928e-09
0.707106781187	8.9	6	1.5136e-07
0.707106781187	8.9	6	1.5462e-07
0.707106781187	8.9	6	1.2095e-07
0.707106781187	8.9	6	1.0715e-07
0.707106781187	8.9	6	1.5615e-07
0.707106781187	8.9	6	1.5741e-07
0.1	11.65	6	1.5212e-07
0.1	11.65	6	1.5322e-07
0.1	11.65	6	1.3678e-07
0.1	11.65	6	1.0538e-07
0.1	11.65	6	1.297e-07
0.1	11.65	6	1.305e-07
1.73205080757e-09	11.65	6	5.1136e-08
1.73205080757e-09	11.65	6	6.3728e-08
1.73205080757e-09	11.65	6	5.5904e-08
1.73205080757e-09	11.65	6	6.4227e-08
1.73205080757e-09	11.65	6	3.5526e-08
1.73205080757e-09	11.65	6	6.0576e-08
1e-08	4.05	7	3.2862e-09
1e-08	4.05	7	2.7863e-09
1e-08	4.05	7	2.3938e-09
1e-08	4.05	7	2.9176e-09
1e-08	4.05	7	2.4676e-09
1e-08	4.05	7	3.2154e-09
1e-10	8.9	6	1.3865e-07
1e-10	8.9	6	1.1334e-07
1e-10	8.9	6	1.0064e-07
1e-10	8.9	6	1.5657e-07
1e-10	8.9	6	1.356e-07
1e-10	8.9	6	1.0684e-07
1e-10	6.65	6	5.4737e-07
1e-10	6.65	6	5.889e-07
1e-10	6.65	6	5.2908e-07
1e-10	6.65	6	5.3047e-07
1e-10	6.65	6	5.5866e-07
1e-10	6.65	6	5.5764e-07
5.47722557505e-06	6.65	7	8.5667e-10
5.47722557505e-06	6.65	7	1.6132e-09
5.47722557505e-06	6.65	7	1.9489e-09
5.47722557505e-06	6.65	7	1.0103e-09
5.47722557505e-06	6.65	7	1.2938e-09
5.47722557505e-06	6.65	7	2.0292e-09
5e-11	11.65	7	2.55e-10
5e-11	11.65	7	2.3952e-11
5e-11	11.65	7	2.9886e-11
5e-11	11.65	7	1.8142e-10
5e-11	11.65	7	1.6047e-11
5e-11	11.65	7	0.0