E	r	rate6	rate7
2.5e-11	4.05	2.1826e-05	2.2598e-05	2.1958e-05	2.4186e-05	2.3842e-05	2.22e-05	2.198e-05	2.2128e-05	2.4029e-05	2.3152e-05	2.3491e-05	2.3002e-05	2.2936e-05	2.3556e-05	2.1562e-05	4.1573e-08	4.0323e-08	4.5723e-08	4.419e-08	6.9086e-08	2.4693e-08	6.0268e-08	5.6218e-08	3.3755e-08	8.2619e-08	6.6428e-08	4.9267e-08	3.0403e-08	5.7735e-08	2.4351e-08
2.5e-11	5.4	8.8277e-06	1.0008e-05	9.8202e-06	9.1798e-06	8.5651e-06	7.676e-06	8.4739e-06	8.8203e-06	8.532e-06	8.4488e-06	9.3693e-06	8.8824e-06	9.2305e-06	9.0772e-06	8.7202e-06	3.4376e-08	2.3824e-08	4.4912e-09	2.5796e-08	2.1611e-08	1.4272e-08	1.2329e-10	1.1509e-08	1.2854e-08	1.5575e-08	6.5492e-09	8.9007e-09	1.7437e-08	2.7648e-08	1.3229e-08
2.5e-11	6.65	3.4615e-06	3.7953e-06	4.3021e-06	4.6175e-06	4.06e-06	3.4603e-06	3.6171e-06	4.1038e-06	4.5163e-06	3.7605e-06	4.5974e-06	3.528e-06	3.8619e-06	3.8391e-06	4.3657e-06	1.0876e-08	2.9821e-08	1.8941e-08	2.9892e-08	2.825e-08	1.8301e-08	1.8768e-08	2.7409e-08	4.5771e-09	2.0539e-08	1.0911e-08	5.4826e-09	1.3096e-08	1.9229e-08	4.2103e-13
2.5e-11	8.9	1.0668e-06	1.1444e-06	1.049e-06	1.3122e-06	1.1275e-06	1.1718e-06	1.2312e-06	1.3126e-06	1.0982e-06	1.0458e-06	1.0154e-06	9.3645e-07	1.1489e-06	9.1136e-07	1.0139e-06	6.6291e-09	2.5954e-08	1.0307e-08	1.1988e-09	8.4563e-09	2.0433e-08	3.4901e-09	6.7492e-14	4.1127e-09	9.0711e-09	9.8853e-14	4.665e-09	4.7065e-11	1.029e-08	2.8526e-13
2.5e-11	11.65	2.8089e-07	3.0547e-07	2.778e-07	3.56e-07	1.4487e-07	1.9254e-07	1.9125e-07	1.0925e-07	2.4824e-07	3.0664e-07	1.6747e-07	1.3577e-07	2.5752e-07	1.0909e-07	3.3463e-07	8.3573e-09	6.9495e-14	4.8444e-09	8.4561e-09	1.2618e-13	6.1722e-09	5.4587e-14	6.4978e-14	2.6927e-09	2.2403e-09	4.5986e-09	2.0568e-14	5.8845e-09	0.0	0.0
1e-10	4.05	4.1546e-05	3.6038e-05	3.9705e-05	4.0739e-05	3.9569e-05	4.0595e-05	3.9976e-05	4.097e-05	4.2217e-05	4.3038e-05	3.961e-05	3.8622e-05	3.8665e-05	3.7141e-05	3.9707e-05	3.6471e-08	5.1922e-08	7.8925e-08	6.2234e-08	7.0019e-08	7.8245e-08	5.327e-08	3.7871e-08	5.2804e-08	9.639e-08	3.4932e-08	5.9045e-08	5.4462e-08	6.2361e-08	5.9417e-08
1e-10	5.4	1.3874e-05	1.4647e-05	1.4976e-05	1.437e-05	1.4555e-05	1.556e-05	1.4957e-05	1.4759e-05	1.4721e-05	1.4933e-05	1.5379e-05	1.5802e-05	1.4491e-05	1.5167e-05	1.6676e-05	3.3927e-08	6.6221e-08	4.9587e-08	3.7907e-08	2.3526e-08	2.8727e-08	2.8181e-08	1.3801e-08	2.9226e-08	1.4601e-08	4.4979e-08	2.3987e-08	6.3659e-09	4.5586e-08	4.3123e-08
1e-10	6.65	6.2185e-06	7.3432e-06	8.0646e-06	7.0858e-06	5.6624e-06	7.7955e-06	7.2117e-06	6.6198e-06	7.2946e-06	7.2718e-06	6.3188e-06	7.8021e-06	7.612e-06	7.1365e-06	6.5546e-06	2.0218e-08	1.0597e-08	2.516e-09	2.3379e-08	4.9923e-13	9.4423e-09	1.3987e-08	1.9931e-08	1.3142e-08	2.8813e-08	1.981e-08	1.3808e-08	3.2382e-08	7.5039e-09	3.4269e-08
1e-10	8.9	1.6653e-06	1.9803e-06	1.6877e-06	1.6698e-06	2.257e-06	1.9132e-06	1.3858e-06	1.9089e-06	1.4167e-06	1.6655e-06	1.7035e-06	1.5028e-06	1.5622e-06	1.8083e-06	2.1186e-06	3.7233e-09	1.1179e-09	2.3188e-08	3.1053e-08	9.5931e-09	1.4474e-08	2.3516e-09	2.8482e-08	1.5213e-08	4.7976e-09	1.2888e-08	7.3945e-09	1.4584e-08	7.107e-08	3.2016e-09
1e-10	11.65	4.4038e-07	3.4477e-07	2.5117e-07	4.1662e-07	3.4488e-07	3.9223e-07	3.2347e-07	4.1677e-07	2.4897e-07	5.0625e-07	3.115e-07	6.9242e-07	4.7528e-07	4.4329e-07	3.1738e-07	1.0725e-08	8.1813e-15	1.1825e-14	2.4268e-09	1.2096e-13	2.535e-14	4.9834e-09	1.0287e-09	4.7402e-09	0.0	2.2219e-09	7.3417e-10	1.1635e-14	6.1954e-14	1.2456e-08
3e-10	4.05	5.7465e-05	6.1138e-05	6.0826e-05	6.0175e-05	6.0361e-05	6.0445e-05	5.9846e-05	6.0484e-05	5.8834e-05	6.0648e-05	5.7552e-05	6.1323e-05	5.5651e-05	5.7507e-05	5.6664e-05	7.3091e-08	6.2358e-08	3.6176e-08	8.2178e-08	1.122e-07	5.861e-08	5.6758e-08	7.159e-08	6.6426e-08	9.352e-08	6.0122e-08	1.038e-07	8.2615e-08	6.5716e-08	6.2834e-08
3e-10	5.4	2.2686e-05	2.5118e-05	2.2137e-05	2.3835e-05	2.4325e-05	2.4378e-05	2.2352e-05	2.2816e-05	2.2932e-05	2.2357e-05	2.0974e-05	2.2206e-05	2.1988e-05	2.2223e-05	2.2829e-05	3.5136e-08	7.4746e-08	7.1167e-08	1.0137e-07	1.0623e-07	4.227e-08	1.0021e-07	1.6396e-08	3.0035e-08	4.8096e-08	1.8151e-08	2.269e-08	2.1892e-08	4.4585e-08	4.0396e-08
3e-10	6.65	1.0228e-05	1.0364e-05	1.0253e-05	9.8461e-06	9.2663e-06	1.0205e-05	9.0384e-06	1.0458e-05	1.1439e-05	1.1159e-05	8.6134e-06	9.6021e-06	1.01e-05	9.7915e-06	9.043e-06	3.4681e-08	3.7078e-08	5.3126e-08	4.5346e-08	1.1383e-08	1.3242e-08	1.5727e-07	3.5616e-08	2.4706e-08	1.2008e-08	4.4102e-08	4.1754e-08	7.1392e-09	3.2955e-08	2.4551e-08
3e-10	8.9	2.6231e-06	2.9368e-06	2.7249e-06	2.6623e-06	2.4857e-06	2.6962e-06	2.7329e-06	2.1916e-06	2.3627e-06	2.4525e-06	2.0771e-06	2.1475e-06	3.1653e-06	3.0854e-06	3.2542e-06	1.1271e-08	3.1399e-08	1.1888e-08	2.2e-08	1.9913e-08	3.0929e-08	4.2266e-09	9.1666e-09	5.9164e-09	2.8115e-08	2.2907e-08	5.7178e-09	2.5892e-08	2.6092e-08	6.687e-09
3e-10	11.65	6.2235e-07	5.0644e-07	5.8386e-07	5.1389e-07	6.2163e-07	2.5634e-07	6.9803e-07	9.9377e-07	5.7984e-07	5.683e-07	8.2427e-07	6.6112e-07	7.313e-07	6.1872e-07	5.0983e-07	6.952e-09	1.4509e-13	1.7185e-08	2.3452e-09	8.9201e-14	3.9323e-09	1.7727e-08	3.8926e-14	7.6771e-11	7.6871e-09	7.8658e-10	1.559e-08	6.7736e-14	2.9356e-09	1.9175e-08
1e-09	4.05	7.8699e-05	7.8886e-05	8.0492e-05	7.5337e-05	7.676e-05	7.6349e-05	7.969e-05	8.074e-05	7.7155e-05	7.629e-05	7.8299e-05	7.7286e-05	7.8417e-05	7.723e-05	8.0868e-05	6.7499e-08	3.6296e-08	9.025e-08	7.4015e-08	8.1063e-08	4.8529e-08	1.2064e-07	4.7054e-08	9.7762e-08	3.0128e-08	6.9629e-08	7.366e-08	9.9779e-08	1.9568e-08	3.935e-08
1e-09	5.4	3.2117e-05	3.0144e-05	3.2276e-05	3.1452e-05	3.0005e-05	2.8042e-05	3.0928e-05	2.909e-05	3.1353e-05	3.05e-05	3.1071e-05	2.9837e-05	2.774e-05	3.1447e-05	3.2853e-05	7.659e-08	7.1775e-08	2.8144e-08	4.4092e-08	5.3284e-08	1.0311e-07	3.1462e-08	3.9625e-08	5.373e-08	2.3408e-08	5.2251e-08	1.481e-08	5.5135e-08	5.8845e-08	5.8686e-08
1e-09	6.65	1.4549e-05	1.3038e-05	1.2536e-05	1.5249e-05	1.3924e-05	1.359e-05	1.3428e-05	1.4103e-05	1.3841e-05	1.4901e-05	1.4311e-05	1.4768e-05	1.1572e-05	1.3139e-05	1.3777e-05	5.9426e-08	2.4087e-08	5.0379e-08	3.5535e-09	1.0228e-08	5.9649e-08	5.5961e-08	2.6168e-08	6.0336e-08	7.1486e-08	4.2178e-08	4.8132e-08	3.5196e-08	2.8501e-08	4.3755e-08
1e-09	8.9	4.354e-06	3.3905e-06	3.2e-06	3.7448e-06	3.1655e-06	2.6999e-06	3.3313e-06	4.0453e-06	3.183e-06	3.9324e-06	3.7988e-06	3.8574e-06	4.3916e-06	4.0385e-06	3.6739e-06	3.9455e-09	1.287e-08	8.5853e-09	1.1034e-08	3.1344e-08	1.2379e-08	1.7834e-08	2.3128e-08	1.0918e-09	5.9274e-09	2.1634e-08	2.1349e-08	2.3182e-08	3.8172e-08	2.3675e-08
1e-09	11.65	8.4288e-07	9.4136e-07	7.2316e-07	5.8192e-07	7.1685e-07	7.1394e-07	9.96e-07	9.8041e-07	8.0831e-07	4.9913e-07	5.7742e-07	4.8996e-07	8.1169e-07	4.9335e-07	7.5329e-07	3.7459e-10	1.4059e-08	6.6295e-09	1.3265e-13	5.878e-09	7.8637e-09	1.217e-09	9.9169e-10	1.5209e-08	4.7373e-14	1.8184e-13	1.3374e-10	3.5585e-08	5.4086e-09	8.397e-09
3e-09	4.05	9.0438e-05	9.0963e-05	8.8765e-05	9.2269e-05	8.6036e-05	8.9834e-05	8.8151e-05	9.2452e-05	9.0594e-05	8.9483e-05	8.638e-05	8.6694e-05	9.3938e-05	8.9623e-05	8.8343e-05	8.8347e-08	1.5301e-07	8.9973e-08	1.0782e-07	9.4836e-08	6.8929e-08	3.918e-08	6.9531e-08	5.855e-08	6.3932e-08	1.2639e-07	1.9224e-07	4.0772e-08	1.0635e-07	1.1114e-07
3e-09	5.4	3.5455e-05	3.699e-05	3.8473e-05	3.7193e-05	3.4349e-05	3.7599e-05	3.8059e-05	3.9787e-05	3.8148e-05	3.3286e-05	3.9874e-05	3.3865e-05	3.7191e-05	3.6442e-05	3.4619e-05	5.008e-08	9.5533e-08	3.266e-08	5.032e-08	8.4391e-08	1.2189e-07	2.6808e-08	5.613e-08	3.2982e-08	8.0258e-08	8.7469e-08	4.2928e-08	7.5125e-08	7.8464e-08	9.0983e-08
3e-09	6.65	1.7912e-05	1.6682e-05	1.5015e-05	1.6492e-05	1.7178e-05	1.5346e-05	1.5902e-05	1.5906e-05	1.6523e-05	1.5747e-05	1.7916e-05	1.4556e-05	1.6381e-05	1.569e-05	1.6502e-05	8.1118e-08	3.0436e-08	4.7181e-09	5.4284e-08	4.7698e-08	4.3249e-08	1.9176e-08	3.541e-08	3.8213e-10	3.3116e-08	7.5311e-09	4.1101e-08	6.0014e-08	2.1647e-08	2.4051e-09
3e-09	8.9	3.9451e-06	4.0093e-06	4.4296e-06	4.363e-06	4.1192e-06	4.0912e-06	3.9008e-06	4.1746e-06	4.388e-06	4.4258e-06	5.0872e-06	4.6781e-06	4.0642e-06	4.3471e-06	3.363e-06	2.2232e-09	3.5815e-08	1.3342e-08	1.6893e-09	9.1391e-10	7.1622e-09	4.9354e-09	7.7781e-08	1.5316e-08	3.2823e-08	2.3252e-08	4.1363e-09	4.4589e-10	2.1741e-08	1.3492e-08
3e-09	11.65	1.1654e-06	9.0011e-07	6.15e-07	1.1163e-06	9.5173e-07	1.2349e-06	9.5274e-07	1.3161e-06	5.6152e-07	6.2653e-07	7.314e-07	6.1526e-07	1.2731e-06	9.5694e-07	1.3867e-06	7.2103e-09	1.3567e-09	1.8945e-08	2.5714e-08	1.4906e-08	1.5237e-08	1.8875e-08	1.608e-08	5.8991e-09	2.8008e-08	5.9306e-09	7.3113e-13	2.1159e-08	8.8006e-09	2.1288e-08
1e-08	4.05	0.00010124	9.8816e-05	9.8475e-05	9.8315e-05	9.8853e-05	0.00010054	9.9949e-05	0.00010168	9.8721e-05	0.00010292	9.9676e-05	0.0001006	0.00010148	9.8728e-05	9.5374e-05	1.1493e-07	5.1377e-08	6.8636e-08	1.6598e-07	1.0412e-07	6.7497e-08	7.6137e-08	7.6215e-08	3.1589e-08	9.9653e-08	6.3517e-08	7.8797e-08	3.7761e-08	4.8661e-08	1.1846e-07
1e-08	5.4	4.0111e-05	4.4171e-05	4.0853e-05	4.0777e-05	3.8181e-05	4.1181e-05	4.4425e-05	4.115e-05	4.0682e-05	4.1546e-05	4.2514e-05	4.2542e-05	4.0441e-05	4.2853e-05	3.8209e-05	8.3936e-08	5.5682e-08	5.4049e-08	7.786e-08	1.7808e-08	6.5295e-08	4.6851e-08	6.7474e-08	5.4448e-08	3.8222e-08	6.2324e-08	4.7179e-08	6.4427e-08	8.2873e-08	1.5271e-07
1e-08	6.65	1.7957e-05	1.7324e-05	1.924e-05	1.9342e-05	1.7359e-05	1.9404e-05	1.7885e-05	1.8718e-05	1.8961e-05	1.8726e-05	1.9388e-05	1.8406e-05	2.0253e-05	2.0229e-05	1.9872e-05	5.2835e-08	6.8923e-08	1.3284e-08	1.7838e-08	3.3273e-08	4.4304e-08	5.1971e-08	1.2688e-08	1.6725e-08	4.117e-08	4.5173e-08	2.3665e-08	4.7293e-08	4.7859e-08	7.2032e-08
1e-08	8.9	5.8243e-06	4.5479e-06	5.9906e-06	6.1944e-06	5.247e-06	4.7833e-06	4.9108e-06	4.0873e-06	4.7642e-06	4.2717e-06	5.2207e-06	4.9959e-06	5.0457e-06	5.8799e-06	4.7932e-06	2.5445e-08	2.2654e-08	1.528e-08	4.4991e-08	2.6986e-08	2.0902e-08	2.492e-08	5.3998e-08	5.1581e-08	9.2853e-09	1.9476e-09	3.745e-08	7.4333e-08	2.9077e-08	7.8989e-09
1e-08	11.65	8.9872e-07	1.6079e-06	1.1879e-06	7.1194e-07	9.3319e-07	1.1972e-06	1.0949e-06	9.6253e-07	9.9512e-07	1.3038e-06	1.0411e-06	1.6077e-06	1.9147e-06	1.0759e-06	1.1239e-06	1.4756e-09	1.221e-13	1.4208e-08	7.9149e-14	7.742e-09	6.0913e-09	7.8554e-14	2.212e-10	2.9118e-11	1.1622e-13	1.9388e-09	1.4752e-09	8.7297e-09	8.8952e-14	1.1575e-09
3e-08	4.05	9.8943e-05	0.00010115	9.999e-05	9.9022e-05	9.8952e-05	9.9406e-05	9.8159e-05	9.7806e-05	0.00010018	0.00010061	9.8471e-05	0.00010217	0.00010015	9.8684e-05	0.00010122	9.09e-08	5.1112e-08	5.3372e-08	1.355e-07	3.778e-08	1.4031e-07	5.4595e-08	7.4766e-08	5.6506e-08	7.6533e-08	2.0807e-08	8.05e-08	6.6711e-08	9.8707e-08	5.3097e-08
3e-08	5.4	4.4173e-05	4.1274e-05	4.4513e-05	4.6536e-05	4.2901e-05	4.3061e-05	4.3308e-05	4.3774e-05	4.5986e-05	4.3175e-05	4.2705e-05	4.523e-05	4.3804e-05	4.2964e-05	4.2732e-05	7.8201e-08	5.302e-08	1.7757e-08	1.5119e-07	7.02e-08	1.0794e-07	1.8336e-08	6.5576e-08	8.226e-08	6.8815e-08	6.5926e-08	1.2419e-07	3.3412e-08	6.5421e-08	6.1137e-08
3e-08	6.65	2.0586e-05	1.9496e-05	2.1969e-05	2.1035e-05	2.1846e-05	2.0152e-05	2.0851e-05	2.2644e-05	2.2264e-05	2.0635e-05	2.2161e-05	2.2753e-05	2.233e-05	2.1612e-05	2.1569e-05	3.4036e-08	5.0918e-08	4.1374e-08	1.1087e-07	3.8816e-08	6.8655e-08	2.0742e-08	4.9118e-08	3.8514e-08	5.0389e-08	2.71e-08	4.7514e-08	7.0505e-08	2.9149e-08	2.7229e-08
3e-08	8.9	5.41e-06	7.0629e-06	4.6952e-06	6.2011e-06	5.7515e-06	5.862e-06	5.3569e-06	5.9199e-06	5.7629e-06	6.9653e-06	5.9845e-06	8.096e-06	5.9202e-06	6.3154e-06	5.1708e-06	1.6646e-08	2.319e-08	1.0984e-12	3.442e-08	2.7798e-08	6.4092e-08	3.7599e-13	1.5472e-08	3.1482e-09	1.1342e-08	3.3571e-08	1.8571e-09	2.6049e-08	4.4141e-08	2.0406e-08
3e-08	11.65	6.997e-07	1.2339e-06	1.2155e-06	9.4973e-07	1.2127e-06	1.2925e-06	1.0173e-06	1.1575e-06	1.3473e-06	8.9608e-07	1.0943e-06	5.663e-07	1.827e-06	1.3254e-06	1.0137e-06	1.1764e-08	2.7556e-14	1.2808e-09	2.1731e-08	1.734e-08	1.1886e-08	4.9991e-09	1.2593e-08	1.8119e-09	6.6546e-09	6.0751e-09	1.8868e-09	2.5457e-09	4.6349e-14	2.2925e-08
1e-07	4.05	9.44e-05	9.9715e-05	9.8552e-05	0.00010004	9.7949e-05	9.9548e-05	0.00010196	0.00010005	9.7208e-05	0.000101	9.7672e-05	0.000103	9.4267e-05	9.9624e-05	9.9886e-05	8.0262e-08	8.4155e-08	1.1861e-07	6.8661e-08	8.7783e-08	7.8518e-08	1.0567e-07	5.7006e-08	6.6616e-08	6.8056e-08	3.3447e-08	1.1961e-07	8.6617e-08	1.1588e-07	7.4819e-08
1e-07	5.4	4.3783e-05	4.455e-05	4.5196e-05	4.5048e-05	4.56e-05	4.3924e-05	4.4211e-05	4.7152e-05	4.3285e-05	4.3937e-05	4.2782e-05	4.5272e-05	4.3169e-05	4.7441e-05	4.6258e-05	4.2559e-08	7.0818e-08	5.7701e-08	3.9428e-08	3.9129e-08	6.196e-08	3.9047e-08	5.3893e-08	7.1795e-08	5.9477e-08	4.1511e-08	4.8281e-08	3.0038e-08	7.5162e-08	7.3151e-08
1e-07	6.65	2.0562e-05	2.3573e-05	2.2981e-05	2.3707e-05	2.1389e-05	2.3694e-05	2.2228e-05	2.4146e-05	2.3549e-05	2.2676e-05	2.3048e-05	2.1063e-05	2.2964e-05	2.2725e-05	2.234e-05	4.9481e-08	6.502e-08	2.6439e-08	3.5154e-08	4.3434e-08	1.2709e-07	3.7123e-08	6.0713e-08	1.5027e-09	2.3612e-08	4.1393e-08	2.2896e-08	5.4932e-08	2.5278e-08	2.3493e-08
1e-07	8.9	5.6541e-06	5.1078e-06	6.1219e-06	4.9544e-06	5.493e-06	6.1985e-06	6.7404e-06	6.0502e-06	6.2357e-06	6.753e-06	7.3203e-06	6.9874e-06	6.7341e-06	6.4608e-06	5.8129e-06	2.2827e-09	2.4654e-08	9.8927e-09	1.7154e-08	2.5243e-08	5.7485e-09	7.1328e-09	1.4224e-08	1.1627e-08	3.4232e-08	1.2616e-08	1.344e-08	1.5929e-08	8.25e-09	1.8314e-08
1e-07	11.65	1.543e-06	1.4596e-06	9.3435e-07	1.0865e-06	1.74e-06	1.0598e-06	1.336e-06	1.5687e-06	1.2455e-06	1.4713e-06	1.7998e-06	1.1037e-06	1.9899e-06	1.9371e-06	1.5593e-06	1.8125e-08	5.3017e-09	1.4085e-08	9.7041e-09	9.441e-09	2.0656e-08	3.4709e-09	1.2964e-08	6.4168e-09	1.9476e-08	1.2678e-13	2.6345e-08	7.5653e-09	1.079e-08	1.0707e-08
3e-07	4.05	9.5667e-05	9.4125e-05	9.4966e-05	9.7704e-05	9.5902e-05	9.5128e-05	9.2446e-05	9.5848e-05	9.2276e-05	9.4316e-05	9.5103e-05	9.5277e-05	9.5939e-05	9.464e-05	9.5555e-05	1.0128e-07	4.9296e-08	8.9806e-08	7.775e-08	8.6892e-08	5.1899e-08	7.6311e-08	5.5463e-08	7.7824e-08	6.9033e-08	6.5974e-08	9.0121e-08	9.1411e-08	1.8351e-08	5.7922e-08
3e-07	5.4	4.5472e-05	4.6384e-05	4.5523e-05	4.8121e-05	4.8771e-05	4.7724e-05	4.6325e-05	4.6805e-05	4.8287e-05	4.5259e-05	4.5982e-05	4.4154e-05	4.4621e-05	4.6423e-05	4.4656e-05	4.7237e-08	5.1788e-08	5.8833e-08	2.5763e-08	3.2998e-08	4.1318e-08	2.0354e-08	6.9229e-08	6.6309e-08	7.9702e-08	3.8063e-08	4.0349e-08	2.4665e-08	5.861e-08	1.6601e-08
3e-07	6.65	2.2967e-05	2.2253e-05	2.1562e-05	2.3475e-05	2.309e-05	2.1548e-05	2.2808e-05	2.317e-05	2.1965e-05	2.5384e-05	2.237e-05	2.4096e-05	2.4144e-05	2.3674e-05	2.3124e-05	2.731e-08	3.2267e-08	3.7276e-08	6.8595e-08	5.044e-08	2.0459e-08	3.9568e-08	6.6995e-08	5.5486e-08	3.903e-08	3.9498e-08	1.9536e-08	5.2478e-08	3.3616e-08	3.6453e-08
3e-07	8.9	7.1455e-06	7.2937e-06	7.1507e-06	8.0826e-06	6.331e-06	5.6676e-06	6.2115e-06	6.6027e-06	6.9057e-06	6.2508e-06	6.8827e-06	6.8587e-06	6.1126e-06	6.3277e-06	6.8271e-06	1.4585e-08	3.089e-08	2.8555e-09	1.2782e-08	1.4106e-08	2.635e-08	5.4345e-13	9.5096e-09	1.0255e-12	2.757e-08	1.2915e-08	3.3397e-08	3.6383e-08	4.8199e-08	3.0872e-08
3e-07	11.65	1.3417e-06	1.3131e-06	1.9807e-06	1.5225e-06	1.2793e-06	1.5145e-06	1.7296e-06	1.3082e-06	1.8442e-06	1.4286e-06	1.7675e-06	1.1686e-06	2.0997e-06	1.3327e-06	1.6094e-06	1.3577e-08	1.0674e-08	4.28e-08	7.5519e-08	1.5033e-08	2.4247e-09	2.1533e-08	2.7965e-08	1.2527e-13	2.1779e-09	1.2155e-09	1.1406e-08	1.8424e-08	1.6615e-08	3.3881e-09
1e-06	4.05	8.9773e-05	9.1113e-05	8.9558e-05	9.1439e-05	8.9461e-05	8.952e-05	8.903e-05	9.0511e-05	9.1556e-05	8.6511e-05	8.8796e-05	9.0271e-05	8.9985e-05	8.6638e-05	8.9618e-05	8.621e-08	6.3738e-08	4.6391e-08	3.7309e-08	8.7889e-08	4.2923e-08	9.6516e-08	2.1549e-08	8.5766e-08	8.9747e-08	4.8584e-08	1.2124e-07	4.884e-08	7.1975e-08	2.9376e-08
1e-06	5.4	4.8172e-05	4.5584e-05	4.8047e-05	4.5279e-05	4.7569e-05	4.8226e-05	4.6733e-05	4.5719e-05	4.679e-05	4.5989e-05	4.5813e-05	4.6509e-05	4.3045e-05	4.7528e-05	4.5732e-05	6.5689e-08	2.5517e-08	6.0151e-08	4.4425e-08	3.2832e-08	8.7956e-08	2.9176e-08	7.6156e-08	3.281e-08	9.2501e-08	4.1409e-08	5.361e-08	5.3164e-08	6.6499e-08	3.8309e-08
1e-06	6.65	2.6717e-05	2.3128e-05	2.2862e-05	2.5673e-05	2.3031e-05	2.3651e-05	2.4599e-05	2.4281e-05	2.4609e-05	2.4204e-05	2.4344e-05	2.6043e-05	2.5077e-05	2.3377e-05	2.3693e-05	4.6129e-08	1.3714e-08	4.1249e-08	4.0829e-08	5.078e-08	5.6606e-08	4.3587e-08	4.169e-08	4.7292e-08	2.4591e-08	1.8015e-08	5.8954e-08	6.3952e-08	5.0634e-08	3.8832e-08
1e-06	8.9	7.2328e-06	5.2477e-06	6.5234e-06	7.2639e-06	6.7309e-06	7.0057e-06	7.1535e-06	8.1163e-06	7.7946e-06	6.3932e-06	8.9433e-06	6.6181e-06	7.3144e-06	6.9675e-06	8.1146e-06	6.9215e-09	4.4619e-08	9.6242e-09	3.4508e-10	2.3889e-08	4.7344e-08	2.8909e-08	4.139e-08	1.5722e-08	1.3159e-08	3.8807e-10	3.1368e-08	1.4722e-08	1.41e-08	3.2655e-08
1e-06	11.65	1.4773e-06	1.1861e-06	1.7049e-06	1.8329e-06	1.1366e-06	1.3097e-06	1.4785e-06	1.6078e-06	1.9881e-06	1.4512e-06	1.4677e-06	1.0794e-06	1.5921e-06	1.5188e-06	1.8505e-06	7.7066e-09	1.9157e-08	2.4023e-13	1.357e-08	3.9324e-09	1.2761e-08	1.5153e-08	3.2281e-09	1.7516e-08	5.8473e-08	6.8181e-11	2.3307e-08	1.0461e-08	1.5589e-08	5.9777e-08
3e-06	4.05	8.4619e-05	8.7461e-05	8.3162e-05	8.6668e-05	8.8809e-05	8.426e-05	8.7429e-05	8.3794e-05	8.8018e-05	8.8897e-05	8.508e-05	8.4723e-05	8.4964e-05	8.5403e-05	8.8051e-05	3.9965e-08	4.9708e-08	1.0025e-07	6.4637e-08	8.1001e-08	3.4872e-08	2.7795e-08	5.3791e-08	6.6934e-08	1.1758e-07	5.7615e-08	7.0549e-08	1.2474e-07	3.8544e-08	9.2306e-08
3e-06	5.4	4.8061e-05	4.8105e-05	4.974e-05	4.8324e-05	4.6521e-05	4.6003e-05	4.8086e-05	4.6187e-05	4.9733e-05	4.4963e-05	4.6454e-05	4.8226e-05	4.8387e-05	4.7433e-05	4.7472e-05	7.3034e-09	3.2935e-08	9.1077e-08	8.9891e-08	9.6182e-08	3.9781e-08	3.7811e-08	3.6354e-08	2.1529e-08	3.3809e-08	3.3607e-08	1.9072e-08	6.216e-08	5.3153e-09	1.8148e-08
3e-06	6.65	2.3849e-05	2.7034e-05	2.5124e-05	2.5834e-05	2.4537e-05	2.4464e-05	2.582e-05	2.4849e-05	2.6278e-05	2.5751e-05	2.453e-05	2.6165e-05	2.3542e-05	2.6375e-05	2.6136e-05	1.3619e-08	3.0363e-08	1.9896e-08	4.8264e-08	1.3091e-08	4.8867e-08	1.1924e-07	5.5143e-08	4.7509e-08	4.7711e-08	2.0397e-08	4.8641e-08	5.2128e-08	2.3904e-08	2.2385e-08
3e-06	8.9	6.1404e-06	7.7146e-06	7.5903e-06	7.4759e-06	6.8498e-06	7.1001e-06	7.174e-06	5.9374e-06	8.0565e-06	7.0304e-06	8.3109e-06	8.9999e-06	7.4999e-06	7.1914e-06	8.1701e-06	1.7175e-08	3.3338e-08	1.0355e-08	2.3538e-08	1.1476e-08	2.0325e-08	4.8679e-08	2.6936e-08	1.3724e-09	2.3895e-08	7.1231e-13	4.5729e-08	9.7437e-09	1.4891e-08	3.042e-08
3e-06	11.65	2.0449e-06	1.9309e-06	1.5846e-06	1.2334e-06	1.6967e-06	1.6509e-06	1.7675e-06	1.6186e-06	1.1723e-06	1.7027e-06	1.9927e-06	1.2791e-06	2.1125e-06	1.763e-06	2.0443e-06	2.0268e-08	1.8938e-08	1.8759e-09	2.3262e-13	8.2656e-09	4.9888e-10	3.3912e-09	1.2604e-08	1.9596e-09	1.959e-13	2.1086e-08	4.0184e-09	2.7073e-08	8.8127e-09	1.1917e-08
1e-05	4.05	8.1431e-05	8.198e-05	8.1776e-05	8.0754e-05	8.4252e-05	8.0291e-05	8.3353e-05	8.1122e-05	8.1376e-05	7.9553e-05	7.8737e-05	8.1395e-05	7.9993e-05	8.0153e-05	7.948e-05	7.9779e-08	9.0583e-08	3.2402e-08	7.6665e-08	5.0655e-08	1.0109e-07	3.6798e-08	3.4311e-08	7.386e-08	3.4742e-08	3.811e-08	4.2945e-08	7.3963e-08	7.3812e-08	9.931e-08
1e-05	5.4	4.6665e-05	4.6671e-05	4.8267e-05	4.9755e-05	4.6081e-05	4.5826e-05	4.6681e-05	4.8032e-05	4.4575e-05	4.8362e-05	4.7404e-05	4.84e-05	5.0462e-05	4.6705e-05	4.9109e-05	4.6303e-08	4.0909e-08	5.4466e-08	1.5106e-07	4.798e-08	7.5548e-08	1.0016e-07	5.9371e-08	4.0287e-08	3.8244e-08	3.2075e-08	4.3693e-08	8.0634e-08	5.3133e-08	1.7362e-08
1e-05	6.65	2.7629e-05	2.5223e-05	2.5849e-05	2.7303e-05	2.6781e-05	2.6447e-05	2.5331e-05	2.6259e-05	2.5722e-05	2.69e-05	2.6279e-05	2.6321e-05	2.7002e-05	2.6053e-05	2.4784e-05	4.7014e-08	6.9402e-08	1.7688e-08	5.0062e-08	3.2285e-08	1.3307e-08	7.836e-08	4.1196e-08	4.111e-08	9.1881e-08	3.3631e-08	6.6235e-08	2.7312e-08	5.2609e-08	5.859e-08
1e-05	8.9	7.831e-06	8.0467e-06	6.7317e-06	7.2717e-06	7.348e-06	8.034e-06	9.1442e-06	8.144e-06	7.2371e-06	8.5222e-06	8.0348e-06	9.2335e-06	7.3094e-06	7.6425e-06	7.8315e-06	3.0464e-08	3.0243e-08	1.1824e-08	3.8219e-08	1.8192e-08	8.4445e-09	1.0423e-08	1.3733e-08	2.8943e-08	1.1175e-08	2.0344e-08	1.9056e-08	3.8388e-08	1.4225e-09	1.5876e-08
1e-05	11.65	1.7487e-06	1.9887e-06	2.5957e-06	1.5718e-06	2.3742e-06	2.4345e-06	1.719e-06	1.2575e-06	1.2605e-06	1.8936e-06	1.7436e-06	1.6927e-06	1.5858e-06	1.8137e-06	2.3619e-06	1.6943e-08	3.7172e-08	2.5278e-08	8.8098e-09	2.1359e-09	2.6052e-08	1.1322e-08	5.7226e-14	9.3062e-10	9.8217e-09	7.4658e-09	1.0064e-08	1.9803e-08	3.3409e-14	3.1149e-08
3e-05	4.05	7.941e-05	7.721e-05	7.7907e-05	7.5563e-05	7.9297e-05	7.8334e-05	7.6895e-05	7.954e-05	7.5711e-05	7.5941e-05	7.5548e-05	7.8139e-05	7.7209e-05	7.6421e-05	7.6549e-05	5.5831e-08	3.16e-08	5.2183e-08	4.5681e-08	2.0099e-08	8.3623e-08	2.8771e-08	6.5728e-08	3.615e-08	4.6944e-08	9.1241e-08	5.5681e-08	6.9283e-08	3.9775e-08	4.6947e-08
3e-05	5.4	4.9422e-05	4.7864e-05	4.8034e-05	4.9419e-05	4.746e-05	4.7697e-05	4.9365e-05	4.8751e-05	4.8485e-05	5.2151e-05	4.7818e-05	4.76e-05	4.7286e-05	4.8712e-05	4.7895e-05	4.0926e-08	1.1055e-07	5.4855e-08	4.0101e-08	3.2795e-08	4.0303e-08	1.5361e-08	6.0404e-08	1.6308e-08	5.6103e-08	1.6161e-08	3.195e-08	6.8139e-08	5.9447e-08	6.9909e-08
3e-05	6.65	2.7576e-05	2.7564e-05	3.003e-05	2.8747e-05	2.7321e-05	2.6068e-05	2.6732e-05	2.849e-05	2.841e-05	2.667e-05	2.6986e-05	2.7709e-05	2.7331e-05	2.7508e-05	2.999e-05	3.4953e-08	2.2819e-08	7.9637e-08	5.5465e-08	3.7529e-08	7.1794e-08	2.2921e-08	1.5387e-08	2.2909e-08	4.1116e-08	3.561e-08	1.9228e-08	5.4414e-08	1.0301e-08	6.2424e-09
3e-05	8.9	7.8921e-06	8.4139e-06	8.8459e-06	8.8067e-06	9.4639e-06	8.9358e-06	1.0208e-05	9.0766e-06	9.1692e-06	8.4337e-06	8.5898e-06	9.539e-06	9.0578e-06	8.7545e-06	8.5099e-06	1.6024e-08	1.3924e-08	7.1072e-09	2.0543e-08	4.7173e-09	3.9708e-08	8.7786e-09	9.5112e-09	6.1947e-09	7.5714e-09	2.0476e-08	2.5296e-08	9.986e-09	1.9377e-08	4.6396e-09
3e-05	11.65	3.2885e-06	2.0836e-06	1.6725e-06	2.3376e-06	2.3724e-06	2.2808e-06	2.2075e-06	1.5565e-06	2.281e-06	1.879e-06	2.6532e-06	2.1051e-06	1.8008e-06	1.7843e-06	1.771e-06	1.2116e-08	1.2699e-08	5.2221e-13	4.735e-08	1.5664e-09	2.8267e-08	2.967e-09	1.5324e-08	1.1691e-14	3.4753e-11	3.6399e-09	3.0375e-10	2.9314e-08	2.2268e-08	1.597e-13
0.0001	4.05	7.4161e-05	7.197e-05	7.3559e-05	7.2918e-05	6.9837e-05	7.5065e-05	7.2121e-05	7.2895e-05	7.1887e-05	7.4265e-05	7.266e-05	7.0471e-05	7.3166e-05	7.1984e-05	7.3568e-05	3.8685e-08	1.2208e-08	3.7276e-08	4.7583e-08	3.7793e-08	5.586e-08	6.734e-08	2.4107e-08	4.2923e-08	1.909e-08	5.8089e-08	5.3927e-08	1.9103e-08	1.3985e-08	2.6379e-08
0.0001	5.4	5.2271e-05	5.044e-05	5.3618e-05	5.4426e-05	5.192e-05	5.3439e-05	5.0651e-05	5.3482e-05	5.1899e-05	5.1412e-05	5.0713e-05	5.11e-05	5.1616e-05	5.2286e-05	5.1394e-05	6.7453e-08	3.6141e-08	3.6539e-08	5.6686e-08	2.8329e-08	6.2291e-08	3.8594e-08	3.6543e-08	5.8626e-08	1.0553e-07	6.0801e-08	2.6736e-08	5.408e-08	3.5587e-08	1.265e-08
0.0001	6.65	3.0713e-05	3.3308e-05	3.1713e-05	3.3227e-05	3.302e-05	3.2488e-05	3.1552e-05	3.4184e-05	3.1033e-05	3.0281e-05	3.2098e-05	3.0029e-05	2.9935e-05	3.2716e-05	3.3739e-05	5.0703e-08	4.9868e-08	5.007e-08	2.3789e-08	2.4803e-08	3.4504e-08	2.0427e-08	7.0895e-08	2.7155e-08	1.1332e-08	3.1938e-08	2.5288e-08	3.5646e-08	2.3687e-08	8.6463e-08
0.0001	8.9	1.0093e-05	1.3411e-05	1.2456e-05	1.0144e-05	1.0982e-05	1.3356e-05	1.1781e-05	1.2663e-05	1.1911e-05	1.1943e-05	1.2362e-05	9.8655e-06	1.1227e-05	1.1251e-05	1.2245e-05	3.3306e-09	7.336e-09	1.5334e-08	5.3946e-09	4.297e-08	2.0605e-08	3.9429e-08	5.4359e-09	1.3235e-08	4.2666e-08	5.0374e-09	4.2083e-08	6.0744e-08	2.1551e-08	1.5325e-08
0.0001	11.65	2.4669e-06	3.8947e-06	3.1829e-06	2.452e-06	3.4438e-06	3.5484e-06	2.9238e-06	3.0196e-06	3.2972e-06	3.2119e-06	2.7915e-06	2.6405e-06	2.4897e-06	2.0845e-06	2.9117e-06	4.6807e-08	2.2418e-08	1.8579e-08	4.9391e-09	1.0586e-08	7.9101e-09	2.0164e-08	1.506e-08	1.4474e-08	9.224e-09	2.6791e-08	5.0504e-09	2.5932e-08	7.2473e-09	3.2072e-13
0.0003	4.05	6.6142e-05	6.4948e-05	6.6268e-05	6.6253e-05	6.7844e-05	6.7844e-05	6.5216e-05	6.5514e-05	6.5742e-05	6.2631e-05	6.5632e-05	6.5378e-05	6.3079e-05	6.5938e-05	6.5681e-05	1.3364e-07	1.134e-07	1.0215e-07	1.139e-07	1.4986e-07	1.3432e-07	1.3639e-07	1.0056e-07	1.4087e-07	1.1494e-07	9.478e-08	1.2378e-07	1.5029e-07	1.2308e-07	9.8269e-08
0.0003	5.4	5.3766e-05	5.2866e-05	5.5219e-05	5.5224e-05	5.3871e-05	5.2953e-05	5.4423e-05	5.2484e-05	5.1196e-05	5.6536e-05	5.3486e-05	5.4379e-05	5.3599e-05	5.5479e-05	5.3765e-05	8.261e-08	1.8526e-07	9.3595e-08	3.486e-08	5.1776e-08	4.1165e-08	3.9385e-08	6.7032e-08	9.9177e-08	8.0801e-08	7.1331e-08	6.5714e-08	3.3127e-08	8.5251e-08	6.5243e-08
0.0003	6.65	3.5663e-05	3.736e-05	3.8748e-05	3.7903e-05	3.736e-05	4.1082e-05	3.8522e-05	3.9439e-05	3.8977e-05	3.8714e-05	3.993e-05	3.8436e-05	3.9166e-05	3.7119e-05	3.9591e-05	1.2586e-07	5.3345e-08	6.3078e-08	4.9899e-08	4.2991e-08	5.4434e-08	8.5531e-08	3.3239e-08	3.0007e-08	1.353e-08	3.0182e-08	2.9191e-08	5.8215e-08	2.4783e-08	5.5466e-08
0.0003	8.9	1.7604e-05	1.7318e-05	1.6513e-05	1.6603e-05	1.4925e-05	1.795e-05	1.8265e-05	1.6719e-05	1.7267e-05	1.647e-05	1.7575e-05	1.7943e-05	1.6234e-05	1.7972e-05	1.499e-05	8.3387e-08	5.3387e-08	1.5711e-08	2.068e-08	1.5437e-09	7.8038e-09	1.1006e-08	1.8261e-08	1.7291e-08	5.2891e-09	3.4637e-08	3.4842e-08	3.1239e-08	4.4725e-08	1.2723e-08
0.0003	11.65	5.0105e-06	4.8124e-06	5.2422e-06	4.8588e-06	5.5756e-06	5.2046e-06	5.4599e-06	6.2755e-06	5.1655e-06	4.6661e-06	5.1194e-06	4.7494e-06	5.1158e-06	5.8555e-06	6.1608e-06	3.9414e-08	2.6399e-10	1.1426e-08	1.9716e-08	6.1935e-08	1.0483e-08	2.7978e-08	3.9194e-08	4.1595e-09	7.2355e-09	4.2008e-08	9.0597e-09	3.2057e-08	9.0908e-09	2.6203e-08
0.001	4.05	4.3578e-05	4.3214e-05	4.4103e-05	4.5699e-05	4.272e-05	4.1676e-05	4.2832e-05	4.2739e-05	4.3181e-05	4.3143e-05	4.3265e-05	4.2352e-05	4.4151e-05	4.2309e-05	4.2079e-05	3.4115e-07	3.1794e-07	3.2557e-07	3.3052e-07	3.3275e-07	2.993e-07	2.9877e-07	3.1448e-07	3.1809e-07	3.1423e-07	2.9353e-07	3.0376e-07	3.2158e-07	3.2032e-07	3.0226e-07
0.001	5.4	4.4152e-05	4.6187e-05	4.5164e-05	4.6021e-05	4.4732e-05	4.4439e-05	4.4393e-05	4.4563e-05	4.5973e-05	4.6667e-05	4.4837e-05	4.4736e-05	4.7175e-05	4.6417e-05	4.7146e-05	1.4646e-07	1.6769e-07	1.9132e-07	1.6616e-07	1.5198e-07	1.3852e-07	1.669e-07	1.2667e-07	1.6646e-07	1.5691e-07	1.5853e-07	1.5817e-07	1.3476e-07	1.5686e-07	1.6714e-07
0.001	6.65	3.8227e-05	3.8227e-05	3.9933e-05	3.8388e-05	3.9264e-05	3.8138e-05	4.0467e-05	3.8763e-05	3.8938e-05	3.5851e-05	3.8991e-05	3.9925e-05	3.9901e-05	3.8328e-05	3.6603e-05	7.9677e-08	8.1755e-08	1.0681e-07	1.0156e-07	1.0892e-07	1.0078e-07	9.6397e-08	1.2036e-07	9.9108e-08	9.0214e-08	7.3453e-08	1.0204e-07	8.3072e-08	7.1303e-08	1.0473e-07
0.001	8.9	2.4757e-05	2.5678e-05	2.3188e-05	2.4482e-05	2.4218e-05	2.444e-05	2.4695e-05	2.5622e-05	2.4009e-05	2.5571e-05	2.4418e-05	2.3708e-05	2.3764e-05	2.3546e-05	2.3371e-05	1.0016e-07	4.9444e-08	6.2033e-08	4.4749e-08	8.1137e-08	3.5194e-08	5.0123e-08	9.5144e-08	4.1325e-08	7.1523e-08	4.9089e-08	4.5075e-08	3.1147e-08	1.6599e-08	3.8916e-08
0.001	11.65	1.121e-05	1.1266e-05	9.8246e-06	9.4861e-06	1.013e-05	1.1251e-05	1.1885e-05	1.0052e-05	1.0808e-05	1.1792e-05	1.0196e-05	9.6835e-06	1.2429e-05	1.0439e-05	1.0671e-05	2.6297e-08	1.0852e-08	4.6597e-08	2.8827e-08	2.2673e-08	5.3104e-09	2.7264e-08	1.3767e-08	1.4855e-08	1.4682e-07	1.9949e-08	1.3668e-08	4.3898e-08	2.0262e-08	3.7571e-08
0.004	4.05	1.5544e-05	1.4492e-05	1.693e-05	1.6615e-05	1.5312e-05	1.5334e-05	1.4926e-05	1.4523e-05	1.6384e-05	1.6386e-05	1.5089e-05	1.5551e-05	1.7446e-05	1.5348e-05	1.4771e-05	1.4948e-06	1.5275e-06	1.4365e-06	1.5259e-06	1.4802e-06	1.5129e-06	1.468e-06	1.4672e-06	1.5548e-06	1.5174e-06	1.4714e-06	1.437e-06	1.4527e-06	1.4854e-06	1.4635e-06
0.004	5.4	2.0537e-05	1.8881e-05	2.0831e-05	2.0248e-05	2.1716e-05	1.9423e-05	2.1265e-05	1.9366e-05	2.0528e-05	1.9672e-05	1.9104e-05	1.9298e-05	2.0918e-05	1.911e-05	1.9234e-05	7.1125e-07	8.0666e-07	7.3571e-07	7.6762e-07	7.2656e-07	7.5706e-07	7.4572e-07	6.6949e-07	7.1818e-07	7.146e-07	7.59e-07	6.9745e-07	7.3351e-07	6.9698e-07	6.6596e-07
0.004	6.65	2.1195e-05	2.2573e-05	2.1589e-05	2.2016e-05	1.9696e-05	2.0114e-05	1.9798e-05	2.0818e-05	2.1889e-05	1.9216e-05	2.1842e-05	2.047e-05	2.1798e-05	2.0401e-05	2.047e-05	3.7924e-07	3.9867e-07	3.8956e-07	3.8424e-07	4.0731e-07	4.5757e-07	4.3398e-07	3.7931e-07	4.2614e-07	4.8008e-07	4.3095e-07	4.4619e-07	4.2494e-07	3.9767e-07	4.1676e-07
0.004	8.9	1.7644e-05	1.8137e-05	1.7611e-05	1.8344e-05	1.7867e-05	1.7442e-05	1.701e-05	1.8924e-05	1.737e-05	1.6747e-05	1.8292e-05	1.7828e-05	1.7861e-05	1.7596e-05	1.8535e-05	2.0358e-07	2.6786e-07	1.8877e-07	1.771e-07	1.7594e-07	1.6783e-07	1.9006e-07	1.8785e-07	2.1039e-07	2.0966e-07	2.1714e-07	2.1637e-07	1.8503e-07	2.1821e-07	1.7367e-07
0.004	11.65	1.2313e-05	1.1926e-05	1.3018e-05	1.2352e-05	1.4221e-05	1.3133e-05	1.0881e-05	1.3485e-05	1.2798e-05	1.2508e-05	1.1591e-05	1.1966e-05	1.2449e-05	1.2839e-05	1.2618e-05	7.4325e-08	4.8225e-08	6.9395e-08	9.9696e-08	9.2892e-08	8.8621e-08	8.3621e-08	8.0143e-08	6.7222e-08	8.8643e-08	7.2618e-08	1.0947e-07	7.5846e-08	5.945e-08	8.756e-08
0.01	4.05	1.1465e-05	1.0622e-05	1.0212e-05	1.0499e-05	1.07e-05	1.1101e-05	1.0011e-05	1.1582e-05	1.0462e-05	1.1208e-05	1.0422e-05	1.1179e-05	1.071e-05	1.0397e-05	1.0719e-05	4.7968e-06	4.8796e-06	4.8715e-06	4.6944e-06	4.5681e-06	4.8616e-06	4.8572e-06	4.8797e-06	4.6861e-06	4.6869e-06	4.9879e-06	4.6968e-06	4.928e-06	4.6026e-06	4.6354e-06
0.01	5.4	1.1034e-05	1.0747e-05	1.028e-05	1.0489e-05	9.5412e-06	1.0568e-05	1.1057e-05	1.0183e-05	1.0657e-05	1.085e-05	9.8462e-06	1.0551e-05	9.6457e-06	9.6158e-06	9.8895e-06	2.4917e-06	2.4695e-06	2.4266e-06	2.8161e-06	2.4416e-06	2.42e-06	2.5635e-06	2.5002e-06	2.2559e-06	2.3374e-06	2.4196e-06	2.6442e-06	2.5366e-06	2.4315e-06	2.5095e-06
0.01	6.65	1.1462e-05	1.1464e-05	1.0692e-05	1.0806e-05	1.0054e-05	1.1489e-05	1.0159e-05	1.0383e-05	1.0396e-05	1.0931e-05	1.0102e-05	1.1567e-05	1.0829e-05	1.0676e-05	1.0635e-05	1.5584e-06	1.6144e-06	1.6218e-06	1.6557e-06	1.461e-06	1.5361e-06	1.4353e-06	1.6913e-06	1.6257e-06	1.4663e-06	1.5221e-06	1.502e-06	1.4209e-06	1.5078e-06	1.5118e-06
0.01	8.9	1.0677e-05	9.8621e-06	9.7914e-06	8.5325e-06	1.1031e-05	8.7837e-06	1.0831e-05	9.6322e-06	1.0509e-05	9.4826e-06	1.0119e-05	1.0621e-05	1.0565e-05	1.0496e-05	1.0112e-05	7.9541e-07	6.0727e-07	6.8598e-07	7.9069e-07	7.0157e-07	8.0486e-07	6.8909e-07	8.0236e-07	6.5299e-07	6.4506e-07	7.7501e-07	7.3911e-07	7.6009e-07	6.7929e-07	6.6824e-07
0.01	11.65	8.6966e-06	9.6466e-06	7.8417e-06	7.8926e-06	8.0993e-06	8.8313e-06	8.2074e-06	8.6274e-06	7.9883e-06	8.4022e-06	8.3022e-06	9.2656e-06	8.3298e-06	8.2967e-06	7.9303e-06	3.2377e-07	4.672e-07	3.7333e-07	3.8696e-07	3.1751e-07	3.2009e-07	4.277e-07	3.9408e-07	3.6043e-07	4.4401e-07	3.041e-07	3.6044e-07	3.8027e-07	3.4941e-07	4.0277e-07
0.02	4.05	1.2288e-05	1.1481e-05	1.1745e-05	1.1366e-05	1.1669e-05	1.1288e-05	1.135e-05	1.159e-05	1.1023e-05	1.1612e-05	1.2097e-05	1.1954e-05	1.1287e-05	1.2425e-05	1.2051e-05	7.7857e-06	7.8832e-06	8.4695e-06	8.7449e-06	8.6098e-06	7.903e-06	8.2592e-06	8.851e-06	8.3493e-06	8.3808e-06	7.9842e-06	8.6686e-06	7.9578e-06	8.8072e-06	7.9683e-06
0.02	5.4	9.1647e-06	9.5065e-06	8.4668e-06	9.3088e-06	9.4638e-06	8.9696e-06	8.9863e-06	9.9573e-06	9.6244e-06	9.5187e-06	8.8983e-06	9.3477e-06	9.5651e-06	9.512e-06	8.9834e-06	4.4327e-06	4.3435e-06	4.6239e-06	4.5966e-06	4.1367e-06	4.2668e-06	4.3111e-06	4.4851e-06	4.4135e-06	4.7146e-06	4.3633e-06	4.093e-06	4.5379e-06	5.0232e-06	4.3774e-06
0.02	6.65	7.7312e-06	8.6196e-06	7.6225e-06	8.438e-06	8.3391e-06	8.9326e-06	8.5166e-06	8.4419e-06	8.6974e-06	8.1903e-06	7.9571e-06	8.2842e-06	9.1004e-06	8.3776e-06	7.7551e-06	2.3445e-06	2.6778e-06	2.7762e-06	2.6223e-06	2.6855e-06	2.6943e-06	2.2206e-06	2.8624e-06	2.7395e-06	2.6373e-06	2.8655e-06	2.7038e-06	2.511e-06	2.664e-06	2.7068e-06
0.02	8.9	7.8425e-06	7.8557e-06	7.6179e-06	7.7804e-06	7.1916e-06	8.029e-06	7.1012e-06	7.1999e-06	7.5568e-06	7.7564e-06	7.9772e-06	6.7453e-06	7.3648e-06	7.3924e-06	7.5175e-06	1.3777e-06	1.3527e-06	1.0734e-06	1.4546e-06	1.503e-06	1.4944e-06	1.4675e-06	1.1726e-06	1.3081e-06	1.2793e-06	1.1217e-06	1.188e-06	1.0418e-06	1.3178e-06	1.4921e-06
0.02	11.65	5.8756e-06	6.0907e-06	5.5456e-06	6.3254e-06	6.0507e-06	6.5344e-06	6.2365e-06	6.7603e-06	5.7259e-06	6.2596e-06	6.1924e-06	6.2603e-06	6.1128e-06	6.7149e-06	6.8891e-06	5.7825e-07	6.7508e-07	7.1717e-07	8.4246e-07	6.7399e-07	8.2456e-07	8.0599e-07	6.4522e-07	6.386e-07	8.0868e-07	7.1708e-07	7.2484e-07	7.4384e-07	7.7131e-07	6.916e-07
0.05	4.05	1.7381e-05	1.5884e-05	1.6471e-05	1.5546e-05	1.5076e-05	1.6966e-05	1.688e-05	1.6079e-05	1.5231e-05	1.6237e-05	1.7039e-05	1.6803e-05	1.6588e-05	1.6567e-05	1.6899e-05	1.3834e-05	1.5705e-05	1.5105e-05	1.4525e-05	1.5314e-05	1.5642e-05	1.573e-05	1.5885e-05	1.418e-05	1.4715e-05	1.5255e-05	1.4596e-05	1.53e-05	1.5182e-05	1.4712e-05
0.05	5.4	9.7998e-06	9.3031e-06	9.6756e-06	9.7934e-06	1.0197e-05	9.379e-06	1.04e-05	9.0452e-06	9.3862e-06	9.4869e-06	9.0235e-06	8.8939e-06	9.7148e-06	9.0184e-06	1.0197e-05	8.4395e-06	8.035e-06	7.9435e-06	7.8821e-06	8.3712e-06	7.9797e-06	8.4806e-06	7.1442e-06	7.6484e-06	7.8771e-06	7.6938e-06	7.2526e-06	8.4732e-06	7.5984e-06	8.4948e-06
0.05	6.65	7.2738e-06	7.4159e-06	7.0732e-06	7.2832e-06	7.5593e-06	7.9109e-06	7.5093e-06	6.7669e-06	7.4299e-06	7.586e-06	6.7798e-06	6.4736e-06	7.7004e-06	7.0906e-06	8.3482e-06	4.9765e-06	4.2791e-06	4.9699e-06	5.3961e-06	5.7928e-06	5.0636e-06	5.4423e-06	5.6071e-06	5.2894e-06	6.0059e-06	4.7534e-06	6.1022e-06	5.3508e-06	5.1104e-06	5.3746e-06
0.05	8.9	4.6651e-06	4.7394e-06	5.0672e-06	4.5191e-06	4.238e-06	5.4078e-06	4.8836e-06	4.5226e-06	5.5352e-06	4.851e-06	5.0055e-06	4.7877e-06	5.1574e-06	5.1361e-06	5.4003e-06	2.8542e-06	2.6102e-06	2.8363e-06	3.4092e-06	3.0441e-06	2.526e-06	2.9937e-06	2.7265e-06	2.7304e-06	2.6523e-06	3.2622e-06	3.142e-06	2.8823e-06	2.751e-06	3.0013e-06
0.05	11.65	3.5156e-06	3.5972e-06	3.7338e-06	3.7561e-06	3.1723e-06	3.4345e-06	3.9445e-06	4.1851e-06	3.5556e-06	3.2992e-06	4.7904e-06	3.9597e-06	3.0801e-06	4.536e-06	4.0743e-06	1.9905e-06	1.7969e-06	1.2034e-06	1.3711e-06	1.6345e-06	1.9345e-06	1.3016e-06	1.8468e-06	1.4697e-06	1.6282e-06	1.6955e-06	1.6133e-06	1.882e-06	1.8424e-06	1.7084e-06
0.1	4.05	1.706e-05	1.9008e-05	1.8462e-05	1.8303e-05	1.7145e-05	1.7047e-05	1.8046e-05	1.8008e-05	1.6655e-05	1.7422e-05	1.7876e-05	1.8215e-05	1.8039e-05	1.6688e-05	1.6276e-05	1.6404e-05	1.583e-05	1.65e-05	1.6619e-05	1.6144e-05	1.6508e-05	1.6365e-05	1.5693e-05	1.6513e-05	1.5399e-05	1.6587e-05	1.7487e-05	1.7904e-05	1.5974e-05	1.6439e-05
0.1	5.4	1.1918e-05	1.0407e-05	1.1985e-05	1.1045e-05	1.2164e-05	1.0728e-05	1.2181e-05	1.0547e-05	1.1496e-05	1.215e-05	1.178e-05	1.1424e-05	1.1975e-05	1.1237e-05	1.1918e-05	1.0932e-05	1.0254e-05	1.024e-05	9.3232e-06	1.0156e-05	9.6096e-06	1.1081e-05	9.116e-06	1.031e-05	1.0218e-05	1.003e-05	8.897e-06	1.0289e-05	1.0775e-05	1.0085e-05
0.1	6.65	9.8684e-06	8.1649e-06	8.2993e-06	8.1068e-06	8.9916e-06	8.0996e-06	8.8458e-06	8.7188e-06	7.6777e-06	9.1507e-06	8.8009e-06	9.2476e-06	8.7169e-06	8.7413e-06	8.2292e-06	7.1629e-06	6.7236e-06	7.9367e-06	7.5033e-06	7.687e-06	6.7464e-06	7.0361e-06	7.3387e-06	7.6974e-06	7.3406e-06	8.1759e-06	6.5591e-06	7.4233e-06	7.3472e-06	6.6e-06
0.1	8.9	5.3273e-06	6.2411e-06	4.9799e-06	5.3384e-06	5.9191e-06	5.4027e-06	6.0762e-06	5.0289e-06	5.9316e-06	4.9307e-06	5.7813e-06	5.7418e-06	5.5948e-06	5.0215e-06	4.8336e-06	3.6969e-06	4.4508e-06	4.1744e-06	4.0987e-06	3.9843e-06	4.6719e-06	4.0393e-06	4.385e-06	4.2354e-06	4.5539e-06	3.9211e-06	3.9804e-06	4.0244e-06	4.5117e-06	3.9261e-06
0.1	11.65	3.1068e-06	3.9776e-06	3.7182e-06	4.5352e-06	4.164e-06	3.3075e-06	3.6424e-06	3.8744e-06	2.9257e-06	3.3524e-06	3.8573e-06	3.5113e-06	4.3031e-06	4.1729e-06	3.8404e-06	2.1602e-06	2.2991e-06	2.4495e-06	2.1136e-06	2.2677e-06	1.8811e-06	1.7054e-06	1.9775e-06	2.3813e-06	2.1037e-06	2.2097e-06	2.3235e-06	2.3942e-06	2.4067e-06	2.3157e-06
0.2	4.05	1.4183e-05	1.2025e-05	1.3453e-05	1.2999e-05	1.4503e-05	1.3329e-05	1.4232e-05	1.3588e-05	1.362e-05	1.4219e-05	1.3584e-05	1.3094e-05	1.3741e-05	1.375e-05	1.3244e-05	1.223e-05	1.2989e-05	1.2826e-05	1.1887e-05	1.3537e-05	1.4017e-05	1.357e-05	1.294e-05	1.2095e-05	1.247e-05	1.3336e-05	1.2268e-05	1.2629e-05	1.3331e-05	1.3447e-05
0.2	5.4	9.052e-06	9.6601e-06	9.7251e-06	1.0498e-05	9.0848e-06	9.0052e-06	9.7142e-06	7.8731e-06	9.9493e-06	9.6015e-06	9.3859e-06	9.754e-06	9.3305e-06	8.7566e-06	1.0162e-05	8.5846e-06	8.6025e-06	9.3132e-06	8.697e-06	7.9209e-06	7.6963e-06	8.9749e-06	7.1963e-06	8.9809e-06	8.7448e-06	7.9471e-06	8.0329e-06	8.2302e-06	8.0602e-06	9.5988e-06
0.2	6.65	7.3012e-06	7.5202e-06	6.6884e-06	7.3422e-06	7.8762e-06	6.9323e-06	8.1535e-06	7.8043e-06	7.2236e-06	7.8267e-06	6.8544e-06	7.146e-06	6.5744e-06	7.693e-06	6.8963e-06	6.007e-06	5.8065e-06	5.4724e-06	5.524e-06	6.3862e-06	6.4829e-06	6.068e-06	6.5083e-06	6.1011e-06	6.4769e-06	4.8336e-06	6.4016e-06	5.7312e-06	6.3867e-06	5.8359e-06
0.2	8.9	5.2078e-06	5.236e-06	5.7693e-06	5.3078e-06	4.9854e-06	5.8878e-06	4.9382e-06	5.4874e-06	4.6489e-06	5.3208e-06	5.733e-06	5.3588e-06	5.3762e-06	5.7094e-06	5.2186e-06	4.4819e-06	3.9305e-06	3.5626e-06	4.2322e-06	3.7943e-06	4.2052e-06	3.7289e-06	3.7375e-06	4.2307e-06	4.6852e-06	4.3887e-06	4.5247e-06	3.5765e-06	3.6448e-06	3.5426e-06
0.2	11.65	3.64e-06	4.4199e-06	4.0713e-06	4.3822e-06	3.5815e-06	4.4485e-06	3.5543e-06	4.2038e-06	3.7863e-06	3.7284e-06	3.9737e-06	4.3623e-06	4.2231e-06	3.9682e-06	3.7642e-06	3.1507e-06	3.1202e-06	2.4466e-06	2.3128e-06	2.5914e-06	3.1452e-06	2.6007e-06	3.3677e-06	2.8351e-06	2.7169e-06	2.8117e-06	2.45e-06	2.5982e-06	2.2361e-06	2.2369e-06
0.5	4.05	1.7141e-05	1.7362e-05	1.6113e-05	1.7111e-05	1.6632e-05	1.5478e-05	1.7262e-05	1.6885e-05	1.6067e-05	1.6031e-05	1.5418e-05	1.5995e-05	1.4737e-05	1.6598e-05	1.5762e-05	1.4825e-05	1.4841e-05	1.4807e-05	1.4824e-05	1.5018e-05	1.4612e-05	1.4612e-05	1.4695e-05	1.4286e-05	1.4408e-05	1.53e-05	1.383e-05	1.4626e-05	1.5206e-05	1.6713e-05
0.5	5.4	1.0954e-05	9.7905e-06	1.1222e-05	1.0373e-05	1.1271e-05	1.1279e-05	1.1843e-05	1.1772e-05	1.049e-05	1.1892e-05	1.2486e-05	1.1029e-05	1.1501e-05	1.0413e-05	1.0928e-05	1.0464e-05	9.056e-06	9.648e-06	9.1512e-06	9.6915e-06	9.7486e-06	8.3994e-06	1.0047e-05	8.9726e-06	9.2848e-06	1.0695e-05	9.8136e-06	1.0401e-05	1.0341e-05	9.7978e-06
0.5	6.65	8.6979e-06	7.8936e-06	7.9265e-06	9.3559e-06	7.1453e-06	7.477e-06	9.1301e-06	8.1993e-06	8.0123e-06	7.8845e-06	7.3334e-06	7.7412e-06	8.1316e-06	8.2145e-06	8.055e-06	8.0627e-06	6.727e-06	6.9434e-06	8.1052e-06	5.91e-06	7.1066e-06	7.4046e-06	7.6187e-06	7.215e-06	7.2759e-06	7.0771e-06	6.5784e-06	7.3902e-06	7.5956e-06	6.6402e-06
0.5	8.9	5.0986e-06	6.9849e-06	5.8986e-06	5.2699e-06	6.1066e-06	5.9323e-06	5.272e-06	6.7586e-06	5.4943e-06	6.0274e-06	6.1047e-06	6.6742e-06	5.0569e-06	6.2547e-06	5.544e-06	4.6812e-06	4.2547e-06	4.8315e-06	5.1207e-06	4.3165e-06	4.2245e-06	4.6763e-06	4.9421e-06	4.5405e-06	4.5058e-06	4.7645e-06	3.9453e-06	4.9349e-06	4.6678e-06	4.5756e-06
0.5	11.65	3.7175e-06	4.346e-06	4.1942e-06	4.5267e-06	4.596e-06	4.0505e-06	3.9419e-06	4.7859e-06	3.7482e-06	3.8335e-06	4.1303e-06	4.904e-06	4.0445e-06	4.5307e-06	4.2849e-06	2.8119e-06	3.6372e-06	2.3357e-06	3.3975e-06	2.9571e-06	2.9336e-06	3.1724e-06	2.9803e-06	3.5723e-06	3.2373e-06	2.7999e-06	2.6146e-06	2.877e-06	3.1978e-06	2.6094e-06
1.0	4.05	2.0325e-05	1.9694e-05	2.109e-05	2.2722e-05	2.1855e-05	2.2319e-05	2.0056e-05	2.1767e-05	1.9798e-05	2.1904e-05	2.1295e-05	1.9529e-05	2.0464e-05	2.0239e-05	2.1514e-05	1.8684e-05	2.1531e-05	2.0693e-05	2.054e-05	2.0178e-05	2.0707e-05	1.9407e-05	1.7426e-05	1.9985e-05	1.9206e-05	1.8521e-05	1.8992e-05	1.9524e-05	2.2338e-05	1.8662e-05
1.0	5.4	1.3576e-05	1.4538e-05	1.319e-05	1.3144e-05	1.3846e-05	1.3239e-05	1.3908e-05	1.3042e-05	1.4707e-05	1.3567e-05	1.2948e-05	1.4575e-05	1.392e-05	1.4092e-05	1.3221e-05	1.2741e-05	1.1862e-05	1.3578e-05	1.2408e-05	1.2835e-05	1.3697e-05	1.3047e-05	1.2016e-05	1.1018e-05	1.1956e-05	1.2668e-05	1.2342e-05	1.2258e-05	1.2443e-05	1.2425e-05
1.0	6.65	1.0664e-05	1.0055e-05	1.0813e-05	1.0488e-05	9.3516e-06	1.025e-05	1.0961e-05	1.0119e-05	1.0305e-05	1.0207e-05	1.0935e-05	1.0182e-05	1.1181e-05	1.0969e-05	9.085e-06	9.5891e-06	1.0033e-05	9.0465e-06	9.7905e-06	8.351e-06	9.024e-06	8.343e-06	9.785e-06	9.7578e-06	9.4345e-06	8.1787e-06	8.5156e-06	8.8069e-06	8.6879e-06	9.6303e-06
1.0	8.9	8.0993e-06	6.8165e-06	7.4178e-06	6.0133e-06	7.3882e-06	6.942e-06	6.6914e-06	7.8775e-06	6.8334e-06	6.8502e-06	7.3234e-06	7.6056e-06	7.8655e-06	8.1328e-06	6.3362e-06	5.3944e-06	5.8357e-06	6.4024e-06	5.8777e-06	5.9427e-06	6.5997e-06	5.9123e-06	5.8196e-06	5.1852e-06	5.8679e-06	5.9797e-06	4.9702e-06	5.7687e-06	5.3129e-06	4.8951e-06
1.0	11.65	5.5194e-06	5.8208e-06	5.1183e-06	5.4499e-06	5.7121e-06	4.2694e-06	5.3885e-06	4.8786e-06	4.6967e-06	5.1354e-06	5.5308e-06	4.8104e-06	4.5315e-06	4.7938e-06	5.1632e-06	4.2773e-06	3.9982e-06	3.4865e-06	3.6386e-06	3.5005e-06	4.2376e-06	3.3028e-06	3.7302e-06	4.313e-06	3.4783e-06	4.4521e-06	3.9363e-06	3.4042e-06	4.1424e-06	4.0532e-06