E	r	rate6	rate7
2.5e-11	4.05	2.2806e-05	2.2387e-05	2.3547e-05	2.3882e-05	2.5229e-05	2.4084e-05	2.4909e-05	2.4254e-05	2.3801e-05	2.3055e-05	2.44e-05	2.4201e-05	2.3741e-05	2.4064e-05	2.3471e-05	5.2296e-08	5.7449e-08	5.4556e-08	3.1038e-08	3.5481e-08	2.4104e-08	3.6503e-08	1.8236e-08	3.9229e-08	4.5984e-08	1.1546e-08	6.4481e-08	2.0631e-08	2.2358e-08	1.7259e-08
2.5e-11	5.4	9.1356e-06	8.9411e-06	9.9353e-06	1.0425e-05	1.0827e-05	1.0136e-05	1.0534e-05	1.0277e-05	9.0355e-06	9.6421e-06	9.9678e-06	1.0598e-05	9.8888e-06	9.6694e-06	9.6631e-06	7.5628e-09	1.9604e-08	1.1576e-08	1.0361e-08	5.2013e-09	2.444e-08	2.674e-08	4.2919e-08	2.0149e-09	1.6337e-08	1.5261e-08	3.5326e-09	1.541e-08	8.5411e-09	2.3856e-08
2.5e-11	6.65	5.1615e-06	5.097e-06	5.0921e-06	4.8478e-06	4.499e-06	4.3552e-06	4.4154e-06	5.0925e-06	4.7507e-06	4.9774e-06	5.1215e-06	4.7512e-06	4.8e-06	4.894e-06	4.7392e-06	1.5991e-08	1.0423e-08	1.5775e-08	1.5463e-09	1.3132e-09	2.7112e-08	4.4776e-09	1.7169e-08	2.5943e-08	1.1427e-08	1.7736e-08	2.6954e-09	3.2271e-08	1.1496e-08	2.7873e-09
2.5e-11	8.9	1.565e-06	1.7245e-06	1.572e-06	1.8897e-06	1.7563e-06	1.6084e-06	1.7004e-06	1.2394e-06	1.7447e-06	1.84e-06	2.0688e-06	1.0498e-06	1.154e-06	1.816e-06	1.101e-06	1.9599e-08	8.6081e-09	2.2089e-08	4.1979e-09	6.2648e-09	1.2707e-13	8.0775e-09	1.7383e-09	1.0657e-09	1.0472e-08	9.061e-09	6.7675e-09	1.0425e-13	7.525e-09	5.6136e-10
2.5e-11	11.65	3.9917e-07	3.6929e-07	3.6489e-07	4.5056e-07	3.2271e-07	5.4492e-07	3.1184e-07	4.1192e-07	2.5226e-07	7.9035e-07	2.2496e-07	5.1449e-07	2.9075e-07	1.9761e-07	3.403e-07	3.0466e-09	4.5388e-09	7.9758e-14	1.5204e-09	4.5126e-09	7.0842e-09	1.6317e-14	1.7407e-08	1.3673e-13	1.5196e-14	0.0	9.7081e-09	1.7436e-08	1.3706e-09	2.7323e-10
1e-10	4.05	4.6488e-05	4.9742e-05	4.5894e-05	4.5993e-05	4.7875e-05	4.7261e-05	4.766e-05	4.5777e-05	5.0186e-05	4.7685e-05	4.9352e-05	4.5681e-05	4.7683e-05	4.8668e-05	4.6136e-05	3.3496e-08	4.0523e-08	3.7631e-08	6.2821e-08	1.0588e-08	3.0846e-08	3.8557e-08	4.5438e-08	4.8117e-08	7.905e-08	3.1354e-08	6.5741e-08	2.722e-08	4.8204e-08	3.2431e-08
1e-10	5.4	1.9883e-05	1.9405e-05	1.9411e-05	1.8669e-05	1.847e-05	1.905e-05	2.0114e-05	2.0294e-05	1.9382e-05	1.9126e-05	1.9684e-05	1.872e-05	1.7767e-05	1.9211e-05	1.9381e-05	8.9072e-09	9.4232e-09	2.1591e-08	3.6924e-08	6.5006e-08	6.1918e-10	4.5511e-08	4.8432e-08	1.4326e-08	1.453e-08	6.0706e-08	2.0777e-08	1.1558e-08	3.5709e-08	5.3932e-08
1e-10	6.65	1.0301e-05	9.5094e-06	9.3784e-06	1.0025e-05	9.5682e-06	8.5313e-06	8.4386e-06	7.7057e-06	9.2267e-06	8.6668e-06	1.011e-05	9.5266e-06	9.3453e-06	9.0232e-06	8.9643e-06	2.8279e-08	1.8824e-08	2.852e-08	1.7954e-08	2.5615e-09	4.0867e-08	1.431e-08	1.7067e-08	1.5877e-08	1.2389e-08	7.2873e-09	2.3605e-08	2.2378e-09	1.7603e-09	3.055e-08
1e-10	8.9	2.708e-06	2.4505e-06	2.8946e-06	2.8445e-06	2.1065e-06	2.8696e-06	3.2824e-06	2.6208e-06	2.5288e-06	2.4977e-06	2.4319e-06	2.7039e-06	2.6703e-06	3.1718e-06	2.7308e-06	3.6193e-13	2.9763e-08	1.4871e-09	8.6683e-13	2.6255e-09	8.6272e-09	7.641e-09	8.9026e-09	7.3831e-09	8.4858e-09	4.9421e-09	5.4092e-09	4.4304e-09	9.4039e-09	5.3325e-09
1e-10	11.65	7.6508e-07	8.3081e-07	6.9642e-07	7.5326e-07	6.7252e-07	1.1262e-06	5.0582e-07	6.8927e-07	4.8012e-07	8.1884e-07	6.3255e-07	7.5914e-07	5.9812e-07	7.2203e-07	6.2832e-07	1.3442e-09	2.3745e-08	4.1742e-10	1.4031e-09	3.3522e-09	1.0553e-08	1.4155e-13	1.2951e-08	1.2539e-08	1.6937e-08	1.0026e-09	1.1552e-08	1.3115e-08	7.296e-09	3.5159e-09
3e-10	4.05	8.0467e-05	7.717e-05	7.8214e-05	8.0537e-05	7.9158e-05	8.0175e-05	7.7128e-05	7.7619e-05	7.9588e-05	8.0366e-05	8.1373e-05	8.0065e-05	7.7756e-05	8.2152e-05	7.9963e-05	4.1904e-08	8.2687e-08	4.3599e-08	2.5719e-08	8.1073e-08	5.3258e-08	3.4948e-08	6.8997e-08	4.4078e-08	2.0816e-08	5.3677e-08	5.0961e-08	5.2317e-08	1.8401e-07	6.0763e-08
3e-10	5.4	3.1909e-05	3.2734e-05	3.4979e-05	3.2765e-05	3.3301e-05	3.0681e-05	3.2881e-05	3.3586e-05	3.2598e-05	3.412e-05	3.3469e-05	3.2782e-05	3.3504e-05	3.3259e-05	3.2239e-05	3.8154e-08	4.0629e-08	6.1688e-08	8.8928e-08	9.8259e-08	2.9798e-08	9.4969e-09	2.4835e-08	2.9028e-08	2.686e-08	2.6596e-08	5.1097e-08	5.2506e-08	5.8303e-08	1.4619e-08
3e-10	6.65	1.552e-05	1.5492e-05	1.5439e-05	1.6227e-05	1.6132e-05	1.4679e-05	1.5307e-05	1.5575e-05	1.5499e-05	1.4973e-05	1.6854e-05	1.6163e-05	1.4971e-05	1.5025e-05	1.5567e-05	8.3908e-09	3.8989e-08	7.3104e-09	1.4863e-08	4.2216e-09	3.7836e-09	1.2374e-08	1.0672e-09	1.1092e-08	1.0256e-08	3.0118e-09	2.9328e-09	8.6397e-09	2.2824e-08	6.0091e-08
3e-10	8.9	4.4348e-06	4.7689e-06	4.8615e-06	4.0014e-06	4.1976e-06	3.9442e-06	4.8704e-06	4.3292e-06	4.801e-06	5.5615e-06	4.8117e-06	5.292e-06	4.6185e-06	4.4404e-06	4.5292e-06	4.2107e-09	1.3817e-08	1.7864e-08	3.2915e-08	2.7857e-13	8.1657e-09	1.7592e-08	2.6019e-08	1.3947e-08	6.2575e-09	1.4575e-08	4.2764e-09	3.2093e-08	2.6235e-08	2.1587e-08
3e-10	11.65	1.1254e-06	1.4088e-06	8.2031e-07	1.4507e-06	1.213e-06	1.2522e-06	1.0628e-06	9.8528e-07	1.1264e-06	1.0524e-06	1.2812e-06	1.2258e-06	1.4492e-06	8.0366e-07	1.2902e-06	1.5788e-13	7.1286e-14	1.7695e-13	1.1635e-08	1.4391e-08	1.6848e-08	6.9254e-10	5.3727e-09	4.2283e-10	1.2271e-09	9.0472e-09	3.5834e-09	8.1857e-09	9.2146e-14	1.7469e-08
1e-09	4.05	0.00010519	0.00010195	0.00010276	0.00010231	0.00010308	0.00010489	0.00010458	0.00010441	0.00010695	0.00010504	0.00010356	0.00010365	0.00010635	0.00010242	0.0001059	1.3895e-07	3.8314e-08	2.8791e-08	5.4049e-08	3.1244e-08	3.9638e-08	9.8192e-08	9.4521e-08	6.3391e-08	5.7527e-08	9.4719e-08	8.9882e-08	4.2953e-08	5.4468e-08	6.9183e-08
1e-09	5.4	4.5464e-05	4.441e-05	4.3986e-05	4.3905e-05	4.3699e-05	4.5416e-05	4.388e-05	4.3117e-05	4.5301e-05	4.4981e-05	4.2535e-05	4.4594e-05	4.3459e-05	4.4014e-05	4.4134e-05	3.7314e-08	7.2415e-08	9.4789e-08	4.6994e-08	3.9139e-08	4.9165e-08	2.0337e-08	9.1142e-08	9.7466e-08	3.7197e-08	7.3497e-08	3.8713e-08	8.3869e-08	4.2395e-08	5.3596e-08
1e-09	6.65	2.2048e-05	2.2777e-05	2.2894e-05	2.0726e-05	2.2194e-05	2.2137e-05	2.1794e-05	2.2374e-05	2.1943e-05	2.266e-05	2.1355e-05	2.2946e-05	2.1204e-05	1.9056e-05	2.2309e-05	3.9697e-08	1.9592e-08	6.3315e-08	5.3882e-08	2.8639e-08	2.4445e-08	1.2929e-08	1.3581e-07	4.4792e-08	1.6272e-08	1.0636e-08	8.6266e-09	3.7103e-08	3.9366e-08	4.6763e-08
1e-09	8.9	5.4405e-06	6.1124e-06	6.4292e-06	6.7652e-06	6.6348e-06	7.719e-06	6.33e-06	6.1149e-06	5.8043e-06	6.8988e-06	6.0809e-06	6.6894e-06	6.6371e-06	6.7088e-06	6.1679e-06	3.06e-08	3.003e-08	1.652e-08	1.299e-08	3.5623e-08	2.1497e-08	2.4261e-08	1.2561e-08	8.7241e-13	1.0788e-08	1.4338e-08	1.128e-08	1.0149e-08	2.2098e-08	6.032e-10
1e-09	11.65	1.6071e-06	1.5814e-06	1.4161e-06	1.4661e-06	1.8791e-06	1.2656e-06	1.6445e-06	1.7932e-06	1.2379e-06	1.4618e-06	1.5449e-06	2.3937e-06	1.6241e-06	1.39e-06	1.4574e-06	7.7799e-09	5.5363e-11	5.7158e-09	1.382e-08	4.6148e-08	7.3703e-08	9.7201e-09	7.6948e-09	2.4412e-08	8.2507e-10	1.4682e-08	1.3488e-08	1.4733e-08	1.4523e-09	2.3868e-13
3e-09	4.05	0.00012009	0.00011789	0.00011864	0.00011883	0.00012077	0.0001185	0.0001179	0.00011733	0.00011821	0.00011749	0.00011712	0.0001155	0.00011512	0.00011871	0.00011634	1.2096e-07	1.0921e-07	3.6859e-08	2.2107e-08	5.4518e-08	4.7723e-08	8.118e-08	5.4941e-08	1.192e-07	7.0583e-08	2.9529e-08	8.7778e-08	1.3144e-08	9.7027e-08	5.0452e-08
3e-09	5.4	5.2794e-05	5.3322e-05	5.1371e-05	5.2969e-05	5.4043e-05	5.1042e-05	5.2482e-05	5.4078e-05	5.3363e-05	5.3738e-05	5.2214e-05	5.8288e-05	5.2265e-05	5.1162e-05	5.5478e-05	6.4626e-08	2.3678e-08	5.1132e-08	5.8849e-08	7.975e-08	4.0755e-08	1.0547e-07	1.3232e-07	1.0883e-07	4.9334e-08	2.4835e-08	1.9472e-08	3.4868e-08	2.0844e-08	5.2306e-08
3e-09	6.65	2.7874e-05	2.5631e-05	2.7313e-05	2.5971e-05	2.5791e-05	2.5203e-05	2.5992e-05	2.6859e-05	2.7585e-05	2.7461e-05	3.0274e-05	2.5311e-05	2.6806e-05	2.7896e-05	2.3815e-05	1.2883e-07	2.4724e-08	3.7587e-08	2.1576e-08	5.1355e-08	5.1997e-08	5.3509e-08	7.9263e-08	5.2304e-08	2.7635e-08	5.5648e-08	8.0777e-08	8.2857e-08	4.3052e-08	2.6558e-08
3e-09	8.9	7.4373e-06	7.6534e-06	8.2265e-06	7.5943e-06	7.565e-06	8.0669e-06	8.9646e-06	8.274e-06	7.6783e-06	7.7887e-06	6.7116e-06	8.955e-06	9.1324e-06	8.3414e-06	8.3548e-06	3.1674e-08	4.657e-08	6.0857e-09	2.9959e-08	1.0438e-08	6.0063e-08	1.316e-08	3.7359e-09	2.9596e-08	5.7841e-09	2.4773e-09	3.7124e-08	3.3633e-08	1.9822e-08	1.1954e-08
3e-09	11.65	2.0837e-06	1.9001e-06	2.7995e-06	1.9e-06	1.9682e-06	1.5169e-06	2.2654e-06	1.51e-06	1.5933e-06	2.4593e-06	1.945e-06	2.5272e-06	1.6875e-06	2.1066e-06	1.4587e-06	3.6891e-13	2.9943e-08	3.5035e-13	1.2509e-08	3.7281e-08	9.0431e-09	2.7471e-08	3.5602e-09	9.5253e-14	4.1669e-09	6.3781e-09	2.7603e-09	6.3229e-13	5.6561e-08	3.5019e-13
1e-08	4.05	0.00012751	0.00013237	0.00012981	0.0001271	0.00013021	0.00012331	0.00012674	0.00012535	0.00012802	0.000129	0.00012587	0.00013037	0.00012371	0.00012369	0.00012702	1.1331e-07	8.3518e-08	7.32e-08	6.9353e-08	6.4624e-08	8.7836e-08	3.9981e-08	2.8505e-08	1.0206e-07	9.2325e-08	1.6415e-08	2.0695e-08	5.6164e-08	1.9832e-08	1.3748e-07
1e-08	5.4	6.2262e-05	6.0322e-05	6.0038e-05	6.2093e-05	6.0891e-05	6.2592e-05	5.9521e-05	5.8899e-05	6.5484e-05	6.1209e-05	5.9773e-05	6.5351e-05	6.2965e-05	5.9773e-05	6.1163e-05	2.666e-08	7.6853e-08	4.19e-08	1.4468e-08	2.6068e-08	1.4439e-08	4.0418e-08	1.2249e-07	1.2113e-07	6.5798e-08	3.818e-08	4.3012e-08	4.1654e-08	6.1389e-08	4.867e-08
1e-08	6.65	2.9635e-05	3.1709e-05	3.2819e-05	3.3672e-05	3.4091e-05	3.3451e-05	3.2772e-05	3.0126e-05	3.1827e-05	3.2895e-05	3.3146e-05	3.3228e-05	2.7957e-05	3.1338e-05	3.2567e-05	6.9901e-08	4.3885e-08	5.3769e-08	1.4115e-08	4.7458e-08	5.6522e-08	2.7479e-08	8.8592e-08	2.6796e-08	4.8148e-08	6.2485e-08	4.2533e-08	6.7465e-08	5.2626e-08	3.5133e-08
1e-08	8.9	1.0802e-05	1.1052e-05	1.001e-05	1.0557e-05	1.0322e-05	1.1173e-05	9.7595e-06	1.0181e-05	1.0846e-05	1.0689e-05	1.0491e-05	9.4295e-06	1.1773e-05	1.0769e-05	9.7904e-06	2.1936e-08	3.2368e-09	1.6153e-08	7.5694e-09	2.1178e-08	1.7459e-08	1.0235e-08	1.671e-08	1.6919e-08	2.3604e-08	1.453e-08	7.5533e-09	4.673e-08	7.0069e-08	2.0051e-09
1e-08	11.65	3.1743e-06	2.7959e-06	3.3271e-06	2.9843e-06	3.1218e-06	2.6988e-06	2.5011e-06	2.1092e-06	2.5098e-06	2.6521e-06	2.7548e-06	3.5493e-06	1.8773e-06	2.0195e-06	2.6573e-06	2.4273e-08	3.4888e-08	1.2397e-08	1.6523e-13	3.4268e-08	3.8615e-13	3.0936e-08	1.3998e-13	1.326e-08	1.7283e-08	7.1139e-08	1.2656e-08	3.6759e-10	1.6023e-13	3.6348e-13
3e-08	4.05	0.00012326	0.00012121	0.00012426	0.0001202	0.00012303	0.00011997	0.00011963	0.0001216	0.0001223	0.00012242	0.00012062	0.00012101	0.00012082	0.000121	0.00012144	5.5828e-08	6.1649e-08	1.0822e-07	6.4168e-08	6.2215e-08	6.3934e-08	9.2759e-08	4.7874e-08	7.6035e-08	4.8407e-08	9.9781e-08	6.7514e-08	4.8251e-08	4.3093e-08	2.8699e-08
3e-08	5.4	6.2278e-05	6.173e-05	6.3157e-05	6.2478e-05	6.4334e-05	6.1405e-05	6.3988e-05	6.3987e-05	6.3048e-05	6.1436e-05	6.4171e-05	6.4957e-05	6.4067e-05	6.2705e-05	6.2662e-05	7.7747e-08	6.2489e-08	7.5845e-08	3.3863e-08	5.0474e-08	7.8259e-08	3.337e-08	2.6215e-08	9.9246e-08	2.7154e-08	6.7843e-08	6.2754e-08	5.001e-08	3.6885e-08	4.3802e-08
3e-08	6.65	3.3996e-05	3.3373e-05	3.4939e-05	3.0948e-05	3.453e-05	3.166e-05	3.4085e-05	3.3581e-05	3.5213e-05	3.326e-05	3.4869e-05	3.4458e-05	3.5649e-05	3.7492e-05	3.491e-05	4.6408e-08	4.7236e-08	4.4066e-08	4.619e-08	7.8324e-08	4.0282e-08	2.534e-08	7.6366e-08	5.0234e-08	3.7377e-08	1.6788e-08	3.7644e-08	1.8445e-08	2.6358e-08	1.8943e-08
3e-08	8.9	1.1073e-05	1.197e-05	1.0605e-05	1.1485e-05	9.6281e-06	9.4612e-06	9.622e-06	1.1006e-05	1.1545e-05	1.2077e-05	1.0497e-05	1.0522e-05	1.0875e-05	1.1899e-05	1.0434e-05	5.8717e-08	2.8556e-08	5.5761e-08	5.4081e-09	6.5353e-08	4.9456e-08	2.2626e-08	5.9678e-09	3.5132e-08	1.1655e-08	2.9132e-08	3.4597e-08	1.6625e-08	1.6322e-08	4.4951e-08
3e-08	11.65	2.7661e-06	2.8668e-06	3.5981e-06	2.5157e-06	2.244e-06	2.5479e-06	3.965e-06	3.2907e-06	3.159e-06	2.8079e-06	2.6178e-06	3.2629e-06	2.6815e-06	3.1803e-06	3.306e-06	2.445e-08	2.8949e-08	3.5248e-09	1.9045e-08	3.3116e-08	2.0312e-13	1.2104e-09	2.7317e-13	1.6661e-08	4.7542e-08	4.9372e-08	2.5585e-08	9.7258e-09	1.8094e-08	2.8048e-10
1e-07	4.05	0.00011454	0.00011688	0.0001116	0.00011407	0.00011343	0.00011596	0.00011503	0.00011398	0.00011336	0.00011047	0.00011577	0.00011291	0.00011295	0.00011471	0.00011392	2.9233e-08	9.4158e-09	6.948e-08	2.8928e-08	3.7335e-08	7.4984e-08	3.7142e-08	8.1041e-08	7.4794e-08	5.4067e-08	6.224e-08	7.3195e-08	2.6713e-08	3.3648e-08	4.7825e-08
1e-07	5.4	5.9322e-05	6.0978e-05	6.4891e-05	6.2746e-05	6.5457e-05	5.9758e-05	6.3871e-05	6.1892e-05	6.1681e-05	6.4816e-05	6.3599e-05	6.2854e-05	6.1195e-05	6.3732e-05	6.1934e-05	8.8545e-08	4.3033e-08	4.8893e-08	3.575e-08	4.7205e-08	2.2176e-08	1.097e-07	7.3504e-08	3.9951e-08	4.2386e-08	4.6169e-08	4.9832e-08	7.0292e-08	5.157e-08	4.1209e-08
1e-07	6.65	3.8642e-05	3.5049e-05	3.7079e-05	3.5913e-05	3.7534e-05	3.4172e-05	3.4986e-05	3.6116e-05	3.4923e-05	3.5617e-05	3.6643e-05	3.6023e-05	3.3376e-05	3.3956e-05	3.7568e-05	2.5382e-08	4.9826e-08	2.6333e-08	6.6044e-08	6.8158e-09	6.7113e-08	5.1265e-08	4.0538e-08	3.5279e-08	8.6201e-08	2.4814e-08	2.4232e-08	5.2864e-08	1.0304e-07	5.8936e-08
1e-07	8.9	1.2897e-05	1.2014e-05	1.2117e-05	1.2782e-05	1.3182e-05	1.2594e-05	1.3114e-05	1.1514e-05	1.1251e-05	1.3501e-05	1.1299e-05	1.0857e-05	1.3427e-05	1.1473e-05	1.1279e-05	1.8625e-08	6.8941e-10	7.129e-08	2.3484e-09	9.4131e-08	9.2699e-09	1.781e-08	3.8698e-08	2.4673e-08	3.473e-08	1.6578e-12	7.988e-09	3.7e-08	8.9292e-09	1.9819e-08
1e-07	11.65	3.9897e-06	3.5723e-06	2.9931e-06	3.0331e-06	3.5278e-06	2.9866e-06	2.9802e-06	3.0998e-06	3.9325e-06	3.3965e-06	2.5363e-06	3.2067e-06	3.1086e-06	3.2394e-06	4.3356e-06	1.5634e-13	1.5204e-08	2.6967e-08	7.9741e-10	3.4159e-08	4.0069e-13	8.1846e-09	6.0509e-09	5.7886e-09	3.1822e-08	5.2021e-09	4.3064e-13	3.9967e-13	8.3875e-09	2.5245e-08
3e-07	4.05	0.00010074	0.00010611	0.00010422	0.00010497	0.00010253	0.00010495	0.00010106	0.00010567	0.00010262	0.00010375	0.00010411	0.00010468	0.0001016	0.00010469	0.00010348	2.2401e-08	3.8862e-08	7.7953e-08	6.2333e-08	4.0138e-08	1.3891e-08	4.8532e-08	1.0856e-07	5.761e-08	3.7247e-08	4.3788e-08	7.8172e-08	2.6626e-08	4.5217e-08	6.262e-08
3e-07	5.4	6.1409e-05	6.2393e-05	6.1372e-05	6.1162e-05	6.1736e-05	6.361e-05	6.2395e-05	6.2621e-05	6.4015e-05	6.1115e-05	6.09e-05	5.8263e-05	5.8641e-05	6.2644e-05	6e-05	3.249e-08	3.4453e-08	2.5175e-08	7.8599e-09	6.1199e-08	2.5905e-08	4.7646e-08	5.0229e-08	6.2786e-08	2.7128e-08	3.7295e-08	5.5299e-08	4.9738e-08	5.2281e-08	5.1604e-08
3e-07	6.65	3.5166e-05	3.364e-05	3.4165e-05	3.6622e-05	3.591e-05	3.6044e-05	3.604e-05	3.5073e-05	3.5184e-05	3.5333e-05	3.6299e-05	3.4622e-05	3.4854e-05	3.5819e-05	3.463e-05	5.7561e-09	2.4049e-08	2.7028e-08	2.9157e-08	2.6403e-08	1.7388e-08	2.046e-08	8.3994e-09	7.596e-08	2.0965e-08	3.1272e-10	3.862e-08	1.3363e-08	4.4129e-08	1.4787e-08
3e-07	8.9	1.2887e-05	1.287e-05	1.2566e-05	1.2711e-05	1.3447e-05	1.2798e-05	1.2992e-05	1.3461e-05	1.4506e-05	1.3292e-05	1.2142e-05	1.1182e-05	1.2452e-05	1.2301e-05	1.2937e-05	7.8552e-09	1.6163e-08	2.3437e-09	1.4823e-08	1.0951e-07	2.7207e-08	3.0842e-08	1.6283e-09	2.506e-08	1.4986e-08	2.7236e-08	2.4178e-08	2.9531e-08	1.5946e-08	2.0048e-08
3e-07	11.65	3.7116e-06	2.9852e-06	4.1424e-06	3.2477e-06	4.016e-06	3.9885e-06	3.2065e-06	3.746e-06	3.6786e-06	2.9718e-06	2.8053e-06	3.7852e-06	3.0249e-06	2.9203e-06	4.1523e-06	2.0552e-08	9.7358e-09	2.8307e-08	3.1949e-09	3.4578e-08	4.561e-09	1.3145e-08	2.6226e-08	8.3674e-09	8.6824e-10	3.2519e-08	1.0883e-08	1.6752e-10	9.2361e-09	2.9003e-09
1e-06	4.05	9.0286e-05	9.0913e-05	9.4179e-05	9.1828e-05	9.0632e-05	9.0822e-05	9.1659e-05	8.9602e-05	9.232e-05	8.9805e-05	9.1715e-05	9.2833e-05	9.0779e-05	9.1657e-05	9.333e-05	4.5961e-08	9.9877e-08	5.621e-08	5.8702e-08	1.5385e-08	5.0286e-08	8.1485e-08	9.428e-09	7.54e-08	3.7332e-08	6.6129e-08	2.3121e-08	4.3263e-08	7.6273e-08	2.8133e-08
1e-06	5.4	5.8103e-05	5.8317e-05	5.8726e-05	6.0742e-05	6.0742e-05	5.5868e-05	5.8727e-05	5.8283e-05	5.8061e-05	5.8706e-05	5.7385e-05	5.6688e-05	6.1655e-05	5.9305e-05	5.718e-05	1.3664e-08	2.5651e-08	2.8022e-08	6.3046e-08	4.8376e-08	2.24e-08	1.9564e-08	3.9335e-08	3.2491e-08	4.4879e-08	2.0202e-08	4.4782e-08	6.3982e-08	3.4587e-08	3.9072e-08
1e-06	6.65	3.5998e-05	3.6879e-05	3.4843e-05	3.8623e-05	3.5886e-05	3.8815e-05	3.4823e-05	3.7085e-05	3.9297e-05	3.9743e-05	3.4819e-05	3.7833e-05	3.5574e-05	3.4454e-05	3.6169e-05	1.9162e-08	2.7726e-08	3.2772e-08	1.3188e-08	6.4332e-08	3.1662e-08	3.2132e-08	1.6603e-08	1.6542e-08	6.6924e-08	7.5962e-08	4.5055e-08	4.464e-08	4.1499e-08	6.9589e-08
1e-06	8.9	1.2948e-05	1.3303e-05	1.2719e-05	1.4597e-05	1.3322e-05	1.3052e-05	1.3653e-05	1.5138e-05	1.448e-05	1.4716e-05	1.4359e-05	1.3399e-05	1.3849e-05	1.5067e-05	1.2826e-05	1.3729e-08	5.4867e-08	5.313e-08	1.4504e-09	5.6752e-08	3.046e-08	1.6109e-09	1.6055e-08	5.7258e-08	1.5395e-08	1.5063e-08	1.5372e-08	1.2749e-08	3.6479e-08	4.5427e-08
1e-06	11.65	4.2016e-06	4.0271e-06	3.8724e-06	4.7396e-06	6.0387e-06	3.8831e-06	3.9852e-06	3.3802e-06	3.7491e-06	3.8089e-06	3.201e-06	3.2981e-06	3.2129e-06	3.39e-06	3.5208e-06	4.295e-09	2.2593e-08	1.3603e-08	2.0203e-08	5.2997e-08	2.9391e-08	8.13e-09	8.2113e-09	2.9934e-13	1.5292e-08	6.7256e-13	3.4862e-08	2.7491e-08	1.1754e-08	1.2811e-08
3e-06	4.05	8.3972e-05	8.0821e-05	8.3332e-05	8.334e-05	8.5277e-05	8.2341e-05	8.3815e-05	8.112e-05	8.398e-05	8.1703e-05	8.124e-05	8.3019e-05	8.1364e-05	8.3083e-05	8.3003e-05	1.2218e-08	7.1927e-08	2.2021e-08	2.4417e-08	2.8987e-08	8.7938e-09	2.6319e-08	4.8124e-08	2.4013e-08	3.4098e-08	2.7176e-08	1.2727e-08	4.2372e-08	4.3356e-08	4.8613e-08
3e-06	5.4	5.4747e-05	5.8052e-05	5.4045e-05	5.4596e-05	5.7146e-05	5.6367e-05	5.5368e-05	5.7974e-05	5.3209e-05	5.5359e-05	5.61e-05	5.9881e-05	5.4428e-05	5.3557e-05	5.8219e-05	8.3741e-08	1.2032e-08	5.3143e-08	1.2187e-08	1.5236e-08	6.8307e-09	3.9954e-08	2.5956e-08	5.5489e-08	1.8978e-08	4.7786e-08	6.0279e-08	9.8618e-08	3.505e-08	2.6442e-08
3e-06	6.65	3.6915e-05	3.4651e-05	3.5256e-05	3.4504e-05	3.679e-05	3.7932e-05	3.5821e-05	3.5733e-05	3.677e-05	3.3944e-05	3.5968e-05	3.6218e-05	3.5254e-05	3.557e-05	3.5445e-05	2.4013e-08	3.2368e-08	4.9046e-08	4.7944e-08	4.3487e-08	5.2293e-08	6.7448e-08	4.8304e-08	3.0034e-08	2.9897e-08	8.0799e-08	2.2495e-08	3.6209e-08	8.3697e-08	6.6898e-08
3e-06	8.9	1.3896e-05	1.4312e-05	1.4272e-05	1.4522e-05	1.3804e-05	1.4655e-05	1.3582e-05	1.5276e-05	1.4015e-05	1.344e-05	1.4972e-05	1.329e-05	1.4725e-05	1.3493e-05	1.2588e-05	2.396e-08	1.0467e-08	9.4727e-09	6.868e-09	1.4029e-08	1.8758e-08	7.0917e-09	8.5061e-10	1.5992e-08	1.3362e-08	1.4775e-08	3.7481e-08	1.6755e-08	1.1716e-08	5.7083e-09
3e-06	11.65	4.5778e-06	4.2247e-06	3.8324e-06	3.5535e-06	4.6556e-06	3.6276e-06	3.4153e-06	3.2504e-06	4.4875e-06	4.9022e-06	3.5485e-06	4.527e-06	4.2515e-06	3.6339e-06	4.8634e-06	1.2774e-07	1.8803e-08	1.4252e-08	1.9646e-08	8.6291e-09	7.3413e-09	4.4039e-08	5.1529e-09	2.2484e-08	1.0529e-08	5.2472e-10	3.5821e-08	2.09e-08	5.1496e-09	8.7016e-09
1e-05	4.05	7.332e-05	7.2345e-05	7.2277e-05	7.2193e-05	7.298e-05	7.267e-05	7.2087e-05	7.1339e-05	7.2761e-05	7.1835e-05	7.3149e-05	7.4116e-05	7.2664e-05	7.3864e-05	7.244e-05	5.3536e-08	2.0825e-08	9.5374e-09	2.3999e-08	9.1038e-09	2.6404e-08	1.4492e-08	2.6679e-08	4.3578e-08	4.1227e-09	1.6179e-08	4.1801e-08	3.0671e-08	4.1916e-09	1.2404e-08
1e-05	5.4	5.2451e-05	5.3124e-05	5.2418e-05	5.0372e-05	5.259e-05	5.3421e-05	5.337e-05	5.1355e-05	5.5596e-05	5.2568e-05	5.2855e-05	5.3221e-05	5.4079e-05	5.2386e-05	5.1919e-05	5.5902e-08	1.2142e-08	2.2399e-08	1.1336e-08	3.7398e-08	3.2871e-08	1.3834e-08	6.9967e-08	6.635e-08	3.6727e-08	1.8458e-08	3.0949e-08	5.2236e-08	7.603e-08	5.6421e-08
1e-05	6.65	3.4376e-05	3.5323e-05	3.5372e-05	3.5334e-05	3.6668e-05	3.598e-05	3.5849e-05	3.3966e-05	3.7247e-05	3.4338e-05	3.3527e-05	3.6718e-05	3.4748e-05	3.4891e-05	3.4774e-05	1.6588e-08	2.6015e-08	2.9344e-08	2.4857e-08	5.7802e-08	2.2646e-08	5.0473e-08	2.6074e-08	5.3241e-08	3.6e-08	6.6921e-08	2.1309e-08	3.9529e-08	4.7225e-08	1.8144e-08
1e-05	8.9	1.4167e-05	1.4295e-05	1.4493e-05	1.4483e-05	1.5025e-05	1.4253e-05	1.3648e-05	1.5066e-05	1.507e-05	1.5863e-05	1.4506e-05	1.7138e-05	1.5417e-05	1.5435e-05	1.6121e-05	1.5443e-08	1.7672e-12	3.6799e-08	2.4164e-08	2.779e-08	1.4097e-08	3.0966e-08	6.8236e-08	1.6809e-08	1.861e-08	3.3366e-08	3.6859e-08	4.1075e-08	2.5902e-08	2.4683e-08
1e-05	11.65	4.3075e-06	3.9577e-06	4.9004e-06	5.328e-06	5.0566e-06	5.4026e-06	3.2868e-06	5.0093e-06	4.5647e-06	4.7682e-06	4.5395e-06	4.9264e-06	4.8139e-06	3.5167e-06	3.5759e-06	2.3039e-10	2.5001e-08	3.6489e-09	5.3644e-08	5.736e-13	8.84e-09	5.804e-13	3.0048e-09	1.341e-08	1.1189e-08	2.6708e-13	2.5529e-08	3.1895e-09	4.254e-13	3.2898e-08
3e-05	4.05	6.3387e-05	6.302e-05	6.3376e-05	6.297e-05	6.5347e-05	6.2946e-05	6.3972e-05	6.5181e-05	6.3032e-05	6.1649e-05	6.3523e-05	6.3916e-05	6.5558e-05	6.3611e-05	6.4769e-05	2.7373e-08	5.102e-08	3.8286e-08	1.1982e-08	3.1594e-08	2.1226e-08	5.2994e-08	2.8001e-08	3.3394e-08	3.9876e-08	1.4378e-08	2.5113e-08	4.3012e-08	8.3815e-09	1.0308e-08
3e-05	5.4	5.2417e-05	5.1319e-05	4.9894e-05	5.1173e-05	5.1221e-05	5.1964e-05	5.2231e-05	5.2096e-05	5.1897e-05	4.8029e-05	5.1664e-05	5.0532e-05	5.1446e-05	5.2082e-05	5.0242e-05	5.1148e-08	5.4299e-08	3.0032e-08	2.8508e-08	7.6874e-08	3.8334e-08	3.0202e-08	4.3003e-09	2.348e-08	5.7345e-08	1.2626e-08	3.0484e-08	2.5643e-08	1.9719e-08	3.3182e-08
3e-05	6.65	3.627e-05	3.4741e-05	3.742e-05	3.6102e-05	3.6974e-05	3.544e-05	3.722e-05	3.5993e-05	3.6224e-05	3.9594e-05	3.5309e-05	3.4603e-05	3.5692e-05	3.3876e-05	3.5581e-05	3.4892e-08	1.5155e-08	3.0457e-08	5.1248e-08	3.5147e-08	7.3239e-09	4.3979e-08	2.5323e-08	3.639e-08	1.7962e-08	2.4849e-08	3.3799e-08	3.9007e-08	3.804e-08	3.5666e-08
3e-05	8.9	1.8303e-05	1.6356e-05	1.5745e-05	1.4714e-05	1.6064e-05	1.6972e-05	1.523e-05	1.6302e-05	1.6614e-05	1.5956e-05	1.8058e-05	1.7144e-05	1.5479e-05	1.6174e-05	1.5369e-05	2.1274e-12	3.4765e-08	2.4257e-08	1.1788e-08	4.7392e-09	3.5064e-08	3.4111e-08	6.9619e-08	4.3506e-08	3.0717e-08	3.167e-08	1.8141e-07	5.7817e-08	1.6401e-08	6.9641e-09
3e-05	11.65	4.9532e-06	5.6775e-06	4.9514e-06	4.6717e-06	4.4448e-06	4.6734e-06	4.9707e-06	5.2018e-06	4.9362e-06	4.3901e-06	5.4587e-06	5.1604e-06	5.1949e-06	4.6389e-06	5.7088e-06	9.5965e-09	1.7959e-08	1.3036e-09	2.5936e-08	3.2467e-08	1.032e-08	9.9842e-09	9.3542e-09	4.0418e-13	1.7793e-08	2.5156e-08	2.0826e-08	5.6022e-09	2.0599e-08	7.5221e-13
0.0001	4.05	5.6072e-05	5.3208e-05	5.3033e-05	5.5583e-05	5.5237e-05	5.426e-05	5.4347e-05	5.4022e-05	5.4492e-05	5.3825e-05	5.2735e-05	5.5975e-05	5.2804e-05	5.4116e-05	5.3415e-05	4.0328e-08	3.1761e-08	3.7374e-08	5.3713e-08	3.2332e-08	4.436e-08	5.4467e-08	6.7057e-08	7.1055e-08	7.8195e-08	3.1085e-08	2.5545e-08	2.8752e-08	2.407e-08	7.6179e-08
0.0001	5.4	4.7825e-05	4.8049e-05	4.7653e-05	4.5487e-05	4.7954e-05	5.0298e-05	5.0874e-05	4.728e-05	4.6909e-05	5.0287e-05	4.6526e-05	4.9495e-05	4.7791e-05	4.9089e-05	4.8009e-05	4.064e-08	5.7589e-08	4.1465e-08	1.9034e-08	3.2669e-08	5.5777e-08	5.4681e-08	2.7446e-08	1.2925e-08	3.806e-08	2.4955e-08	3.3036e-08	6.0575e-08	2.4942e-08	4.7493e-08
0.0001	6.65	3.513e-05	3.7273e-05	3.7276e-05	3.7343e-05	3.7754e-05	3.5712e-05	3.6399e-05	3.699e-05	3.7179e-05	3.6823e-05	3.8177e-05	3.8136e-05	3.5736e-05	3.8749e-05	3.9022e-05	4.6831e-08	5.7051e-08	3.9808e-08	2.311e-08	3.656e-08	1.0039e-08	5.8599e-09	7.7416e-08	2.2758e-08	1.63e-08	3.8033e-08	6.3646e-08	3.6164e-08	5.3745e-08	1.5069e-08
0.0001	8.9	1.833e-05	1.8457e-05	1.9007e-05	1.9554e-05	2.035e-05	1.8654e-05	1.9635e-05	2.025e-05	1.7637e-05	1.9393e-05	1.9602e-05	1.9632e-05	1.7664e-05	1.9986e-05	1.7982e-05	2.0382e-08	8.8819e-08	5.0339e-08	4.3496e-08	8.7261e-09	7.0031e-09	2.1854e-08	8.147e-08	1.8633e-09	4.9096e-08	2.0977e-08	4.8797e-10	1.4747e-08	6.4604e-09	4.4234e-08
0.0001	11.65	7.0507e-06	7.2268e-06	6.8152e-06	7.2945e-06	6.3216e-06	6.9422e-06	7.1891e-06	7.1002e-06	6.9119e-06	7.0344e-06	7.6765e-06	5.2088e-06	6.879e-06	6.5658e-06	6.7724e-06	3.2421e-08	9.5537e-08	1.9386e-08	2.0045e-08	7.2708e-09	2.2957e-08	1.9146e-08	2.4345e-08	2.2486e-08	5.5064e-08	2.589e-08	8.7005e-09	3.1462e-08	4.7677e-09	3.3475e-09
0.0003	4.05	4.5725e-05	4.1651e-05	4.3384e-05	4.3803e-05	4.2593e-05	4.4277e-05	4.3211e-05	4.4845e-05	4.2588e-05	4.1723e-05	4.36e-05	4.1682e-05	4.315e-05	4.2078e-05	4.3147e-05	1.6213e-07	1.5163e-07	1.5492e-07	1.6973e-07	1.5652e-07	1.7349e-07	1.6574e-07	1.6294e-07	1.8894e-07	1.699e-07	1.458e-07	1.7942e-07	1.4581e-07	1.7238e-07	1.8896e-07
0.0003	5.4	4.4604e-05	4.383e-05	4.418e-05	4.4232e-05	4.174e-05	4.5506e-05	4.5495e-05	4.3588e-05	4.3533e-05	4.3882e-05	4.4881e-05	4.4821e-05	4.2941e-05	4.2913e-05	4.3705e-05	7.8535e-08	6.648e-08	4.4604e-08	4.9749e-08	5.3425e-08	8.7907e-08	7.0024e-08	6.2493e-08	5.3866e-08	8.1057e-08	6.9719e-08	1.2351e-07	5.1871e-08	7.7224e-08	9.2114e-08
0.0003	6.65	3.8731e-05	3.7493e-05	3.8763e-05	3.8844e-05	3.6953e-05	3.762e-05	3.9966e-05	3.8073e-05	4.0196e-05	3.7908e-05	4.0012e-05	3.6592e-05	3.8898e-05	3.7869e-05	4.1597e-05	5.1991e-08	8.7098e-08	2.7783e-08	6.6725e-08	6.079e-08	3.1149e-08	3.7053e-08	3.7289e-08	7.9114e-08	6.9496e-08	5.6813e-08	6.1172e-08	1.6462e-07	4.8934e-08	8.3729e-08
0.0003	8.9	2.4431e-05	2.2242e-05	2.5099e-05	2.3102e-05	2.2785e-05	2.2469e-05	2.2636e-05	2.317e-05	2.2673e-05	2.2825e-05	2.3271e-05	2.4392e-05	2.1408e-05	2.2969e-05	2.1847e-05	1.3582e-08	3.2135e-08	3.0159e-08	1.6275e-08	8.6854e-08	2.6234e-08	2.6216e-08	3.5726e-08	2.045e-08	2.039e-08	1.3166e-08	1.3609e-08	5.5227e-08	3.531e-08	1.8227e-08
0.0003	11.65	9.7375e-06	9.6919e-06	9.3575e-06	1.079e-05	1.0285e-05	9.9321e-06	1.0577e-05	9.4758e-06	9.7355e-06	8.8567e-06	1.0039e-05	1.0237e-05	9.9056e-06	9.2535e-06	1.0934e-05	7.6776e-09	2.3323e-08	3.4119e-08	2.3226e-09	1.6251e-09	2.7956e-09	2.6089e-08	3.645e-08	2.4529e-08	3.307e-08	3.7937e-08	1.8878e-08	7.9406e-09	3.8604e-08	6.3269e-09
0.001	4.05	2.3359e-05	2.3014e-05	2.2693e-05	2.4365e-05	2.3539e-05	2.2686e-05	2.259e-05	2.2299e-05	2.2665e-05	2.2553e-05	2.358e-05	2.2236e-05	2.199e-05	2.2561e-05	2.3479e-05	3.9051e-07	3.6687e-07	3.5746e-07	3.862e-07	3.509e-07	3.7793e-07	3.6142e-07	4.0577e-07	3.5517e-07	3.694e-07	3.733e-07	3.7308e-07	3.7869e-07	3.8206e-07	3.9309e-07
0.001	5.4	2.8886e-05	3.031e-05	2.8872e-05	3.0268e-05	2.9339e-05	3.0674e-05	3.0431e-05	2.9322e-05	2.9367e-05	2.8252e-05	3.1638e-05	2.8157e-05	2.6863e-05	2.9462e-05	3.0659e-05	1.6577e-07	1.7484e-07	1.6305e-07	1.9881e-07	1.6501e-07	1.8567e-07	1.6487e-07	1.8602e-07	2.174e-07	1.7998e-07	1.677e-07	1.9277e-07	1.8346e-07	1.9495e-07	1.6053e-07
0.001	6.65	2.9528e-05	3.1121e-05	2.9298e-05	3.0485e-05	3.1411e-05	3.0624e-05	2.9929e-05	2.9444e-05	3.0462e-05	3.0965e-05	2.9988e-05	3.1224e-05	3.0659e-05	3.1985e-05	2.9615e-05	8.6584e-08	1.0695e-07	8.4781e-08	1.1396e-07	1.0367e-07	1.0809e-07	9.5243e-08	1.1664e-07	1.0104e-07	1.1768e-07	9.5839e-08	1.1731e-07	1.1441e-07	1.0456e-07	9.279e-08
0.001	8.9	2.5131e-05	2.4992e-05	2.5612e-05	2.3432e-05	2.654e-05	2.3419e-05	2.2296e-05	2.2329e-05	2.328e-05	2.4941e-05	2.5817e-05	2.3851e-05	2.465e-05	2.7187e-05	2.4305e-05	7.5292e-08	5.7052e-08	4.9112e-08	4.2457e-08	4.8317e-08	1.239e-07	3.6947e-08	5.3633e-08	4.333e-08	8.5701e-08	6.4399e-08	9.8558e-08	4.7924e-08	4.4606e-08	4.4877e-08
0.001	11.65	1.489e-05	1.3099e-05	1.3105e-05	1.5326e-05	1.4757e-05	1.4432e-05	1.3956e-05	1.4939e-05	1.5426e-05	1.4054e-05	1.5025e-05	1.5886e-05	1.537e-05	1.4949e-05	1.4626e-05	2.9592e-08	2.4809e-08	5.3877e-08	5.5541e-08	3.1116e-08	3.6237e-08	1.1564e-08	2.9096e-08	3.0151e-08	3.4497e-08	2.1774e-08	5.3846e-08	4.3003e-08	1.1378e-08	7.882e-08
0.004	4.05	8.0983e-06	8.3208e-06	8.1859e-06	8.5188e-06	8.5184e-06	8.1138e-06	8.2305e-06	8.1869e-06	8.5104e-06	8.8874e-06	8.7844e-06	8.7241e-06	8.034e-06	8.5446e-06	8.0471e-06	1.5208e-06	1.5324e-06	1.5597e-06	1.6487e-06	1.5431e-06	1.5542e-06	1.6171e-06	1.5843e-06	1.6199e-06	1.5762e-06	1.6511e-06	1.6249e-06	1.5044e-06	1.6481e-06	1.603e-06
0.004	5.4	1.0481e-05	1.05e-05	1.0462e-05	1.0815e-05	1.0628e-05	1.0175e-05	1.1078e-05	1.1839e-05	1.1425e-05	1.1361e-05	1.1744e-05	1.1902e-05	1.096e-05	1.0655e-05	1.0117e-05	8.2288e-07	7.8843e-07	8.0899e-07	8.5933e-07	8.2185e-07	7.8354e-07	8.1963e-07	8.1324e-07	7.6216e-07	7.6468e-07	8.4403e-07	7.9173e-07	8.4607e-07	8.0304e-07	7.8756e-07
0.004	6.65	1.2885e-05	1.1646e-05	1.1871e-05	1.3315e-05	1.2671e-05	1.3529e-05	1.082e-05	1.3684e-05	1.4161e-05	1.3025e-05	1.434e-05	1.2121e-05	1.2297e-05	1.2212e-05	1.3603e-05	4.6042e-07	4.8929e-07	4.4665e-07	4.971e-07	5.0554e-07	4.4924e-07	4.4436e-07	4.5533e-07	4.8681e-07	4.6023e-07	4.8484e-07	4.7763e-07	4.3394e-07	4.878e-07	4.4946e-07
0.004	8.9	1.3938e-05	1.3791e-05	1.3161e-05	1.3048e-05	1.4092e-05	1.2945e-05	1.337e-05	1.3417e-05	1.2512e-05	1.3873e-05	1.3352e-05	1.3407e-05	1.252e-05	1.3841e-05	1.3171e-05	2.1535e-07	1.747e-07	2.5214e-07	2.2734e-07	2.1132e-07	2.3444e-07	1.8907e-07	2.1463e-07	1.9309e-07	2.1394e-07	2.1114e-07	2.2815e-07	2.4566e-07	2.2872e-07	2.2901e-07
0.004	11.65	1.0781e-05	9.8919e-06	1.173e-05	1.2605e-05	1.1494e-05	1.1617e-05	1.0725e-05	1.0928e-05	1.2311e-05	1.231e-05	1.1638e-05	9.8139e-06	1.1726e-05	1.0695e-05	1.1639e-05	8.0475e-08	1.6404e-07	9.593e-08	1.0474e-07	1.0149e-07	1.4846e-07	1.0796e-07	8.3662e-08	1.0196e-07	1.091e-07	8.0657e-08	1.0249e-07	1.2111e-07	1.0199e-07	9.926e-08
0.01	4.05	7.7242e-06	7.6117e-06	8.1518e-06	7.4452e-06	7.6772e-06	7.7336e-06	8.0738e-06	8.0625e-06	7.9841e-06	7.4164e-06	7.3274e-06	7.4767e-06	7.8825e-06	7.9241e-06	7.9325e-06	4.7694e-06	4.4503e-06	4.5175e-06	4.6102e-06	4.5294e-06	4.3919e-06	4.3958e-06	4.416e-06	4.4592e-06	4.5442e-06	4.336e-06	4.325e-06	4.4431e-06	4.5322e-06	4.4039e-06
0.01	5.4	7.2186e-06	7.2101e-06	7.0299e-06	6.373e-06	6.3931e-06	6.4399e-06	6.0195e-06	6.1832e-06	6.0579e-06	6.9382e-06	6.732e-06	6.4634e-06	6.4333e-06	6.1488e-06	5.9946e-06	2.5248e-06	2.5408e-06	2.52e-06	2.3428e-06	2.4207e-06	2.4166e-06	2.4186e-06	2.41e-06	2.3684e-06	2.3718e-06	2.45e-06	2.281e-06	2.5182e-06	2.3689e-06	2.3703e-06
0.01	6.65	5.7357e-06	6.5919e-06	6.5119e-06	5.9862e-06	6.4338e-06	6.1737e-06	6.181e-06	6.9463e-06	6.751e-06	6.6774e-06	6.8362e-06	6.4495e-06	6.5821e-06	6.5973e-06	6.8517e-06	1.6368e-06	1.4883e-06	1.4844e-06	1.4717e-06	1.3784e-06	1.5626e-06	1.5271e-06	1.4751e-06	1.6159e-06	1.4496e-06	1.5878e-06	1.4245e-06	1.541e-06	1.554e-06	1.4777e-06
0.01	8.9	6.0388e-06	6.2413e-06	6.6156e-06	6.6653e-06	6.3503e-06	6.026e-06	7.1925e-06	6.7552e-06	7.5519e-06	6.3008e-06	7.2378e-06	6.0543e-06	7.7628e-06	6.9102e-06	6.3409e-06	7.0104e-07	7.4945e-07	7.5886e-07	7.4096e-07	6.6817e-07	7.8478e-07	7.33e-07	7.1349e-07	7.6572e-07	7.8175e-07	7.3583e-07	7.9515e-07	7.2448e-07	8.4325e-07	7.1904e-07
0.01	11.65	6.2224e-06	6.0489e-06	5.4865e-06	6.5791e-06	6.8524e-06	7.2885e-06	6.3267e-06	6.0749e-06	5.6141e-06	6.5702e-06	5.9259e-06	6.1164e-06	5.8472e-06	5.9323e-06	6.4953e-06	3.7588e-07	4.2949e-07	3.8739e-07	3.7635e-07	3.6311e-07	3.8882e-07	3.7688e-07	3.868e-07	3.9298e-07	4.3807e-07	4.294e-07	3.8826e-07	3.9909e-07	3.8656e-07	3.7135e-07
0.02	4.05	1.0186e-05	9.0564e-06	9.9391e-06	9.9411e-06	1.0168e-05	1.0059e-05	1.0394e-05	9.8496e-06	1.0097e-05	9.9144e-06	9.2318e-06	1.0181e-05	9.4241e-06	1.081e-05	1.017e-05	8.7588e-06	8.3503e-06	8.141e-06	8.4085e-06	8.4296e-06	8.0379e-06	8.0501e-06	7.9402e-06	8.168e-06	8.1377e-06	8.25e-06	8.5376e-06	7.4696e-06	8.0806e-06	7.9098e-06
0.02	5.4	6.3752e-06	6.3941e-06	6.677e-06	6.2118e-06	7.5106e-06	6.9189e-06	6.3177e-06	6.5245e-06	6.6069e-06	6.2335e-06	6.9679e-06	6.9141e-06	6.0989e-06	6.7113e-06	7.2159e-06	4.3897e-06	4.2747e-06	4.7795e-06	4.313e-06	4.7835e-06	4.4392e-06	4.424e-06	4.7349e-06	4.2268e-06	4.2715e-06	4.6939e-06	4.3856e-06	4.0476e-06	4.4819e-06	4.562e-06
0.02	6.65	5.4927e-06	4.8415e-06	5.6969e-06	5.9893e-06	5.197e-06	5.6176e-06	6.0237e-06	5.4266e-06	5.8193e-06	5.6974e-06	5.9825e-06	6.2267e-06	5.3644e-06	5.4099e-06	6.131e-06	2.5308e-06	2.7955e-06	2.5265e-06	2.624e-06	2.6047e-06	2.493e-06	2.5403e-06	2.6799e-06	2.5701e-06	2.7422e-06	2.6759e-06	3.2922e-06	2.8884e-06	2.6816e-06	2.3832e-06
0.02	8.9	5.2534e-06	6.0025e-06	4.3595e-06	4.6733e-06	4.6144e-06	4.874e-06	4.4592e-06	4.9257e-06	5.4704e-06	4.8035e-06	4.5583e-06	4.9405e-06	5.5417e-06	4.9905e-06	4.8421e-06	1.5063e-06	1.4476e-06	1.3457e-06	1.4311e-06	1.3429e-06	1.4145e-06	1.4567e-06	1.4764e-06	1.5852e-06	1.5458e-06	1.1589e-06	1.5245e-06	1.2742e-06	1.3621e-06	1.1809e-06
0.02	11.65	4.3894e-06	5.1857e-06	4.5066e-06	3.8232e-06	4.5259e-06	4.492e-06	4.4625e-06	4.2216e-06	5.0589e-06	4.3265e-06	4.6365e-06	4.8248e-06	4.69e-06	4.0239e-06	4.3334e-06	6.0886e-07	6.2964e-07	8.8949e-07	6.9616e-07	8.4753e-07	8.242e-07	9.2169e-07	7.5046e-07	7.1332e-07	7.013e-07	6.2148e-07	9.6334e-07	7.5703e-07	6.7222e-07	7.0051e-07
0.05	4.05	1.6306e-05	1.5101e-05	1.5475e-05	1.7085e-05	1.6837e-05	1.6484e-05	1.5564e-05	1.5994e-05	1.6164e-05	1.5474e-05	1.5708e-05	1.6228e-05	1.677e-05	1.7067e-05	1.6527e-05	1.5784e-05	1.6504e-05	1.4857e-05	1.5599e-05	1.5412e-05	1.4051e-05	1.4946e-05	1.4849e-05	1.5598e-05	1.4874e-05	1.526e-05	1.545e-05	1.5267e-05	1.5025e-05	1.5852e-05
0.05	5.4	8.6911e-06	8.7531e-06	9.7335e-06	9.2166e-06	9.2984e-06	8.8456e-06	9.0305e-06	8.6531e-06	8.5908e-06	9.5481e-06	9.83e-06	9.3493e-06	9.1544e-06	9.4422e-06	9.4058e-06	8.2974e-06	9.0113e-06	8.5116e-06	7.7804e-06	8.1314e-06	8.5692e-06	7.5083e-06	7.8971e-06	7.8995e-06	7.7275e-06	7.9607e-06	7.8098e-06	8.5503e-06	9.7543e-06	8.8342e-06
0.05	6.65	6.5479e-06	6.7625e-06	7.5548e-06	6.213e-06	6.4229e-06	6.4329e-06	6.1389e-06	6.8409e-06	5.4397e-06	6.4703e-06	6.6042e-06	7.4626e-06	5.9652e-06	6.8816e-06	6.0565e-06	4.9114e-06	4.9567e-06	5.527e-06	5.4393e-06	5.467e-06	5.9684e-06	6.4034e-06	5.3123e-06	5.2108e-06	5.0689e-06	6.5581e-06	5.2748e-06	5.9214e-06	5.5714e-06	5.6164e-06
0.05	8.9	4.1826e-06	4.6778e-06	3.9202e-06	4.3144e-06	4.7283e-06	4.0091e-06	3.9533e-06	4.055e-06	4.0164e-06	4.0024e-06	3.89e-06	5.1992e-06	4.718e-06	4.1378e-06	4.5466e-06	3.8797e-06	2.909e-06	3.2666e-06	3.2966e-06	2.9215e-06	3.0309e-06	2.7249e-06	2.6387e-06	2.8206e-06	3.0977e-06	3.2509e-06	2.9613e-06	2.9201e-06	2.761e-06	2.7531e-06
0.05	11.65	2.7613e-06	3.4581e-06	3.2805e-06	2.6913e-06	3.299e-06	3.3174e-06	3.4864e-06	3.2377e-06	2.8575e-06	3.0627e-06	2.7473e-06	3.4498e-06	3.7653e-06	3.0461e-06	3.6523e-06	1.9711e-06	1.7808e-06	1.6519e-06	1.8487e-06	1.6452e-06	1.7279e-06	1.46e-06	1.7563e-06	1.669e-06	1.7444e-06	1.5803e-06	1.9668e-06	1.7585e-06	1.511e-06	1.7758e-06
0.1	4.05	1.4825e-05	1.6124e-05	1.5268e-05	1.5233e-05	1.5088e-05	1.518e-05	1.5658e-05	1.5119e-05	1.5641e-05	1.4856e-05	1.6592e-05	1.6196e-05	1.613e-05	1.5514e-05	1.5949e-05	1.3765e-05	1.3947e-05	1.5101e-05	1.4446e-05	1.4252e-05	1.5059e-05	1.4235e-05	1.435e-05	1.4174e-05	1.4438e-05	1.5245e-05	1.519e-05	1.4636e-05	1.4951e-05	1.5238e-05
0.1	5.4	1.0061e-05	1.034e-05	9.8222e-06	9.8911e-06	1.0139e-05	9.7049e-06	9.8157e-06	9.7366e-06	9.948e-06	1.1029e-05	9.8401e-06	1.0602e-05	9.5397e-06	1.0341e-05	9.9463e-06	9.6424e-06	9.4873e-06	9.1557e-06	9.4984e-06	9.1554e-06	9.3644e-06	8.8326e-06	8.8344e-06	9.544e-06	9.8527e-06	9.6901e-06	9.6282e-06	8.6875e-06	9.4872e-06	9.3541e-06
0.1	6.65	6.7371e-06	7.9663e-06	7.71e-06	7.7505e-06	7.8913e-06	8.2611e-06	6.5616e-06	7.706e-06	7.75e-06	7.1475e-06	7.145e-06	7.2431e-06	7.4448e-06	6.9083e-06	7.5503e-06	6.9531e-06	6.9695e-06	7.1607e-06	6.8727e-06	6.0564e-06	6.2729e-06	7.0678e-06	6.9393e-06	6.9223e-06	5.8718e-06	6.7196e-06	6.4332e-06	6.1998e-06	6.4375e-06	6.1526e-06
0.1	8.9	5.2241e-06	5.2785e-06	4.6269e-06	5.0166e-06	5.1939e-06	5.0387e-06	5.068e-06	4.8861e-06	5.0124e-06	4.6327e-06	4.8495e-06	4.2826e-06	4.8986e-06	4.8257e-06	4.7459e-06	4.2213e-06	3.8673e-06	3.9462e-06	3.8133e-06	3.6991e-06	4.516e-06	3.6391e-06	3.7585e-06	4.5467e-06	3.8238e-06	3.4152e-06	4.3489e-06	4.7432e-06	3.9989e-06	4.0525e-06
0.1	11.65	3.0398e-06	3.1202e-06	3.1983e-06	3.226e-06	3.9045e-06	3.346e-06	3.0125e-06	2.5699e-06	3.696e-06	3.1545e-06	2.7411e-06	3.4459e-06	3.7261e-06	3.5402e-06	3.1463e-06	2.2962e-06	2.2281e-06	2.5782e-06	1.976e-06	1.9495e-06	2.4943e-06	2.4577e-06	2.229e-06	2.2211e-06	2.0999e-06	2.984e-06	2.5093e-06	2.6842e-06	2.6849e-06	2.3794e-06
0.2	4.05	1.1761e-05	1.1618e-05	1.1968e-05	1.3144e-05	1.1707e-05	1.2345e-05	1.1765e-05	1.2537e-05	1.1041e-05	1.2509e-05	1.3325e-05	1.0062e-05	1.2884e-05	1.2308e-05	1.1442e-05	1.2439e-05	1.1282e-05	1.1663e-05	1.2553e-05	1.074e-05	1.0759e-05	1.1715e-05	1.1708e-05	1.2866e-05	1.0922e-05	1.0771e-05	1.2112e-05	1.154e-05	1.1674e-05	1.1594e-05
0.2	5.4	8.4482e-06	8.3159e-06	8.3078e-06	7.9969e-06	7.7629e-06	7.3343e-06	8.169e-06	8.6585e-06	8.0755e-06	7.6469e-06	7.0131e-06	7.616e-06	7.8368e-06	6.553e-06	8.141e-06	7.981e-06	7.4864e-06	7.7621e-06	7.2414e-06	6.4678e-06	6.5037e-06	7.1391e-06	8.0601e-06	7.4725e-06	7.5444e-06	6.8187e-06	7.4135e-06	6.9236e-06	6.5407e-06	8.0638e-06
0.2	6.65	5.5663e-06	5.6883e-06	5.8781e-06	5.7777e-06	5.9057e-06	5.8805e-06	5.8479e-06	5.1885e-06	6.0226e-06	5.3083e-06	6.3266e-06	6.3983e-06	5.7749e-06	5.6578e-06	6.4741e-06	5.1563e-06	5.2459e-06	4.8473e-06	6.0307e-06	4.9652e-06	5.5435e-06	4.7164e-06	5.6526e-06	5.2957e-06	6.14e-06	5.8506e-06	6.0514e-06	5.3685e-06	5.8058e-06	5.2221e-06
0.2	8.9	3.8355e-06	4.314e-06	4.1848e-06	4.4012e-06	4.4437e-06	3.9123e-06	3.8783e-06	4.2091e-06	4.1772e-06	4.6255e-06	3.5355e-06	4.2875e-06	4.4512e-06	3.8877e-06	4.028e-06	3.382e-06	3.4072e-06	3.8387e-06	2.9667e-06	2.9019e-06	3.5574e-06	4.1286e-06	2.9426e-06	3.2319e-06	4.18e-06	3.0423e-06	2.9475e-06	3.6657e-06	3.7398e-06	3.4495e-06
0.2	11.65	3.6162e-06	3.1526e-06	3.6814e-06	3.7702e-06	3.0875e-06	2.3325e-06	3.2529e-06	3.231e-06	2.8292e-06	2.9121e-06	3.3612e-06	3.9548e-06	2.7572e-06	2.9158e-06	2.2172e-06	2.7338e-06	2.3339e-06	2.953e-06	2.0441e-06	2.585e-06	2.4359e-06	2.4367e-06	2.1428e-06	1.5946e-06	2.369e-06	2.2798e-06	2.3001e-06	1.9781e-06	2.6131e-06	2.5394e-06
0.5	4.05	1.3951e-05	1.3718e-05	1.3217e-05	1.4475e-05	1.3557e-05	1.4582e-05	1.7625e-05	1.6052e-05	1.4257e-05	1.2863e-05	1.3718e-05	1.3003e-05	1.418e-05	1.544e-05	1.4958e-05	1.2168e-05	1.5276e-05	1.3996e-05	1.4806e-05	1.2698e-05	1.3183e-05	1.3905e-05	1.395e-05	1.2723e-05	1.4043e-05	1.3757e-05	1.4422e-05	1.1696e-05	1.3737e-05	1.5393e-05
0.5	5.4	9.4239e-06	8.9548e-06	9.3252e-06	1.0374e-05	9.814e-06	8.9404e-06	1.0058e-05	8.7094e-06	9.8179e-06	8.3446e-06	9.912e-06	8.0663e-06	9.5493e-06	1.0092e-05	9.7986e-06	8.8433e-06	8.3995e-06	8.0114e-06	9.2249e-06	9.4048e-06	8.8168e-06	9.6864e-06	8.3925e-06	9.4032e-06	8.0461e-06	9.6169e-06	7.3565e-06	9.881e-06	1.0287e-05	8.8352e-06
0.5	6.65	6.5659e-06	5.9299e-06	6.5133e-06	7.0367e-06	7.9311e-06	6.4078e-06	6.2884e-06	5.6658e-06	7.2845e-06	6.868e-06	6.943e-06	6.5352e-06	8.1281e-06	6.1955e-06	7.0647e-06	5.8283e-06	6.2413e-06	6.5463e-06	6.3287e-06	6.2334e-06	6.97e-06	7.1605e-06	6.5306e-06	7.202e-06	5.8695e-06	6.4639e-06	6.3067e-06	6.0133e-06	5.9715e-06	7.8641e-06
0.5	8.9	4.2353e-06	4.1301e-06	4.6225e-06	4.2166e-06	5.0872e-06	5.2589e-06	4.571e-06	4.5916e-06	5.2139e-06	5.2812e-06	3.7041e-06	4.7391e-06	4.0685e-06	4.7653e-06	4.4582e-06	3.8408e-06	4.3599e-06	4.3728e-06	3.7869e-06	4.1032e-06	4.4212e-06	3.4936e-06	3.7937e-06	3.8959e-06	3.9769e-06	4.3228e-06	4.1749e-06	3.6022e-06	4.2195e-06	3.9889e-06
0.5	11.65	3.1951e-06	3.0778e-06	3.2474e-06	3.3603e-06	3.4274e-06	3.4086e-06	3.5246e-06	3.4659e-06	3.6195e-06	3.2053e-06	4.1148e-06	3.8399e-06	2.5996e-06	3.3185e-06	3.1476e-06	2.3687e-06	2.208e-06	2.6987e-06	2.732e-06	2.567e-06	3.045e-06	3.3286e-06	2.743e-06	2.5699e-06	2.9273e-06	2.4165e-06	2.4839e-06	2.5553e-06	2.5397e-06	3.1036e-06
1.0	4.05	1.7316e-05	2.0257e-05	1.6443e-05	1.8468e-05	2.0451e-05	1.7184e-05	1.8725e-05	1.8781e-05	1.9531e-05	1.7544e-05	1.9842e-05	1.8876e-05	1.9095e-05	2.0772e-05	2.1127e-05	1.6928e-05	1.6548e-05	1.8193e-05	1.6446e-05	1.6614e-05	1.7004e-05	1.7508e-05	1.9005e-05	1.5799e-05	1.6571e-05	1.6223e-05	1.6173e-05	1.8009e-05	1.7334e-05	1.81e-05
1.0	5.4	1.1475e-05	1.1228e-05	1.1938e-05	1.105e-05	1.151e-05	1.2254e-05	1.2115e-05	1.2668e-05	1.1973e-05	1.181e-05	1.07e-05	1.2046e-05	1.1732e-05	1.2522e-05	1.1809e-05	1.2273e-05	1.2526e-05	1.1137e-05	1.0592e-05	9.7118e-06	1.2609e-05	1.133e-05	1.3185e-05	1.168e-05	1.1015e-05	1.0961e-05	1.1639e-05	1.1723e-05	9.5433e-06	1.2555e-05
1.0	6.65	6.9994e-06	9.1468e-06	8.776e-06	1.0175e-05	8.0299e-06	9.5206e-06	9.2459e-06	9.3282e-06	9.6154e-06	8.8106e-06	8.8198e-06	9.6163e-06	7.7599e-06	8.1226e-06	1.0183e-05	7.6981e-06	8.1434e-06	7.6617e-06	7.9615e-06	8.3731e-06	8.5476e-06	7.0044e-06	8.5051e-06	8.5459e-06	7.4567e-06	8.4799e-06	8.4969e-06	7.9069e-06	7.9806e-06	8.0131e-06
1.0	8.9	5.4693e-06	5.9762e-06	5.2131e-06	5.6757e-06	6.4872e-06	5.818e-06	5.6216e-06	6.11e-06	5.9217e-06	4.9968e-06	5.3149e-06	5.8282e-06	7.3156e-06	6.2553e-06	6.5015e-06	4.4165e-06	4.6191e-06	4.8724e-06	5.6981e-06	5.7185e-06	5.0183e-06	5.0751e-06	4.8121e-06	5.3502e-06	5.0198e-06	5.7552e-06	5.9923e-06	4.7454e-06	6.221e-06	5.1455e-06
1.0	11.65	3.8016e-06	5.3867e-06	4.3898e-06	4.128e-06	3.572e-06	4.3537e-06	3.9055e-06	4.0732e-06	4.4651e-06	4.2341e-06	3.9383e-06	4.4107e-06	4.1591e-06	3.5937e-06	4.3728e-06	3.6563e-06	2.5664e-06	3.692e-06	3.4986e-06	3.5798e-06	3.3577e-06	3.5551e-06	3.0815e-06	4.2022e-06	3.5175e-06	3.4722e-06	3.1009e-06	3.0072e-06	3.4172e-06	3.7485e-06