E	r	rate6	rate7
1e-09	0.05	4.2466e-08	4.3076e-08
1e-09	0.075	5.5383e-08	6.4102e-08
1e-09	0.1125	7.134e-08	5.5628e-08
1e-09	0.16875	6.6814e-08	5.6827e-08
1e-09	0.253125	3.7632e-08	3.7951e-08
1e-08	0.05	3.5936e-08	4.1057e-08
1e-08	0.075	6.1869e-08	6.4303e-08
1e-08	0.1125	7.2093e-08	7.2414e-08
1e-08	0.16875	5.8703e-08	4.0898e-08
1e-08	0.253125	4.7457e-08	3.9417e-08
1e-07	0.05	3.6928e-08	5.1549e-08
1e-07	0.075	6.1837e-08	6.6814e-08
1e-07	0.1125	5.7489e-08	4.7844e-08
1e-07	0.16875	6.4988e-08	4.9376e-08
1e-07	0.253125	2.9825e-08	3.917e-08
1e-06	0.05	2.2189e-08	1.5903e-08
1e-06	0.075	4.646e-08	4.1301e-08
1e-06	0.1125	4.1561e-08	4.0545e-08
1e-06	0.16875	3.1201e-08	3.5535e-08
1e-06	0.253125	5.0924e-08	3.5917e-08
1e-05	0.05	3.7649e-09	6.6854e-09
1e-05	0.075	3.8787e-09	3.1858e-09
1e-05	0.1125	4.0434e-09	1.0119e-08
1e-05	0.16875	2.083e-08	2.6886e-09
1e-05	0.253125	9.0737e-09	2.1e-08
0.0001	0.05	2.418e-11	2.4118e-11
0.0001	0.075	2.4872e-11	2.4794e-11
0.0001	0.1125	2.4881e-11	2.4252e-11
0.0001	0.16875	2.5301e-09	2.3916e-11
0.0001	0.253125	1.02e-09	4.3502e-09
0.001	0.05	1.5784e-09	1.546e-09
0.001	0.075	1.5558e-09	1.5691e-09
0.001	0.1125	1.5288e-09	1.5139e-09
0.001	0.16875	1.45e-09	1.4369e-09
0.001	0.253125	1.3138e-09	1.299e-09
0.01	0.05	1.8245e-07	1.8514e-07
0.01	0.075	1.8795e-07	1.8777e-07
0.01	0.1125	1.8814e-07	1.882e-07
0.01	0.16875	1.846e-07	1.8239e-07
0.01	0.253125	1.7163e-07	1.7398e-07
0.1	0.05	1.9387e-05	1.9597e-05
0.1	0.075	2.1927e-05	2.2164e-05
0.1	0.1125	2.1724e-05	2.1818e-05
0.1	0.16875	2.1794e-05	2.1511e-05
0.1	0.253125	2.162e-05	2.1803e-05
1.0	0.05	3.4012e-05	3.4072e-05
1.0	0.075	3.6791e-05	3.6353e-05
1.0	0.1125	3.7943e-05	3.6181e-05
1.0	0.16875	3.8494e-05	3.76e-05
1.0	0.253125	3.8243e-05	4.064e-05
10.0	0.05	6.2946e-05	6.146e-05
10.0	0.075	6.0719e-05	6.4248e-05
10.0	0.1125	6.439e-05	6.5791e-05
10.0	0.16875	6.947e-05	6.6737e-05
10.0	0.253125	6.4683e-05	6.9009e-05
100.0	0.05	6.4171e-05	6.5436e-05
100.0	0.075	6.552e-05	6.2569e-05
100.0	0.1125	6.9759e-05	7.2189e-05
100.0	0.16875	7.2058e-05	7.0114e-05
100.0	0.253125	7.4108e-05	7.5761e-05