E	r	rate6	rate7
1e-09	0.03	3.3937e-08	3.5629e-08	3.8718e-08	2.8322e-08	3.6371e-08	2.6582e-08	3.7706e-08	3.4279e-08	2.8083e-08	2.8868e-08
1e-09	0.039	4.1279e-08	3.7241e-08	3.3738e-08	3.9695e-08	2.6119e-08	3.3051e-08	2.9931e-08	3.5848e-08	4.7565e-08	3.6829e-08
1e-09	0.0507	3.5007e-08	5.1332e-08	4.3577e-08	4.3032e-08	6.3338e-08	4.3123e-08	3.1224e-08	5.4327e-08	3.3231e-08	4.6609e-08
1e-09	0.06591	4.865e-08	4.4711e-08	5.6169e-08	4.3682e-08	4.841e-08	6.8958e-08	4.6904e-08	5.0793e-08	4.967e-08	5.6018e-08
1e-09	0.085683	5.9097e-08	7.4466e-08	7.3807e-08	5.3395e-08	5.8122e-08	6.8768e-08	7.8631e-08	7.7632e-08	6.5416e-08	6.1992e-08
1e-09	0.1113879	8.03e-08	6.6128e-08	6.5106e-08	6.2705e-08	7.3507e-08	7.3461e-08	7.6992e-08	7.7227e-08	9.4664e-08	5.7771e-08
1e-09	0.14480427	5.5632e-08	6.4215e-08	7.1754e-08	5.9834e-08	5.0548e-08	5.9816e-08	6.7495e-08	6.7097e-08	7.3461e-08	6.4878e-08
1e-09	0.188245551	4.2978e-08	5.0265e-08	5.2866e-08	5.5782e-08	7.5814e-08	6.3494e-08	5.6755e-08	5.7597e-08	5.6661e-08	7.5755e-08
1e-09	0.2447192163	4.9805e-08	4.4594e-08	4.6085e-08	3.2772e-08	3.8528e-08	4.5211e-08	5.2899e-08	2.2518e-08	5.2808e-08	2.4762e-08
1e-09	0.31813498119	3.0558e-08	1.9388e-08	2.7615e-08	3.8507e-08	3.145e-08	3.5013e-08	3.1576e-08	3.1606e-08	2.1968e-08	3.3398e-08
1e-09	0.413575475547	2.8956e-08	3.5176e-08	2.521e-08	2.192e-08	2.4131e-08	2.4592e-08	1.3669e-08	2.6047e-08	2.441e-08	3.7102e-08
2e-09	0.03	4.3001e-08	3.1516e-08	3.5247e-08	3.1977e-08	3.6872e-08	4.5364e-08	4.0452e-08	3.5259e-08	3.199e-08	2.5177e-08
2e-09	0.039	4.1972e-08	4.0886e-08	3.7857e-08	3.0108e-08	4.1454e-08	2.9774e-08	3.5231e-08	4.7247e-08	2.9811e-08	4.1212e-08
2e-09	0.0507	4.7675e-08	3.9521e-08	4.2149e-08	3.3324e-08	4.4974e-08	4.6303e-08	5.0159e-08	3.8844e-08	4.5871e-08	3.6428e-08
2e-09	0.06591	5.8341e-08	5.4106e-08	6.5309e-08	5.4339e-08	5.851e-08	6.0087e-08	7.7485e-08	5.0078e-08	6.5679e-08	5.5192e-08
2e-09	0.085683	6.6686e-08	6.7764e-08	6.9657e-08	6.7027e-08	7.2509e-08	7.3283e-08	6.1282e-08	8.0449e-08	5.9068e-08	7.0367e-08
2e-09	0.1113879	4.7808e-08	4.7156e-08	6.4737e-08	5.8847e-08	6.1491e-08	6.129e-08	8.8568e-08	6.3332e-08	6.7968e-08	8.1167e-08
2e-09	0.14480427	7.2798e-08	7.6909e-08	5.4428e-08	5.3271e-08	5.3079e-08	4.6482e-08	6.845e-08	5.4213e-08	7.3126e-08	6.116e-08
2e-09	0.188245551	5.0092e-08	4.097e-08	6.1302e-08	5.8323e-08	4.847e-08	4.1483e-08	5.9445e-08	5.7668e-08	4.7521e-08	5.7732e-08
2e-09	0.2447192163	4.4081e-08	3.7825e-08	3.8933e-08	5.53e-08	5.3196e-08	3.2135e-08	4.6173e-08	4.3457e-08	3.6927e-08	4.0485e-08
2e-09	0.31813498119	3.6979e-08	2.3332e-08	3.5714e-08	2.7239e-08	3.1072e-08	3.3183e-08	1.8118e-08	3.3108e-08	2.6308e-08	3.2388e-08
2e-09	0.413575475547	2.4557e-08	3.325e-08	2.1464e-08	2.5621e-08	3.0134e-08	1.416e-08	2.041e-08	2.7508e-08	2.4184e-08	2.4407e-08
4e-09	0.03	3.6443e-08	2.6558e-08	3.0267e-08	2.7962e-08	2.7494e-08	3.1342e-08	3.4713e-08	2.8219e-08	3.1555e-08	3.4425e-08
4e-09	0.039	3.7286e-08	2.2871e-08	3.2624e-08	4.4313e-08	4.9286e-08	2.7635e-08	3.494e-08	3.2597e-08	3.9042e-08	4.2319e-08
4e-09	0.0507	3.9051e-08	5.4179e-08	4.3182e-08	4.789e-08	4.6901e-08	4.3922e-08	5.1346e-08	5.1514e-08	4.1994e-08	5.8863e-08
4e-09	0.06591	5.5128e-08	6.4914e-08	5.3172e-08	5.7552e-08	6.9163e-08	5.9503e-08	6.6546e-08	4.8529e-08	4.5889e-08	6.9128e-08
4e-09	0.085683	7.5564e-08	6.494e-08	9.9708e-08	7.965e-08	7.4782e-08	6.593e-08	5.608e-08	5.8423e-08	6.2524e-08	6.0094e-08
4e-09	0.1113879	6.3276e-08	6.077e-08	5.0152e-08	6.5478e-08	8.781e-08	6.6417e-08	5.8003e-08	4.7215e-08	6.5922e-08	5.3188e-08
4e-09	0.14480427	7.4456e-08	4.5199e-08	5.2183e-08	6.3322e-08	4.7968e-08	6.8364e-08	6.7596e-08	4.4178e-08	6.8498e-08	5.3758e-08
4e-09	0.188245551	5.6168e-08	4.0776e-08	5.4143e-08	5.6866e-08	6.1738e-08	5.153e-08	5.9876e-08	6.235e-08	6.8357e-08	5.4312e-08
4e-09	0.2447192163	3.3004e-08	3.8605e-08	3.7828e-08	5.1477e-08	5.9586e-08	4.091e-08	3.9441e-08	3.9535e-08	4.7808e-08	2.3067e-08
4e-09	0.31813498119	3.4058e-08	3.38e-08	2.6844e-08	1.8424e-08	3.0336e-08	3.7272e-08	2.4429e-08	3.4669e-08	2.2585e-08	1.4334e-08
4e-09	0.413575475547	2.1836e-08	1.6829e-08	2.2695e-08	2.9891e-08	1.823e-08	1.8091e-08	1.544e-08	3.0854e-08	1.9173e-08	1.6238e-08
8e-09	0.03	3.799e-08	3.57e-08	4.6219e-08	3.7229e-08	2.8055e-08	2.7098e-08	4.056e-08	4.2953e-08	3.1537e-08	3.4649e-08
8e-09	0.039	3.1087e-08	3.0533e-08	4.5582e-08	4.1644e-08	3.5867e-08	5.2324e-08	3.2154e-08	3.9646e-08	4.2758e-08	3.0971e-08
8e-09	0.0507	3.8002e-08	4.6562e-08	4.0624e-08	4.7859e-08	5.6396e-08	3.9947e-08	2.695e-08	4.1335e-08	3.0935e-08	5.4559e-08
8e-09	0.06591	5.549e-08	4.8596e-08	5.9029e-08	6.3357e-08	5.1945e-08	7.7687e-08	7.4609e-08	6.7581e-08	6.6697e-08	7.6662e-08
8e-09	0.085683	4.8327e-08	7.2062e-08	4.3779e-08	8.1784e-08	7.9376e-08	8.1457e-08	7.4648e-08	5.5921e-08	5.4317e-08	5.1222e-08
8e-09	0.1113879	6.7902e-08	7.6503e-08	5.7183e-08	5.9935e-08	6.4786e-08	7.0611e-08	5.2629e-08	5.9675e-08	7.7537e-08	6.2401e-08
8e-09	0.14480427	6.7974e-08	6.8951e-08	6.443e-08	6.5605e-08	6.2816e-08	4.753e-08	5.8925e-08	4.9314e-08	5.18e-08	6.1564e-08
8e-09	0.188245551	6.013e-08	5.0394e-08	4.8023e-08	5.0671e-08	5.562e-08	5.1732e-08	6.585e-08	4.873e-08	4.6374e-08	6.3957e-08
8e-09	0.2447192163	3.5698e-08	4.6177e-08	3.716e-08	3.609e-08	3.5338e-08	3.7838e-08	3.2028e-08	6.303e-08	4.6616e-08	2.9402e-08
8e-09	0.31813498119	2.7757e-08	3.0735e-08	2.2608e-08	1.261e-08	2.3774e-08	2.1859e-08	1.8121e-08	2.5236e-08	3.6709e-08	3.4686e-08
8e-09	0.413575475547	1.4894e-08	2.9486e-08	8.7854e-09	2.554e-08	3.6053e-08	2.5655e-08	1.6781e-08	2.847e-08	2.6314e-08	1.8842e-08
1.6e-08	0.03	2.5242e-08	3.3378e-08	4.502e-08	2.9301e-08	2.3096e-08	2.1349e-08	3.0012e-08	2.2334e-08	2.62e-08	2.5415e-08
1.6e-08	0.039	3.8471e-08	3.8743e-08	2.739e-08	3.804e-08	4.1756e-08	4.4102e-08	2.5073e-08	3.9747e-08	2.7192e-08	2.7421e-08
1.6e-08	0.0507	4.3988e-08	3.7197e-08	3.8074e-08	4.7335e-08	4.9483e-08	4.0647e-08	3.5596e-08	3.4245e-08	3.2119e-08	3.6832e-08
1.6e-08	0.06591	4.9817e-08	3.8489e-08	6.2482e-08	4.8924e-08	3.7056e-08	5.1209e-08	4.7873e-08	6.2791e-08	6.472e-08	5.3754e-08
1.6e-08	0.085683	5.4085e-08	5.6757e-08	5.8158e-08	7.6893e-08	5.2692e-08	7.5011e-08	6.7221e-08	7.4827e-08	7.2297e-08	8.5531e-08
1.6e-08	0.1113879	6.6838e-08	8.143e-08	6.7329e-08	4.1578e-08	5.8384e-08	5.9734e-08	8.4393e-08	7.1812e-08	6.9376e-08	4.9157e-08
1.6e-08	0.14480427	5.2307e-08	4.879e-08	6.8916e-08	4.6845e-08	6.6696e-08	6.5547e-08	5.052e-08	6.0091e-08	5.9846e-08	7.0002e-08
1.6e-08	0.188245551	6.36e-08	5.3675e-08	5.6343e-08	5.0092e-08	4.7699e-08	5.0272e-08	5.9392e-08	3.3839e-08	3.257e-08	6.6375e-08
1.6e-08	0.2447192163	3.5143e-08	3.1798e-08	3.2202e-08	4.2686e-08	3.5096e-08	4.0078e-08	4.3676e-08	4.9005e-08	3.5958e-08	4.9469e-08
1.6e-08	0.31813498119	4.21e-08	2.7626e-08	3.278e-08	2.2499e-08	2.3684e-08	3.1059e-08	3.5106e-08	2.6876e-08	4.4501e-08	2.5034e-08
1.6e-08	0.413575475547	2.2838e-08	2.2365e-08	2.0433e-08	1.2644e-08	1.7316e-08	3.9066e-08	2.7795e-08	2.2181e-08	1.345e-08	2.4742e-08
3.2e-08	0.03	3.7282e-08	2.663e-08	3.1888e-08	3.2013e-08	4.3412e-08	3.6059e-08	2.3136e-08	3.8618e-08	3.2158e-08	3.1933e-08
3.2e-08	0.039	2.9372e-08	2.797e-08	3.4856e-08	4.3371e-08	3.3645e-08	3.6289e-08	2.6376e-08	4.0838e-08	3.9326e-08	3.074e-08
3.2e-08	0.0507	5.2516e-08	3.8533e-08	4.7008e-08	4.2021e-08	4.0298e-08	4.9859e-08	4.2213e-08	3.57e-08	4.6261e-08	4.7695e-08
3.2e-08	0.06591	4.876e-08	5.6836e-08	5.1004e-08	4.8542e-08	6.6984e-08	5.8465e-08	6.9465e-08	5.5735e-08	6.6532e-08	4.3974e-08
3.2e-08	0.085683	6.9942e-08	7.7294e-08	9.9226e-08	7.858e-08	5.4557e-08	4.5487e-08	9.6518e-08	6.9901e-08	5.8177e-08	5.8735e-08
3.2e-08	0.1113879	7.4033e-08	7.9739e-08	5.2552e-08	7.5871e-08	6.0988e-08	7.7626e-08	4.314e-08	6.4064e-08	4.7542e-08	7.6062e-08
3.2e-08	0.14480427	5.2761e-08	6.2472e-08	6.2789e-08	5.547e-08	6.4605e-08	5.2029e-08	4.9317e-08	5.2071e-08	5.2698e-08	3.4996e-08
3.2e-08	0.188245551	5.8237e-08	5.9356e-08	5.2935e-08	5.0144e-08	5.3525e-08	4.2807e-08	3.8345e-08	4.4908e-08	4.2745e-08	6.0949e-08
3.2e-08	0.2447192163	4.7332e-08	3.5773e-08	3.7013e-08	5.43e-08	3.7232e-08	3.6826e-08	2.9919e-08	4.3162e-08	5.1336e-08	3.2822e-08
3.2e-08	0.31813498119	2.5996e-08	3.4653e-08	2.7264e-08	2.7088e-08	2.9658e-08	4.3953e-08	3.0748e-08	4.0441e-08	3.1511e-08	4.1068e-08
3.2e-08	0.413575475547	2.0232e-08	1.2618e-08	2.7697e-08	2.9499e-08	1.5647e-08	1.6261e-08	3.2474e-08	1.8403e-08	1.5925e-08	3.3823e-08
6.4e-08	0.03	3.9633e-08	3.9278e-08	2.9744e-08	3.7116e-08	3.8779e-08	2.674e-08	3.3425e-08	2.6153e-08	3.1422e-08	4.6237e-08
6.4e-08	0.039	4.4005e-08	3.3308e-08	2.7102e-08	4.101e-08	4.343e-08	3.4913e-08	3.8329e-08	4.5601e-08	3.7604e-08	2.9867e-08
6.4e-08	0.0507	4.9074e-08	3.9936e-08	3.5611e-08	3.5326e-08	4.3635e-08	4.1415e-08	4.3051e-08	5.1856e-08	4.5595e-08	3.135e-08
6.4e-08	0.06591	7.2676e-08	5.2027e-08	5.7275e-08	6.6766e-08	8.1451e-08	6.0678e-08	5.1603e-08	5.7928e-08	4.6527e-08	5.6222e-08
6.4e-08	0.085683	6.3111e-08	8.636e-08	5.8805e-08	7.0062e-08	6.0219e-08	6.6335e-08	4.3091e-08	6.2871e-08	6.7957e-08	5.5348e-08
6.4e-08	0.1113879	5.6525e-08	6.818e-08	6.43e-08	6.4444e-08	4.7231e-08	4.7504e-08	5.6134e-08	6.2628e-08	7.2141e-08	5.8173e-08
6.4e-08	0.14480427	7.8359e-08	5.5356e-08	5.5415e-08	5.6256e-08	7.1527e-08	5.8359e-08	6.4308e-08	6.99e-08	6.9646e-08	6.4905e-08
6.4e-08	0.188245551	4.9112e-08	4.922e-08	4.7871e-08	3.8572e-08	5.9685e-08	3.9666e-08	3.8089e-08	5.4134e-08	4.3801e-08	5.2415e-08
6.4e-08	0.2447192163	3.597e-08	4.3648e-08	3.8968e-08	5.9752e-08	3.2226e-08	5.0669e-08	5.0604e-08	3.8601e-08	4.9348e-08	3.815e-08
6.4e-08	0.31813498119	5.3397e-08	4.55e-08	3.2631e-08	2.8152e-08	2.2259e-08	2.2495e-08	2.913e-08	2.7455e-08	4.0566e-08	4.6689e-08
6.4e-08	0.413575475547	1.3789e-08	1.6991e-08	3.0922e-08	1.9391e-08	3.3121e-08	2.6336e-08	8.3717e-09	2.9882e-08	1.7048e-08	1.6963e-08
1.28e-07	0.03	3.912e-08	2.4762e-08	2.8162e-08	2.3757e-08	2.9615e-08	3.3998e-08	3.0266e-08	3.6484e-08	3.6538e-08	3.7113e-08
1.28e-07	0.039	4.1022e-08	2.6272e-08	3.3698e-08	3.9391e-08	3.3647e-08	3.664e-08	4.5309e-08	3.775e-08	4.0769e-08	3.6098e-08
1.28e-07	0.0507	6.0668e-08	4.1676e-08	4.0876e-08	3.3919e-08	3.2151e-08	5.3551e-08	4.1789e-08	4.2193e-08	4.016e-08	5.299e-08
1.28e-07	0.06591	5.0059e-08	7.9499e-08	6.8742e-08	5.642e-08	4.8795e-08	6.8566e-08	7.8762e-08	4.4473e-08	5.1456e-08	6.1178e-08
1.28e-07	0.085683	9.1319e-08	7.8712e-08	7.3962e-08	4.8279e-08	6.0192e-08	6.3827e-08	7.2746e-08	9.2904e-08	4.4733e-08	7.3496e-08
1.28e-07	0.1113879	8.2816e-08	5.3414e-08	5.2317e-08	6.8973e-08	4.4766e-08	5.1077e-08	6.4277e-08	7.9529e-08	6.1995e-08	8.2464e-08
1.28e-07	0.14480427	6.6484e-08	5.3215e-08	4.3459e-08	4.5769e-08	6.767e-08	5.3763e-08	5.6421e-08	6.936e-08	4.2713e-08	5.612e-08
1.28e-07	0.188245551	6.0533e-08	4.3685e-08	5.5907e-08	5.2125e-08	4.3936e-08	4.7204e-08	5.9791e-08	4.9129e-08	5.7478e-08	5.7216e-08
1.28e-07	0.2447192163	3.7534e-08	3.5652e-08	4.8913e-08	4.1719e-08	3.2885e-08	5.6935e-08	4.6981e-08	5.3035e-08	3.4602e-08	4.9639e-08
1.28e-07	0.31813498119	5.4611e-08	3.0798e-08	2.3736e-08	3.1518e-08	4.2506e-08	3.9777e-08	4.5628e-08	2.7879e-08	1.8968e-08	4.6923e-08
1.28e-07	0.413575475547	2.0268e-08	2.6905e-08	3.1368e-08	2.0904e-08	2.5041e-08	2.4273e-08	2.3286e-08	2.809e-08	1.957e-08	1.6782e-08
2.56e-07	0.03	3.2814e-08	3.6159e-08	2.6913e-08	3.1467e-08	3.1537e-08	3.3681e-08	2.7867e-08	3.102e-08	2.3784e-08	2.8529e-08
2.56e-07	0.039	3.2318e-08	4.4365e-08	2.9883e-08	4.7249e-08	3.6477e-08	3.7871e-08	3.9321e-08	3.102e-08	4.5347e-08	3.3321e-08
2.56e-07	0.0507	2.1339e-08	3.775e-08	3.5074e-08	3.3919e-08	5.0719e-08	4.6816e-08	3.9784e-08	3.3701e-08	5.2645e-08	5.5136e-08
2.56e-07	0.06591	4.1311e-08	6.8656e-08	6.9998e-08	5.5534e-08	6.5343e-08	5.2761e-08	4.9482e-08	5.8777e-08	5.3717e-08	5.5205e-08
2.56e-07	0.085683	6.1825e-08	8.3337e-08	6.689e-08	4.2487e-08	6.5743e-08	5.9688e-08	3.9201e-08	4.7167e-08	7.0339e-08	8.0771e-08
2.56e-07	0.1113879	6.0062e-08	5.4856e-08	6.4008e-08	7.3585e-08	6.2588e-08	6.1276e-08	6.8668e-08	7.9152e-08	8.0404e-08	6.2311e-08
2.56e-07	0.14480427	5.2343e-08	6.2182e-08	5.086e-08	5.6553e-08	5.9971e-08	7.7966e-08	7.5048e-08	6.8821e-08	6.0622e-08	4.5453e-08
2.56e-07	0.188245551	4.9901e-08	6.369e-08	5.3952e-08	3.9289e-08	3.9586e-08	5.2298e-08	4.9271e-08	4.2575e-08	5.9963e-08	4.0023e-08
2.56e-07	0.2447192163	4.6581e-08	4.1885e-08	4.3366e-08	5.9088e-08	2.8977e-08	4.7145e-08	4.3974e-08	3.8674e-08	5.0477e-08	4.275e-08
2.56e-07	0.31813498119	4.1473e-08	3.2143e-08	4.6758e-08	2.6847e-08	3.8164e-08	2.4946e-08	4.4789e-08	3.8915e-08	3.6277e-08	3.2865e-08
2.56e-07	0.413575475547	2.3729e-08	1.2805e-08	1.6888e-08	1.8984e-08	3.5844e-08	1.3107e-08	2.4726e-08	1.9459e-08	1.9694e-08	2.0795e-08
5.12e-07	0.03	3.3517e-08	2.5437e-08	2.8071e-08	2.5129e-08	4.6215e-08	3.287e-08	2.822e-08	2.7443e-08	3.5465e-08	3.0075e-08
5.12e-07	0.039	2.967e-08	3.4334e-08	2.4657e-08	3.0927e-08	2.9892e-08	4.2827e-08	3.4909e-08	4.3975e-08	4.9165e-08	3.4056e-08
5.12e-07	0.0507	4.5551e-08	3.4633e-08	4.6521e-08	4.0698e-08	5.4978e-08	4.2818e-08	4.1554e-08	3.3322e-08	4.8705e-08	3.4702e-08
5.12e-07	0.06591	6.0219e-08	5.9685e-08	4.9087e-08	3.416e-08	7.0197e-08	7.3316e-08	4.5257e-08	5.537e-08	5.7908e-08	7.7656e-08
5.12e-07	0.085683	7.5747e-08	6.8123e-08	6.7109e-08	4.6238e-08	4.2243e-08	6.9702e-08	6.4008e-08	7.3384e-08	6.5884e-08	6.4091e-08
5.12e-07	0.1113879	7.3016e-08	7.0133e-08	8.359e-08	6.1436e-08	6.6092e-08	7.8451e-08	7.0915e-08	7.7309e-08	5.6871e-08	6.0867e-08
5.12e-07	0.14480427	5.9548e-08	6.5171e-08	6.0914e-08	7.7874e-08	6.466e-08	4.3862e-08	4.9711e-08	4.9218e-08	5.5244e-08	6.327e-08
5.12e-07	0.188245551	4.6546e-08	7.1401e-08	5.4208e-08	5.9001e-08	5.3447e-08	4.8321e-08	5.1735e-08	6.3664e-08	6.5295e-08	6.2737e-08
5.12e-07	0.2447192163	4.4747e-08	3.0374e-08	2.8984e-08	3.6855e-08	5.4546e-08	3.0264e-08	3.2277e-08	4.4243e-08	4.5069e-08	4.7521e-08
5.12e-07	0.31813498119	3.8252e-08	3.8587e-08	3.0795e-08	2.902e-08	4.2565e-08	2.4942e-08	1.9796e-08	3.2371e-08	2.3628e-08	2.9002e-08
5.12e-07	0.413575475547	2.8661e-08	1.8933e-08	2.646e-08	1.006e-08	3.0933e-08	1.5396e-08	1.4415e-08	1.3569e-08	1.5929e-08	9.0077e-09
1.024e-06	0.03	1.9777e-08	1.8456e-08	1.3418e-08	1.8065e-08	1.0616e-08	8.9426e-09	1.4053e-08	1.5383e-08	2.521e-08	2.2752e-08
1.024e-06	0.039	1.2448e-08	1.5563e-08	2.7075e-08	1.5593e-08	1.9942e-08	2.0543e-08	1.6585e-08	1.8595e-08	1.8442e-08	2.4244e-08
1.024e-06	0.0507	1.9215e-08	2.0649e-08	2.2719e-08	2.1993e-08	1.805e-08	2.359e-08	2.4841e-08	2.5858e-08	2.1052e-08	2.8546e-08
1.024e-06	0.06591	3.3054e-08	3.2411e-08	4.2846e-08	3.3591e-08	2.7434e-08	4.82e-08	2.5452e-08	4.6497e-08	3.7665e-08	4.7513e-08
1.024e-06	0.085683	3.8585e-08	4.2872e-08	4.4688e-08	4.7373e-08	4.4094e-08	4.2141e-08	3.6456e-08	3.0797e-08	3.8587e-08	3.2272e-08
1.024e-06	0.1113879	3.8626e-08	4.2062e-08	4.9555e-08	5.6595e-08	4.1435e-08	5.0351e-08	5.7749e-08	5.2808e-08	4.4919e-08	4.9624e-08
1.024e-06	0.14480427	4.6462e-08	5.8694e-08	5.5834e-08	5.5367e-08	4.359e-08	5.9418e-08	4.5185e-08	4.5019e-08	5.756e-08	6.457e-08
1.024e-06	0.188245551	4.5312e-08	4.6966e-08	4.8165e-08	5.7919e-08	4.9669e-08	6.0566e-08	3.8719e-08	4.8206e-08	5.9647e-08	5.3152e-08
1.024e-06	0.2447192163	3.3768e-08	4.7051e-08	4.59e-08	4.2594e-08	5.0712e-08	4.5205e-08	6.4634e-08	4.7659e-08	5.2113e-08	6.2363e-08
1.024e-06	0.31813498119	2.4144e-08	2.8555e-08	4.7552e-08	2.9054e-08	3.3893e-08	2.5627e-08	3.2721e-08	2.4609e-08	2.5939e-08	5.5294e-08
1.024e-06	0.413575475547	2.878e-08	2.4151e-08	1.7549e-08	2.7248e-08	2.7229e-08	2.6845e-08	2.2087e-08	2.2788e-08	2.8801e-08	2.3199e-08
2.048e-06	0.03	1.1205e-08	3.6444e-09	8.5277e-09	7.032e-09	3.4777e-09	6.8749e-09	4.3338e-09	2.9579e-09	6.8571e-09	1.0279e-08
2.048e-06	0.039	1.6358e-08	9.8247e-09	4.5339e-09	3.2455e-09	5.1784e-09	7.1481e-09	6.025e-09	7.9421e-09	9.8493e-09	1.1451e-08
2.048e-06	0.0507	9.6646e-09	1.4999e-08	6.3026e-09	1.1038e-08	4.6904e-09	6.6918e-09	1.2439e-08	1.0083e-08	1.8975e-08	1.0696e-08
2.048e-06	0.06591	1.9238e-08	2.3682e-08	1.3225e-08	6.491e-09	8.1079e-09	1.653e-08	3.3927e-08	1.6525e-08	1.5518e-08	1.8871e-08
2.048e-06	0.085683	2.061e-08	1.5144e-08	2.1439e-08	1.6007e-08	2.8337e-08	2.7057e-08	4.04e-08	1.7508e-08	2.2494e-08	2.5002e-08
2.048e-06	0.1113879	2.9435e-08	3.1476e-08	2.7759e-08	2.2674e-08	2.7601e-08	2.8589e-08	2.9781e-08	2.3753e-08	2.8179e-08	2.8079e-08
2.048e-06	0.14480427	2.5156e-08	4.4532e-08	2.1062e-08	2.8345e-08	3.1005e-08	4.1162e-08	1.9505e-08	3.8753e-08	3.356e-08	2.5279e-08
2.048e-06	0.188245551	2.9087e-08	3.3856e-08	2.474e-08	4.0585e-08	3.6199e-08	4.3597e-08	4.9555e-08	3.0957e-08	3.8509e-08	3.2854e-08
2.048e-06	0.2447192163	3.5054e-08	2.9666e-08	3.6057e-08	3.5359e-08	5.0961e-08	4.1506e-08	2.0151e-08	3.4363e-08	2.4176e-08	3.1766e-08
2.048e-06	0.31813498119	2.9926e-08	3.0714e-08	3.291e-08	2.8903e-08	2.6647e-08	2.5993e-08	1.5615e-08	3.9129e-08	2.1827e-08	2.7064e-08
2.048e-06	0.413575475547	1.9814e-08	1.68e-08	2.3831e-08	2.3628e-08	2.0092e-08	2.0699e-08	3.232e-08	2.6099e-08	2.7178e-08	1.7437e-08
4.096e-06	0.03	1.356e-09	6.1926e-09	9.0939e-10	4.71e-09	4.9905e-09	4.7814e-09	7.1336e-09	1.7739e-09	1.0024e-08	1.5805e-09
4.096e-06	0.039	5.5613e-09	1.1122e-09	5.8625e-09	1.9364e-09	6.1852e-09	2.5725e-09	1.178e-09	2.7406e-09	1.3333e-08	4.0833e-09
4.096e-06	0.0507	6.6444e-09	4.8416e-09	8.6993e-09	6.6416e-09	2.8944e-09	4.9989e-09	2.4191e-09	5.2283e-09	3.3776e-09	6.8562e-09
4.096e-06	0.06591	3.8749e-09	1.3017e-08	6.2474e-09	8.3972e-09	1.2328e-08	1.3976e-08	9.2574e-09	6.0975e-09	1.0234e-08	2.1149e-09
4.096e-06	0.085683	1.5636e-08	1.8897e-08	1.9799e-08	7.7834e-09	1.7573e-08	1.5733e-08	1.6986e-08	7.8181e-09	7.2565e-09	8.4948e-09
4.096e-06	0.1113879	2.1668e-08	1.8249e-08	2.5519e-08	2.0561e-08	2.37e-08	1.4662e-08	8.7614e-09	2.5721e-08	1.4918e-08	2.0672e-08
4.096e-06	0.14480427	3.0616e-08	1.6406e-08	3.1047e-08	2.0342e-08	1.7752e-08	1.5415e-08	1.0335e-08	9.1412e-09	1.526e-08	2.6462e-08
4.096e-06	0.188245551	1.6376e-08	1.4818e-08	2.8824e-08	1.2525e-08	2.6881e-08	2.3006e-08	1.1574e-08	2.4158e-08	2.0861e-08	3.338e-08
4.096e-06	0.2447192163	3.1287e-08	2.1968e-08	3.7586e-08	2.1834e-08	2.4361e-08	2.9042e-08	1.5792e-08	1.6471e-08	3.1242e-08	2.0425e-08
4.096e-06	0.31813498119	2.5568e-08	2.7322e-08	3.4576e-08	3.1557e-08	3.7072e-08	3.8052e-08	2.9962e-08	2.6879e-08	3.1859e-08	3.1322e-08
4.096e-06	0.413575475547	3.1601e-08	1.0618e-08	2.4726e-08	2.0561e-08	3.4995e-08	2.5967e-08	2.5138e-08	1.5926e-08	2.128e-08	1.7624e-08
8.192e-06	0.03	6.97e-11	5.126e-09	6.9591e-11	1.0755e-09	1.2445e-09	1.1845e-09	8.4546e-10	3.9595e-09	2.4317e-09	1.2084e-09
8.192e-06	0.039	3.5674e-09	3.1769e-09	3.7874e-10	2.1961e-09	2.0683e-09	1.9889e-09	1.5694e-09	2.6397e-09	2.8878e-09	3.7013e-09
8.192e-06	0.0507	3.2687e-09	1.5161e-09	1.7669e-09	3.9251e-09	3.8509e-09	8.7661e-11	8.7842e-11	4.6586e-09	1.4175e-10	8.4614e-10
8.192e-06	0.06591	6.3831e-09	2.7892e-09	2.0887e-09	4.5263e-09	1.1911e-09	1.1125e-08	3.0991e-09	4.9865e-09	1.4334e-09	5.2686e-09
8.192e-06	0.085683	3.2532e-09	1.0304e-08	1.0683e-08	1.1307e-08	4.1704e-09	1.4467e-08	1.0782e-08	9.3618e-09	4.5833e-09	2.8476e-09
8.192e-06	0.1113879	6.0402e-09	6.9576e-09	9.3017e-09	1.0057e-08	6.2724e-09	1.3564e-08	1.0172e-08	1.6126e-08	1.074e-08	9.6921e-09
8.192e-06	0.14480427	6.9745e-09	1.3066e-08	1.0722e-08	1.641e-08	2.6393e-08	1.1391e-08	1.5789e-08	4.8023e-09	9.0016e-09	7.6041e-09
8.192e-06	0.188245551	7.9821e-09	9.6926e-09	1.2493e-08	1.4805e-08	1.7664e-08	1.1621e-08	1.5381e-08	1.7954e-08	1.4125e-08	9.7667e-09
8.192e-06	0.2447192163	1.5994e-08	1.6137e-08	2.0706e-08	1.4618e-08	1.64e-08	9.8556e-09	1.8145e-08	1.6154e-08	5.5169e-09	1.4383e-08
8.192e-06	0.31813498119	1.6593e-08	1.63e-08	2.2226e-08	1.7416e-08	1.4003e-08	2.1399e-08	6.7594e-09	1.3841e-08	1.1428e-08	2.55e-08
8.192e-06	0.413575475547	2.8272e-08	9.0844e-09	9.0236e-09	9.1624e-09	2.3737e-08	1.3273e-08	2.0402e-08	7.6143e-09	1.2404e-08	1.1969e-08
1.6384e-05	0.03	2.4419e-09	3.2608e-11	5.2479e-10	4.2156e-10	3.1954e-11	2.1924e-09	4.8281e-10	1.4071e-09	2.1867e-10	3.3677e-11
1.6384e-05	0.039	5.2946e-11	2.1731e-09	2.4835e-09	1.0564e-09	3.6917e-11	3.7017e-11	3.5352e-10	3.7233e-11	3.6861e-11	4.4381e-10
1.6384e-05	0.0507	4.0802e-11	1.8284e-10	7.4034e-10	7.89e-10	2.4011e-09	1.0161e-09	4.6195e-10	4.0522e-11	3.5926e-09	2.1021e-09
1.6384e-05	0.06591	2.2929e-09	2.2479e-09	4.9132e-09	8.1147e-10	7.1153e-09	1.794e-09	4.1552e-11	3.8513e-09	4.8918e-10	7.5673e-09
1.6384e-05	0.085683	3.4124e-09	1.7007e-09	8.6402e-09	3.6233e-09	6.0149e-09	1.1674e-09	5.3974e-09	3.2661e-09	2.6294e-09	1.7727e-09
1.6384e-05	0.1113879	2.3796e-09	3.0978e-09	7.5585e-09	7.557e-09	4.7502e-09	5.1158e-09	7.5793e-09	8.0335e-09	7.914e-09	1.3615e-09
1.6384e-05	0.14480427	3.953e-09	7.877e-09	3.6046e-09	3.8037e-09	3.0485e-09	4.3437e-09	1.0316e-09	3.1082e-09	9.2725e-09	2.6583e-09
1.6384e-05	0.188245551	6.3114e-09	8.1541e-09	2.6985e-09	1.9201e-09	8.2821e-09	9.1803e-09	1.047e-08	9.0824e-09	5.9866e-09	4.8012e-09
1.6384e-05	0.2447192163	4.8731e-09	8.5845e-09	4.2445e-09	1.0655e-08	1.1067e-08	7.8024e-09	1.1211e-08	6.1009e-09	3.0422e-09	4.4582e-09
1.6384e-05	0.31813498119	1.399e-08	6.8857e-09	7.3482e-09	1.5304e-08	6.3603e-09	8.9086e-09	7.4223e-09	5.0928e-09	8.2154e-09	5.9701e-09
1.6384e-05	0.413575475547	9.4975e-09	3.1877e-09	3.1632e-09	7.5135e-09	8.6487e-09	1.1904e-08	1.0212e-08	8.1479e-09	2.3704e-09	1.1551e-08
3.2768e-05	0.03	1.8604e-11	6.2687e-10	1.3602e-09	1.2004e-09	8.3806e-10	3.3813e-09	1.8809e-11	1.8963e-11	1.8913e-11	1.8862e-11
3.2768e-05	0.039	3.8697e-10	2.0834e-11	2.4657e-10	6.7354e-10	2.0918e-11	2.0939e-11	3.2677e-09	2.1002e-11	2.5757e-09	2.0558e-11
3.2768e-05	0.0507	7.2971e-10	2.2962e-11	3.4629e-10	2.3323e-11	7.0375e-10	6.0403e-10	6.1369e-10	1.3403e-09	2.5446e-09	2.3012e-11
3.2768e-05	0.06591	3.6081e-10	8.8373e-10	4.598e-09	4.6338e-10	1.923e-09	4.6929e-10	7.173e-10	2.3579e-11	3.7066e-10	2.3465e-10
3.2768e-05	0.085683	2.0632e-09	2.568e-09	2.3962e-11	1.9468e-09	4.4487e-09	3.085e-09	2.3755e-11	2.4259e-11	2.1515e-09	6.0918e-10
3.2768e-05	0.1113879	2.8721e-09	1.4273e-09	1.7189e-09	1.3603e-09	3.4386e-09	2.8833e-09	2.4155e-11	3.9658e-09	5.6273e-09	4.4527e-09
3.2768e-05	0.14480427	2.3502e-09	1.9739e-09	3.3395e-09	2.1074e-09	2.8255e-10	1.1764e-09	3.7547e-09	6.5562e-09	1.6647e-09	6.4282e-09
3.2768e-05	0.188245551	1.848e-09	1.0453e-09	2.7489e-09	5.9663e-09	7.7132e-10	5.5865e-09	1.8841e-09	2.8407e-09	7.3771e-09	3.701e-09
3.2768e-05	0.2447192163	6.5215e-09	2.348e-09	1.2827e-09	4.8824e-09	3.7901e-09	1.3274e-09	5.4709e-09	8.7897e-10	1.5047e-09	5.6475e-09
3.2768e-05	0.31813498119	2.6979e-09	4.3027e-09	6.6917e-10	9.4281e-09	6.3073e-10	5.505e-10	7.1153e-09	3.1323e-11	2.8948e-09	4.6778e-09
3.2768e-05	0.413575475547	6.6468e-09	9.4947e-09	1.8868e-09	6.3729e-09	1.575e-08	4.1186e-09	3.6801e-09	9.8897e-09	3.1567e-09	5.4432e-09
6.5536e-05	0.03	7.7874e-10	1.4454e-11	1.4157e-11	1.4217e-11	1.4241e-11	1.4367e-11	1.4491e-11	1.4396e-11	1.4429e-11	1.4482e-11
6.5536e-05	0.039	1.5863e-11	2.0985e-09	1.6229e-11	1.6164e-11	1.5965e-11	1.5972e-11	1.3646e-09	1.5873e-11	1.5866e-11	1.5915e-11
6.5536e-05	0.0507	1.7655e-11	1.7371e-11	1.7559e-11	1.7609e-11	1.7642e-11	1.7778e-11	1.7527e-11	1.771e-11	1.8598e-09	8.9297e-10
6.5536e-05	0.06591	1.7735e-11	6.5733e-10	1.7654e-11	4.1738e-10	9.8403e-10	5.0247e-09	1.7922e-11	7.2546e-10	1.8104e-11	1.8087e-11
6.5536e-05	0.085683	2.5605e-09	1.8389e-11	1.8147e-11	1.8392e-11	1.1853e-09	4.2588e-09	2.2008e-09	1.7939e-11	9.584e-10	1.5881e-09
6.5536e-05	0.1113879	1.4014e-09	1.8036e-11	6.6443e-10	1.6626e-09	1.5563e-09	1.7742e-11	3.6206e-10	1.8722e-11	5.0843e-09	1.8175e-11
6.5536e-05	0.14480427	3.2121e-10	1.7807e-11	1.8158e-11	9.588e-10	1.8247e-11	2.3739e-10	1.8433e-11	1.8162e-11	3.4462e-09	4.7889e-09
6.5536e-05	0.188245551	9.9959e-10	1.8107e-11	1.2373e-09	4.2946e-09	3.5282e-09	1.8489e-11	1.7565e-11	3.0438e-09	1.8103e-11	1.7866e-11
6.5536e-05	0.2447192163	1.2043e-09	2.2772e-09	1.7488e-11	4.0388e-09	2.2611e-11	6.1948e-10	3.3492e-09	7.3554e-11	1.2892e-09	5.693e-09
6.5536e-05	0.31813498119	3.7456e-09	6.5399e-09	2.9599e-09	5.6539e-09	4.8418e-10	4.0481e-10	3.4682e-09	2.6378e-09	3.2076e-10	2.3341e-09
6.5536e-05	0.413575475547	3.5448e-09	2.0419e-09	2.1767e-09	4.6901e-09	5.7467e-09	6.3057e-10	1.7553e-09	3.1616e-09	2.3689e-09	1.026e-11
0.000131072	0.03	2.8233e-11	2.8254e-11	1.0401e-09	2.8351e-11	2.7809e-11	2.7686e-11	2.8073e-11	2.7192e-11	2.8133e-11	2.7729e-11
0.000131072	0.039	1.26e-09	3.0935e-11	3.0969e-11	3.0686e-11	3.1053e-11	3.1122e-11	2.0891e-09	9.92e-11	3.132e-11	3.0974e-11
0.000131072	0.0507	3.4262e-11	3.4917e-11	3.4286e-11	3.3394e-11	3.4397e-11	3.4871e-11	3.4743e-11	3.6908e-10	3.4328e-11	3.42e-11
0.000131072	0.06591	3.491e-11	9.3967e-10	3.4478e-11	2.4475e-09	3.4771e-11	3.4384e-11	3.4511e-11	6.644e-10	3.4309e-11	3.8978e-10
0.000131072	0.085683	3.3755e-11	2.7011e-10	1.0707e-09	3.4548e-11	3.3943e-11	3.3891e-11	3.3578e-11	3.3873e-11	3.4542e-11	3.4189e-11
0.000131072	0.1113879	1.7859e-09	3.5554e-09	8.0085e-10	3.3205e-11	3.3325e-11	3.3645e-11	7.1846e-10	3.3648e-11	2.4654e-09	1.8865e-09
0.000131072	0.14480427	9.5709e-10	4.6031e-09	3.3455e-11	3.1452e-10	4.3494e-11	3.3007e-11	3.3395e-11	2.6878e-09	3.3275e-11	3.3366e-11
0.000131072	0.188245551	3.2487e-11	3.4827e-09	2.8137e-09	5.1468e-10	4.1936e-10	3.2211e-11	2.0633e-09	7.8154e-10	3.245e-11	4.7117e-09
0.000131072	0.2447192163	1.2274e-09	3.2026e-09	1.7993e-09	9.4285e-10	1.4799e-09	3.2661e-09	8.6854e-10	5.8528e-09	8.3227e-10	5.0151e-09
0.000131072	0.31813498119	1.3313e-09	1.9416e-09	1.0641e-09	1.4261e-09	4.5917e-09	4.2723e-09	1.1002e-08	2.1987e-09	2.6954e-11	8.4587e-11
0.000131072	0.413575475547	1.3099e-09	3.9572e-09	2.2875e-09	1.012e-10	2.2607e-09	1.8702e-09	8.2406e-10	1.854e-09	5.0948e-09	2.0848e-09
0.000262144	0.03	2.7888e-09	8.5626e-11	8.4303e-11	8.4383e-11	8.4344e-11	8.5398e-11	8.4835e-11	8.438e-11	8.3334e-11	8.557e-11
0.000262144	0.039	9.4783e-11	9.3016e-11	9.5356e-11	8.5697e-10	9.298e-11	9.4511e-11	9.5226e-11	9.2917e-11	9.5565e-11	9.5249e-11
0.000262144	0.0507	1.0464e-10	1.0357e-10	1.019e-10	1.0189e-10	1.0546e-10	1.0605e-10	1.07e-10	1.0295e-10	1.0505e-10	1.049e-10
0.000262144	0.06591	1.0463e-10	1.0507e-10	1.0498e-10	1.0415e-10	1.3274e-09	1.2739e-09	1.03e-10	1.0383e-10	1.0403e-10	1.0446e-10
0.000262144	0.085683	1.0206e-10	1.0153e-10	1.0208e-10	1.0091e-10	1.0337e-10	1.0291e-10	1.0378e-10	3.7346e-09	1.0091e-10	1.0112e-10
0.000262144	0.1113879	1.005e-10	3.4122e-09	7.4053e-10	1.0072e-10	1.0052e-10	1.0093e-10	6.8732e-10	9.9636e-11	9.9829e-11	1.0062e-10
0.000262144	0.14480427	9.9619e-11	2.0697e-09	9.9151e-11	9.802e-11	9.738e-11	9.7935e-11	9.8226e-11	9.8339e-11	9.7923e-11	1.6561e-09
0.000262144	0.188245551	9.3675e-11	2.0964e-09	9.4103e-11	1.3532e-09	9.3731e-11	9.4241e-11	9.5263e-11	9.3445e-11	9.3479e-11	9.4417e-11
0.000262144	0.2447192163	8.8685e-11	3.1474e-09	8.7247e-11	8.9308e-11	9.4377e-10	1.3358e-09	8.9529e-11	4.2749e-10	8.7196e-11	6.9803e-10
0.000262144	0.31813498119	4.3006e-10	7.8033e-11	7.9812e-11	7.8541e-11	7.9192e-11	1.1421e-10	7.8609e-11	2.1565e-09	7.7397e-11	7.806e-11
0.000262144	0.413575475547	4.2674e-11	1.5402e-10	2.1342e-09	4.3428e-11	8.148e-10	4.2265e-11	4.2644e-11	2.5573e-09	7.3643e-10	1.8844e-09
0.000524288	0.03	3.722e-10	3.767e-10	3.7384e-10	3.6752e-10	5.639e-10	3.5764e-10	3.6756e-10	3.7092e-10	3.6805e-10	3.681e-10
0.000524288	0.039	4.0963e-10	4.1692e-10	4.0756e-10	4.1072e-10	4.1029e-10	4.0964e-10	4.1126e-10	4.1315e-10	4.0441e-10	4.105e-10
0.000524288	0.0507	4.593e-10	4.6137e-10	8.3588e-10	4.6029e-10	4.5616e-10	4.4496e-10	4.5198e-10	4.5353e-10	4.5409e-10	4.5892e-10
0.000524288	0.06591	4.5361e-10	4.5233e-10	4.5808e-10	4.5807e-10	4.5639e-10	4.538e-10	4.5071e-10	4.5269e-10	4.5327e-10	4.5766e-10
0.000524288	0.085683	4.5327e-10	4.5044e-10	4.5433e-10	4.4497e-10	4.4288e-10	4.5423e-10	4.5229e-10	4.4878e-10	4.4326e-10	4.4717e-10
0.000524288	0.1113879	6.1506e-10	4.3535e-10	4.4451e-10	4.3656e-10	8.7404e-10	4.36e-10	4.3754e-10	4.3533e-10	4.3289e-10	4.2916e-10
0.000524288	0.14480427	4.3404e-10	4.33e-10	4.2663e-10	4.6745e-10	4.2675e-10	4.2893e-10	4.2604e-10	4.2566e-10	1.5048e-09	4.21e-10
0.000524288	0.188245551	4.1055e-10	4.1265e-10	1.7754e-09	4.0492e-10	3.7624e-09	3.5748e-09	1.2313e-09	4.1297e-10	4.0519e-10	4.1693e-10
0.000524288	0.2447192163	3.7629e-10	1.3407e-09	3.7897e-10	3.8154e-10	3.7945e-10	3.7593e-10	8.2652e-10	3.7974e-10	5.4225e-10	2.8106e-09
0.000524288	0.31813498119	3.4396e-10	3.4253e-10	2.5641e-09	2.309e-09	3.3172e-10	3.393e-10	3.4371e-10	3.3878e-10	3.3744e-10	3.4334e-10
0.000524288	0.413575475547	1.8067e-10	1.8524e-10	3.3207e-10	4.1472e-09	1.8397e-10	4.8864e-10	1.8412e-10	2.4057e-09	1.7984e-10	8.0878e-10
0.001048576	0.03	1.647e-09	1.6996e-09	1.6511e-09	1.6271e-09	1.6738e-09	1.651e-09	1.6474e-09	1.6806e-09	1.6405e-09	1.6629e-09
0.001048576	0.039	1.8304e-09	1.865e-09	1.835e-09	1.8258e-09	1.8233e-09	1.841e-09	2.7643e-09	1.8265e-09	1.8509e-09	1.8456e-09
0.001048576	0.0507	2.0421e-09	2.0406e-09	1.9924e-09	2.058e-09	2.042e-09	2.0198e-09	2.0347e-09	2.0065e-09	2.058e-09	2.0423e-09
0.001048576	0.06591	2.0226e-09	2.0278e-09	2.0199e-09	1.9955e-09	2.0309e-09	1.9997e-09	2.038e-09	2.0689e-09	2.0366e-09	2.018e-09
0.001048576	0.085683	2.027e-09	1.9944e-09	2.0209e-09	2.0002e-09	2.0198e-09	3.2342e-09	4.3279e-09	2.0037e-09	1.9732e-09	1.9879e-09
0.001048576	0.1113879	1.9619e-09	1.9871e-09	1.9501e-09	1.9989e-09	1.9543e-09	1.9353e-09	1.9585e-09	1.9426e-09	1.9381e-09	1.9634e-09
0.001048576	0.14480427	4.3878e-09	1.9104e-09	1.8977e-09	1.9307e-09	1.9607e-09	1.8937e-09	1.9248e-09	1.8895e-09	1.9195e-09	1.9115e-09
0.001048576	0.188245551	1.7953e-09	1.8133e-09	1.7779e-09	1.8138e-09	1.8516e-09	3.0975e-09	1.8637e-09	1.8258e-09	1.817e-09	1.8293e-09
0.001048576	0.2447192163	1.7278e-09	1.7045e-09	1.7264e-09	1.677e-09	2.157e-09	2.3674e-09	1.7345e-09	1.6905e-09	1.7151e-09	1.7045e-09
0.001048576	0.31813498119	1.5035e-09	1.4984e-09	3.4293e-09	3.5952e-09	1.5204e-09	1.5096e-09	1.5258e-09	1.5315e-09	2.996e-09	1.5132e-09
0.001048576	0.413575475547	8.3281e-10	8.163e-10	1.9176e-09	8.2238e-10	8.1655e-10	8.3747e-10	8.1442e-10	8.1347e-10	8.229e-10	8.202e-10
0.002097152	0.03	5.9795e-09	5.9363e-09	5.8288e-09	5.7869e-09	5.9931e-09	5.9687e-09	5.8858e-09	5.988e-09	5.9498e-09	6.0059e-09
0.002097152	0.039	6.5633e-09	6.6155e-09	6.6866e-09	6.551e-09	6.4876e-09	6.5676e-09	6.5421e-09	6.5643e-09	6.6356e-09	6.66e-09
0.002097152	0.0507	7.2136e-09	7.3172e-09	7.1904e-09	7.1638e-09	7.1843e-09	7.1611e-09	7.1711e-09	7.3024e-09	7.121e-09	7.2656e-09
0.002097152	0.06591	7.291e-09	7.1316e-09	7.2781e-09	7.259e-09	7.185e-09	7.2191e-09	7.318e-09	7.2956e-09	7.1765e-09	7.2703e-09
0.002097152	0.085683	7.142e-09	7.171e-09	7.1923e-09	7.1047e-09	7.0995e-09	7.0713e-09	7.1576e-09	7.0673e-09	7.2291e-09	7.0854e-09
0.002097152	0.1113879	6.9599e-09	6.951e-09	7.0089e-09	6.9949e-09	7.0055e-09	8.6642e-09	6.8762e-09	6.918e-09	7.0437e-09	6.9505e-09
0.002097152	0.14480427	7.28e-09	6.7649e-09	6.8533e-09	6.8182e-09	7.2237e-09	6.7857e-09	6.8715e-09	6.9574e-09	6.8088e-09	6.9691e-09
0.002097152	0.188245551	6.5791e-09	6.5669e-09	6.4921e-09	6.5288e-09	6.4998e-09	6.4322e-09	6.5278e-09	6.5902e-09	6.6517e-09	6.5354e-09
0.002097152	0.2447192163	6.0246e-09	6.0354e-09	6.0263e-09	5.961e-09	6.1287e-09	8.2294e-09	6.0618e-09	6.052e-09	6.0647e-09	6.0538e-09
0.002097152	0.31813498119	5.4092e-09	5.4352e-09	5.324e-09	5.4297e-09	5.4169e-09	5.5164e-09	5.3982e-09	5.3884e-09	5.2946e-09	5.4275e-09
0.002097152	0.413575475547	2.9774e-09	2.97e-09	2.8765e-09	2.942e-09	2.9252e-09	2.9155e-09	2.9384e-09	2.9055e-09	2.9551e-09	2.9036e-09
0.004194304	0.03	2.4471e-08	2.3884e-08	2.4148e-08	2.4369e-08	2.4211e-08	2.446e-08	2.39e-08	2.4245e-08	2.4715e-08	2.4408e-08
0.004194304	0.039	2.6856e-08	2.7104e-08	2.7098e-08	2.7445e-08	2.6519e-08	2.6966e-08	2.7313e-08	2.7083e-08	2.6825e-08	2.6892e-08
0.004194304	0.0507	2.9781e-08	3.0725e-08	2.9855e-08	2.972e-08	3.001e-08	2.9836e-08	2.965e-08	2.9532e-08	2.9555e-08	2.9705e-08
0.004194304	0.06591	2.9978e-08	2.9537e-08	2.936e-08	2.9507e-08	2.96e-08	3.0101e-08	2.9771e-08	2.9636e-08	3.0024e-08	3.0133e-08
0.004194304	0.085683	2.9478e-08	2.9176e-08	2.9208e-08	2.9266e-08	2.9173e-08	2.9576e-08	2.9153e-08	2.908e-08	2.9181e-08	2.918e-08
0.004194304	0.1113879	2.8828e-08	2.8687e-08	2.8902e-08	2.8911e-08	2.89e-08	2.8261e-08	2.8768e-08	2.8621e-08	2.8739e-08	2.878e-08
0.004194304	0.14480427	2.7679e-08	2.7796e-08	2.8273e-08	2.7977e-08	2.8271e-08	2.8061e-08	2.8027e-08	2.8393e-08	2.8168e-08	2.7305e-08
0.004194304	0.188245551	2.6714e-08	2.65e-08	2.7162e-08	2.6846e-08	2.6093e-08	2.7437e-08	2.6912e-08	2.7248e-08	2.7008e-08	2.6771e-08
0.004194304	0.2447192163	2.5185e-08	2.4698e-08	2.5353e-08	2.5517e-08	2.52e-08	2.5241e-08	2.4977e-08	2.5097e-08	2.5365e-08	2.5069e-08
0.004194304	0.31813498119	2.2331e-08	2.2663e-08	2.2341e-08	2.2066e-08	2.2656e-08	2.2767e-08	2.2424e-08	2.2359e-08	2.2403e-08	2.2752e-08
0.004194304	0.413575475547	1.2103e-08	1.2299e-08	1.1996e-08	1.2518e-08	1.2286e-08	1.2221e-08	1.205e-08	1.2256e-08	1.1831e-08	1.2262e-08
0.008388608	0.03	1.0235e-07	1.0398e-07	1.0033e-07	1.0233e-07	1.0132e-07	1.0438e-07	1.0274e-07	1.0107e-07	1.0119e-07	1.0418e-07
0.008388608	0.039	1.1573e-07	1.1417e-07	1.1497e-07	1.1535e-07	1.1464e-07	1.1447e-07	1.149e-07	1.1528e-07	1.133e-07	1.1383e-07
0.008388608	0.0507	1.2546e-07	1.2572e-07	1.2632e-07	1.246e-07	1.2831e-07	1.2515e-07	1.2608e-07	1.275e-07	1.2443e-07	1.2432e-07
0.008388608	0.06591	1.2646e-07	1.247e-07	1.2757e-07	1.2678e-07	1.2682e-07	1.247e-07	1.2664e-07	1.2638e-07	1.2886e-07	1.2585e-07
0.008388608	0.085683	1.254e-07	1.2485e-07	1.2525e-07	1.2693e-07	1.2629e-07	1.2507e-07	1.2618e-07	1.2647e-07	1.2693e-07	1.255e-07
0.008388608	0.1113879	1.24e-07	1.2439e-07	1.2608e-07	1.2602e-07	1.2487e-07	1.2386e-07	1.2422e-07	1.2464e-07	1.2397e-07	1.2589e-07
0.008388608	0.14480427	1.2179e-07	1.2336e-07	1.2463e-07	1.2272e-07	1.2301e-07	1.2306e-07	1.229e-07	1.2356e-07	1.2258e-07	1.2247e-07
0.008388608	0.188245551	1.188e-07	1.2249e-07	1.2006e-07	1.208e-07	1.1941e-07	1.1865e-07	1.2028e-07	1.2042e-07	1.1953e-07	1.206e-07
0.008388608	0.2447192163	1.1265e-07	1.1425e-07	1.1284e-07	1.1336e-07	1.1118e-07	1.1429e-07	1.1494e-07	1.14e-07	1.1404e-07	1.1467e-07
0.008388608	0.31813498119	1.0046e-07	1.0252e-07	1.0245e-07	1.0577e-07	1.0325e-07	1.0368e-07	1.0319e-07	1.0222e-07	1.0374e-07	1.0402e-07
0.008388608	0.413575475547	5.8928e-08	5.7486e-08	5.7453e-08	5.7847e-08	5.7206e-08	5.7499e-08	5.8537e-08	5.8107e-08	5.7547e-08	5.7333e-08
0.016777216	0.03	7.9676e-07	8.1288e-07	7.9869e-07	7.8005e-07	7.9379e-07	7.9817e-07	8.0687e-07	8.0003e-07	8.1649e-07	8.2517e-07
0.016777216	0.039	8.9832e-07	8.9129e-07	8.9869e-07	8.9725e-07	8.9531e-07	8.8436e-07	8.839e-07	8.9634e-07	8.9419e-07	9.0663e-07
0.016777216	0.0507	1.0001e-06	1e-06	9.8376e-07	9.7462e-07	1.0046e-06	9.7959e-07	1.0039e-06	9.9942e-07	1.012e-06	9.8493e-07
0.016777216	0.06591	9.6834e-07	9.9179e-07	1.0013e-06	9.9825e-07	9.9083e-07	9.5739e-07	9.8917e-07	9.8586e-07	9.9137e-07	9.8163e-07
0.016777216	0.085683	9.7256e-07	9.8028e-07	9.8523e-07	9.6772e-07	1.0045e-06	9.8089e-07	9.923e-07	1.0022e-06	9.7186e-07	9.8769e-07
0.016777216	0.1113879	9.7626e-07	9.6668e-07	9.7761e-07	9.406e-07	9.6699e-07	9.8827e-07	9.7576e-07	9.511e-07	9.6173e-07	9.8793e-07
0.016777216	0.14480427	9.5388e-07	9.6449e-07	9.6631e-07	9.4948e-07	9.6041e-07	9.6778e-07	9.5519e-07	9.7659e-07	9.5591e-07	9.4959e-07
0.016777216	0.188245551	9.2671e-07	9.1946e-07	9.5097e-07	9.1906e-07	9.3313e-07	9.2268e-07	9.394e-07	9.1421e-07	9.219e-07	9.152e-07
0.016777216	0.2447192163	9.0502e-07	8.8326e-07	8.879e-07	9.2011e-07	8.9891e-07	8.8775e-07	8.8897e-07	8.9807e-07	8.9854e-07	9.1259e-07
0.016777216	0.31813498119	8.298e-07	8.2986e-07	8.2577e-07	8.4078e-07	8.3314e-07	8.4171e-07	8.2636e-07	8.1922e-07	8.2777e-07	8.1357e-07
0.016777216	0.413575475547	4.5897e-07	4.6651e-07	4.5813e-07	4.6479e-07	4.6428e-07	4.8106e-07	4.8368e-07	4.7511e-07	4.7095e-07	4.6883e-07
0.033554432	0.03	2.6675e-06	2.6008e-06	2.6361e-06	2.6084e-06	2.6067e-06	2.6658e-06	2.6486e-06	2.6239e-06	2.6502e-06	2.7157e-06
0.033554432	0.039	2.9029e-06	2.9669e-06	2.9741e-06	3.0014e-06	2.9967e-06	2.9781e-06	2.9503e-06	2.9501e-06	2.9406e-06	2.976e-06
0.033554432	0.0507	3.2851e-06	3.3423e-06	3.26e-06	3.3337e-06	3.3078e-06	3.2316e-06	3.259e-06	3.299e-06	3.2652e-06	3.2861e-06
0.033554432	0.06591	3.3216e-06	3.3549e-06	3.3642e-06	3.3401e-06	3.3122e-06	3.3147e-06	3.3494e-06	3.2873e-06	3.3221e-06	3.3049e-06
0.033554432	0.085683	3.2761e-06	3.3187e-06	3.3155e-06	3.3331e-06	3.3438e-06	3.3209e-06	3.2824e-06	3.2963e-06	3.2505e-06	3.3207e-06
0.033554432	0.1113879	3.3274e-06	3.3288e-06	3.2979e-06	3.3271e-06	3.3784e-06	3.3384e-06	3.329e-06	3.3329e-06	3.3171e-06	3.3443e-06
0.033554432	0.14480427	3.3485e-06	3.3164e-06	3.3152e-06	3.2711e-06	3.3443e-06	3.2942e-06	3.3179e-06	3.2933e-06	3.2594e-06	3.327e-06
0.033554432	0.188245551	3.2632e-06	3.2562e-06	3.1992e-06	3.328e-06	3.2999e-06	3.251e-06	3.2324e-06	3.3016e-06	3.2366e-06	3.2238e-06
0.033554432	0.2447192163	3.1633e-06	3.2336e-06	3.1972e-06	3.2048e-06	3.2348e-06	3.194e-06	3.1669e-06	3.1705e-06	3.1629e-06	3.2312e-06
0.033554432	0.31813498119	3.0083e-06	3.0528e-06	3.0878e-06	3.0272e-06	3.0575e-06	3.0355e-06	3.0354e-06	3.0139e-06	3.043e-06	3.066e-06
0.033554432	0.413575475547	1.8214e-06	1.7882e-06	1.812e-06	1.8033e-06	1.7865e-06	1.7922e-06	1.8135e-06	1.817e-06	1.8034e-06	1.7888e-06
0.067108864	0.03	6.5636e-06	6.5845e-06	6.4597e-06	6.4368e-06	6.5134e-06	6.4323e-06	6.616e-06	6.4259e-06	6.4327e-06	6.3974e-06
0.067108864	0.039	7.2175e-06	7.2294e-06	7.2022e-06	7.1159e-06	7.1833e-06	7.2983e-06	7.1856e-06	7.2477e-06	7.2794e-06	7.2867e-06
0.067108864	0.0507	8.2859e-06	8.0798e-06	8.3027e-06	8.2047e-06	8.3642e-06	8.2246e-06	8.2915e-06	8.3095e-06	8.3863e-06	8.452e-06
0.067108864	0.06591	8.6819e-06	8.64e-06	8.3886e-06	8.559e-06	8.6901e-06	8.5872e-06	8.7988e-06	8.6208e-06	8.6173e-06	8.6177e-06
0.067108864	0.085683	8.5324e-06	8.5991e-06	8.5232e-06	8.633e-06	8.4861e-06	8.6479e-06	8.6627e-06	8.6675e-06	8.5909e-06	8.6522e-06
0.067108864	0.1113879	8.7954e-06	8.4543e-06	8.6037e-06	8.6512e-06	8.6708e-06	8.6962e-06	8.4567e-06	8.4938e-06	8.5194e-06	8.4037e-06
0.067108864	0.14480427	8.6013e-06	8.4578e-06	8.5373e-06	8.4599e-06	8.4682e-06	8.7182e-06	8.5279e-06	8.5852e-06	8.4854e-06	8.4994e-06
0.067108864	0.188245551	8.4096e-06	8.4444e-06	8.5242e-06	8.6519e-06	8.4649e-06	8.4758e-06	8.4433e-06	8.3182e-06	8.4662e-06	8.6706e-06
0.067108864	0.2447192163	8.5237e-06	8.3877e-06	8.3523e-06	8.4383e-06	8.397e-06	8.3234e-06	8.3951e-06	8.3116e-06	8.4757e-06	8.5297e-06
0.067108864	0.31813498119	8.2879e-06	8.3204e-06	8.2237e-06	8.3854e-06	8.1874e-06	8.1419e-06	8.2438e-06	7.9953e-06	8.2581e-06	8.266e-06
0.067108864	0.413575475547	4.9134e-06	4.8471e-06	4.9631e-06	4.8496e-06	4.8506e-06	4.8228e-06	4.672e-06	4.8618e-06	4.951e-06	4.7867e-06
0.134217728	0.03	2.5e-05	2.5043e-05	2.4694e-05	2.5283e-05	2.5013e-05	2.4445e-05	2.5036e-05	2.4519e-05	2.4603e-05	2.4513e-05
0.134217728	0.039	2.7531e-05	2.784e-05	2.7455e-05	2.7703e-05	2.7848e-05	2.7312e-05	2.7857e-05	2.766e-05	2.7735e-05	2.7274e-05
0.134217728	0.0507	3.1274e-05	3.1236e-05	3.1118e-05	3.0792e-05	3.1701e-05	3.1443e-05	3.1121e-05	3.0918e-05	3.1349e-05	3.1134e-05
0.134217728	0.06591	3.445e-05	3.4727e-05	3.4957e-05	3.4663e-05	3.532e-05	3.4385e-05	3.5104e-05	3.4991e-05	3.4798e-05	3.4858e-05
0.134217728	0.085683	3.792e-05	3.79e-05	3.807e-05	3.7359e-05	3.7765e-05	3.744e-05	3.8122e-05	3.7255e-05	3.7348e-05	3.7376e-05
0.134217728	0.1113879	3.9189e-05	3.8922e-05	3.9545e-05	3.9603e-05	3.8837e-05	3.8998e-05	3.9556e-05	3.9186e-05	3.9768e-05	3.9627e-05
0.134217728	0.14480427	4.0102e-05	4.0943e-05	4.1205e-05	4.0209e-05	4.0155e-05	4.0782e-05	3.9719e-05	4.0698e-05	4.0035e-05	4.0099e-05
0.134217728	0.188245551	4.023e-05	4.0084e-05	4.022e-05	3.9826e-05	3.9049e-05	4.0243e-05	3.9906e-05	3.9747e-05	4.0318e-05	3.9846e-05
0.134217728	0.2447192163	3.961e-05	3.9944e-05	4.0319e-05	3.98e-05	3.9558e-05	3.9668e-05	3.973e-05	3.9897e-05	3.9884e-05	3.9887e-05
0.134217728	0.31813498119	3.8518e-05	3.8979e-05	3.8754e-05	3.9592e-05	3.8983e-05	3.9257e-05	3.951e-05	3.7859e-05	3.8706e-05	3.8458e-05
0.134217728	0.413575475547	2.4165e-05	2.3591e-05	2.4023e-05	2.4006e-05	2.4175e-05	2.4039e-05	2.3979e-05	2.409e-05	2.4295e-05	2.4263e-05
0.268435456	0.03	3.0225e-05	3.0956e-05	2.9225e-05	2.9095e-05	2.9759e-05	2.8251e-05	3.0122e-05	2.9174e-05	3.1984e-05	2.9372e-05
0.268435456	0.039	3.2914e-05	3.288e-05	3.3301e-05	3.3255e-05	3.3438e-05	3.3938e-05	3.3435e-05	3.2603e-05	3.3242e-05	3.3562e-05
0.268435456	0.0507	3.6802e-05	3.8566e-05	3.628e-05	3.8541e-05	3.7222e-05	3.8672e-05	3.875e-05	3.9241e-05	3.646e-05	3.9313e-05
0.268435456	0.06591	3.8953e-05	4.0654e-05	4.0295e-05	4.1108e-05	4.0314e-05	4.1817e-05	3.9034e-05	3.9906e-05	4.1286e-05	4.073e-05
0.268435456	0.085683	4.292e-05	4.3791e-05	4.1727e-05	4.3488e-05	4.4631e-05	4.2894e-05	4.1798e-05	4.1655e-05	4.3657e-05	4.1517e-05
0.268435456	0.1113879	4.6486e-05	4.4668e-05	4.5103e-05	4.5877e-05	4.314e-05	4.4342e-05	4.7089e-05	4.5104e-05	4.4305e-05	4.442e-05
0.268435456	0.14480427	4.6262e-05	4.8811e-05	4.7451e-05	4.8145e-05	4.8533e-05	4.6129e-05	4.5588e-05	4.8184e-05	4.8424e-05	4.8235e-05
0.268435456	0.188245551	5.1161e-05	5.1034e-05	5.1976e-05	5.1054e-05	5.1179e-05	5.0147e-05	5.0816e-05	5.0312e-05	4.8602e-05	5.0347e-05
0.268435456	0.2447192163	5.1826e-05	5.1634e-05	5.1595e-05	5.2699e-05	5.0714e-05	5.3074e-05	5.2947e-05	5.19e-05	5.1885e-05	5.3004e-05
0.268435456	0.31813498119	5.0362e-05	5.3154e-05	5.2299e-05	5.2759e-05	5.2017e-05	5.1142e-05	4.8723e-05	5.3652e-05	5.3716e-05	5.1034e-05
0.268435456	0.413575475547	3.4406e-05	3.5523e-05	3.5778e-05	3.518e-05	3.6474e-05	3.4223e-05	3.5503e-05	3.5346e-05	3.5454e-05	3.613e-05
0.536870912	0.03	2.2402e-05	2.2832e-05	2.1968e-05	2.2137e-05	2.1652e-05	2.2407e-05	2.2048e-05	2.2317e-05	2.4904e-05	2.2242e-05
0.536870912	0.039	2.7919e-05	2.6017e-05	2.543e-05	2.5784e-05	2.5921e-05	2.6618e-05	2.5335e-05	2.5044e-05	2.4605e-05	2.6468e-05
0.536870912	0.0507	2.7861e-05	2.8584e-05	2.7755e-05	3.0424e-05	2.8632e-05	3.0316e-05	2.8852e-05	2.8435e-05	2.7034e-05	2.841e-05
0.536870912	0.06591	2.9747e-05	3.1415e-05	2.968e-05	2.7785e-05	2.9897e-05	2.8247e-05	2.8719e-05	3.0298e-05	2.8552e-05	2.9202e-05
0.536870912	0.085683	3.0668e-05	3.1922e-05	3.2103e-05	3.0865e-05	2.904e-05	3.1262e-05	3.0249e-05	3.0672e-05	2.9901e-05	3.0011e-05
0.536870912	0.1113879	3.2226e-05	3.027e-05	3.3148e-05	3.1848e-05	3.2532e-05	3.0891e-05	2.9555e-05	2.8314e-05	3.0159e-05	3.2153e-05
0.536870912	0.14480427	3.0569e-05	3.2171e-05	3.2243e-05	2.9796e-05	3.4449e-05	3.2287e-05	3.1881e-05	3.385e-05	3.304e-05	3.4422e-05
0.536870912	0.188245551	3.1327e-05	3.452e-05	3.1765e-05	3.3659e-05	3.3092e-05	3.2231e-05	3.1718e-05	3.1816e-05	3.3262e-05	3.3525e-05
0.536870912	0.2447192163	3.3259e-05	3.3824e-05	3.2027e-05	3.3814e-05	3.4065e-05	3.3195e-05	3.2997e-05	3.3552e-05	3.2525e-05	3.1343e-05
0.536870912	0.31813498119	3.175e-05	3.2186e-05	3.2684e-05	3.1629e-05	3.2163e-05	3.141e-05	3.1077e-05	3.1711e-05	3.2695e-05	3.1418e-05
0.536870912	0.413575475547	2.164e-05	2.2431e-05	2.0936e-05	2.2799e-05	2.1624e-05	2.0051e-05	2.051e-05	2.0949e-05	1.9993e-05	2.0297e-05
1.073741824	0.03	2.9289e-05	3.0423e-05	2.8053e-05	2.9437e-05	3.3055e-05	3.0174e-05	3.0505e-05	2.7224e-05	3.2219e-05	3.2417e-05
1.073741824	0.039	3.4498e-05	3.2993e-05	3.2606e-05	3.1617e-05	3.2613e-05	3.2981e-05	3.0854e-05	3.4375e-05	3.269e-05	3.3655e-05
1.073741824	0.0507	3.6666e-05	3.471e-05	3.649e-05	3.7851e-05	3.7119e-05	3.6686e-05	4.0861e-05	3.7514e-05	4.0105e-05	3.6841e-05
1.073741824	0.06591	3.9084e-05	3.8303e-05	3.7824e-05	3.6109e-05	4.0833e-05	3.6951e-05	3.8874e-05	3.7154e-05	3.9032e-05	3.8863e-05
1.073741824	0.085683	4.0797e-05	3.8984e-05	3.9106e-05	3.9059e-05	4.2578e-05	3.8531e-05	3.8196e-05	4.0542e-05	4.0268e-05	3.8809e-05
1.073741824	0.1113879	3.8772e-05	4.3719e-05	4.1438e-05	4.0924e-05	4.0997e-05	3.8071e-05	3.9175e-05	4.0052e-05	4.0214e-05	3.8973e-05
1.073741824	0.14480427	4.0351e-05	4.0548e-05	4.0521e-05	4.151e-05	4.0978e-05	4.1008e-05	4.2037e-05	4.1147e-05	4.1014e-05	4.123e-05
1.073741824	0.188245551	4.1712e-05	4.1145e-05	4.1645e-05	4.0266e-05	4.0886e-05	4.1075e-05	4.2831e-05	4.5229e-05	4.0527e-05	4.2229e-05
1.073741824	0.2447192163	4.1143e-05	4.1494e-05	3.9081e-05	3.9598e-05	4.1643e-05	4.308e-05	4.0244e-05	3.8582e-05	4.3856e-05	4.2886e-05
1.073741824	0.31813498119	3.8465e-05	4.0004e-05	4.034e-05	3.7763e-05	4.2714e-05	4.145e-05	4.1645e-05	4.1687e-05	3.8505e-05	3.8548e-05
1.073741824	0.413575475547	2.6123e-05	2.611e-05	2.4156e-05	2.6092e-05	2.3462e-05	2.5356e-05	2.6815e-05	2.7833e-05	2.5657e-05	2.5948e-05
2.147483648	0.03	4.2854e-05	4.7856e-05	4.5779e-05	4.5529e-05	4.4794e-05	4.4118e-05	4.2886e-05	4.1911e-05	4.7271e-05	4.4096e-05
2.147483648	0.039	4.9661e-05	5.2817e-05	4.75e-05	5.5581e-05	5.2084e-05	5.1662e-05	5.0408e-05	5.0898e-05	4.8841e-05	4.977e-05
2.147483648	0.0507	5.8062e-05	5.4322e-05	5.6745e-05	5.5091e-05	6.026e-05	5.3585e-05	5.5585e-05	5.432e-05	5.4449e-05	5.6452e-05
2.147483648	0.06591	5.7227e-05	5.4323e-05	5.2511e-05	6.0558e-05	5.7941e-05	5.5329e-05	5.5206e-05	5.5598e-05	5.3786e-05	5.8395e-05
2.147483648	0.085683	5.7716e-05	5.5689e-05	6.0278e-05	5.717e-05	5.8235e-05	5.9057e-05	5.6961e-05	5.9546e-05	5.8816e-05	5.7978e-05
2.147483648	0.1113879	5.982e-05	5.9205e-05	5.9067e-05	5.7781e-05	5.7631e-05	5.7818e-05	5.6631e-05	5.7653e-05	5.9351e-05	5.9818e-05
2.147483648	0.14480427	5.9582e-05	5.4597e-05	5.6318e-05	6.3651e-05	5.9867e-05	6.5001e-05	6.1745e-05	5.8569e-05	5.5616e-05	6.2213e-05
2.147483648	0.188245551	5.5738e-05	6.4377e-05	6.1477e-05	6.1716e-05	6.392e-05	6.3051e-05	5.8552e-05	6.4129e-05	5.8436e-05	6.2612e-05
2.147483648	0.2447192163	6.4939e-05	6.3864e-05	5.9676e-05	6.1756e-05	6.1486e-05	6.1509e-05	6.0278e-05	5.5483e-05	6.2799e-05	6.1516e-05
2.147483648	0.31813498119	5.7217e-05	5.6392e-05	5.8449e-05	6.0139e-05	5.9887e-05	6.0435e-05	5.5401e-05	5.9322e-05	5.7185e-05	5.7566e-05
2.147483648	0.413575475547	3.6733e-05	3.6055e-05	3.6752e-05	3.5294e-05	3.7737e-05	3.5143e-05	3.7182e-05	3.7972e-05	3.415e-05	3.5556e-05
4.294967296	0.03	4.899e-05	4.7721e-05	4.8522e-05	5.1238e-05	5.3089e-05	5.0156e-05	4.8028e-05	4.9754e-05	5.1451e-05	5.0144e-05
4.294967296	0.039	5.1296e-05	5.3446e-05	5.4931e-05	5.3246e-05	5.3373e-05	5.4737e-05	5.3826e-05	5.0255e-05	5.4555e-05	5.3476e-05
4.294967296	0.0507	5.904e-05	5.8588e-05	5.8502e-05	6.3134e-05	6.3541e-05	6.0483e-05	5.6638e-05	6.1847e-05	6.0067e-05	6.1002e-05
4.294967296	0.06591	6.3216e-05	6.4588e-05	6.3391e-05	6.2379e-05	6.2367e-05	5.9176e-05	6.0831e-05	6.4529e-05	6.532e-05	6.0374e-05
4.294967296	0.085683	6.4622e-05	6.5161e-05	6.3359e-05	6.6498e-05	6.4719e-05	6.1988e-05	6.5013e-05	6.5912e-05	6.377e-05	6.6362e-05
4.294967296	0.1113879	6.8307e-05	6.591e-05	6.6906e-05	5.9084e-05	6.911e-05	6.2614e-05	6.8976e-05	6.8468e-05	6.6639e-05	6.4198e-05
4.294967296	0.14480427	6.7109e-05	6.4848e-05	6.7196e-05	6.9022e-05	6.4446e-05	6.1497e-05	6.8808e-05	6.5355e-05	6.5875e-05	7.022e-05
4.294967296	0.188245551	6.7952e-05	6.5936e-05	6.5264e-05	6.5048e-05	6.8221e-05	6.6828e-05	6.6084e-05	6.6043e-05	6.3967e-05	6.739e-05
4.294967296	0.2447192163	6.6836e-05	6.5992e-05	6.6128e-05	7.1719e-05	6.6958e-05	6.574e-05	6.4161e-05	6.8109e-05	6.1872e-05	6.6998e-05
4.294967296	0.31813498119	6.5266e-05	6.1798e-05	6.5587e-05	6.3431e-05	6.3322e-05	6.2859e-05	6.5564e-05	6.7318e-05	6.358e-05	6.6686e-05
4.294967296	0.413575475547	3.9014e-05	4.1932e-05	4.1504e-05	4.013e-05	3.8441e-05	4.1099e-05	4.2389e-05	4.1492e-05	3.8511e-05	4.0835e-05
8.589934592	0.03	4.5168e-05	4.5192e-05	4.9856e-05	4.7822e-05	4.3718e-05	4.5772e-05	4.7744e-05	4.8635e-05	4.654e-05	4.923e-05
8.589934592	0.039	5.3819e-05	5.3893e-05	5.1712e-05	5.3612e-05	5.3991e-05	5.3607e-05	5.2904e-05	5.0349e-05	5.3476e-05	5.1344e-05
8.589934592	0.0507	6.0693e-05	6.0423e-05	6.0149e-05	5.7674e-05	5.965e-05	5.7904e-05	5.7628e-05	5.8816e-05	5.7659e-05	5.7756e-05
8.589934592	0.06591	6.1368e-05	6.1365e-05	6.2381e-05	5.7703e-05	6.1307e-05	6.0103e-05	6.5221e-05	5.5694e-05	6.2141e-05	5.8593e-05
8.589934592	0.085683	6.7101e-05	6.2822e-05	6.2639e-05	6.2328e-05	6.3624e-05	5.8779e-05	6.3585e-05	6.2177e-05	5.8591e-05	6.3786e-05
8.589934592	0.1113879	5.9691e-05	6.4886e-05	6.0906e-05	6.3863e-05	6.225e-05	6.6251e-05	6.4163e-05	6.631e-05	6.2462e-05	6.8739e-05
8.589934592	0.14480427	6.223e-05	6.0077e-05	6.3443e-05	6.3917e-05	6.6806e-05	6.7229e-05	6.6189e-05	6.1856e-05	6.51e-05	6.6768e-05
8.589934592	0.188245551	7.0582e-05	6.5192e-05	6.6896e-05	6.703e-05	6.4084e-05	6.3941e-05	6.4984e-05	6.6235e-05	6.5414e-05	6.6714e-05
8.589934592	0.2447192163	6.9496e-05	6.8056e-05	7.0157e-05	6.6727e-05	6.8929e-05	6.7896e-05	6.6062e-05	6.7724e-05	6.8458e-05	6.539e-05
8.589934592	0.31813498119	6.2991e-05	6.3044e-05	6.1185e-05	6.2367e-05	6.3735e-05	6.2301e-05	6.0653e-05	6.4016e-05	6.527e-05	6.5613e-05
8.589934592	0.413575475547	4.0158e-05	4.2927e-05	4.36e-05	4.2239e-05	3.9581e-05	4.0702e-05	4.199e-05	4.2899e-05	3.8524e-05	4.1395e-05
17.179869184	0.03	4.7931e-05	4.4066e-05	4.6633e-05	4.7996e-05	4.8714e-05	4.8138e-05	5.1046e-05	4.681e-05	4.6127e-05	4.8911e-05
17.179869184	0.039	5.0815e-05	5.3183e-05	5.264e-05	5.2113e-05	5.5169e-05	5.3119e-05	5.2962e-05	5.652e-05	5.3453e-05	5.5543e-05
17.179869184	0.0507	5.8276e-05	5.8276e-05	5.9999e-05	5.9381e-05	6.0707e-05	6.1607e-05	5.5393e-05	6.3008e-05	6.1922e-05	5.9415e-05
17.179869184	0.06591	6.505e-05	6.0936e-05	6.3103e-05	6.6016e-05	6.4017e-05	6.423e-05	6.2255e-05	6.223e-05	6.3086e-05	6.3917e-05
17.179869184	0.085683	6.3206e-05	6.6742e-05	7.0236e-05	6.7282e-05	6.3089e-05	6.2675e-05	6.6685e-05	6.2545e-05	6.5661e-05	6.6935e-05
17.179869184	0.1113879	6.6606e-05	6.5268e-05	6.4033e-05	7.0479e-05	6.6447e-05	6.6724e-05	6.7228e-05	6.3987e-05	6.5349e-05	5.9165e-05
17.179869184	0.14480427	6.7192e-05	6.8854e-05	6.4016e-05	6.8308e-05	6.9615e-05	7.1649e-05	6.906e-05	6.6544e-05	7.0163e-05	6.8766e-05
17.179869184	0.188245551	7.1616e-05	6.5958e-05	7.4328e-05	6.7108e-05	7.0515e-05	7.1324e-05	7.1293e-05	6.7288e-05	6.909e-05	7.1205e-05
17.179869184	0.2447192163	6.9243e-05	6.8127e-05	7.1803e-05	6.9416e-05	7.0907e-05	6.9408e-05	7.201e-05	6.8655e-05	7.0759e-05	6.8695e-05
17.179869184	0.31813498119	6.5132e-05	6.8597e-05	7.1231e-05	6.8866e-05	6.6589e-05	6.9021e-05	6.7133e-05	6.6284e-05	6.5545e-05	6.6273e-05
17.179869184	0.413575475547	4.251e-05	4.3745e-05	4.4688e-05	4.3583e-05	4.3904e-05	4.3535e-05	4.3761e-05	4.5732e-05	4.4313e-05	4.4715e-05
34.359738368	0.03	4.7902e-05	5.0912e-05	4.6552e-05	4.7378e-05	5.058e-05	5.1249e-05	4.7977e-05	4.8686e-05	4.8619e-05	4.9338e-05
34.359738368	0.039	5.7199e-05	5.8099e-05	5.3935e-05	5.6883e-05	5.1453e-05	5.6364e-05	5.4594e-05	5.4263e-05	5.7561e-05	5.366e-05
34.359738368	0.0507	6.0471e-05	6.1436e-05	5.8246e-05	6.4312e-05	6.0648e-05	6.3729e-05	5.771e-05	6.3596e-05	6.1423e-05	5.9807e-05
34.359738368	0.06591	6.886e-05	6.1637e-05	6.1093e-05	6.0164e-05	6.0532e-05	6.0321e-05	6.2495e-05	6.744e-05	5.6752e-05	6.7751e-05
34.359738368	0.085683	6.5891e-05	6.7068e-05	6.4832e-05	6.6484e-05	6.2044e-05	6.4342e-05	6.5367e-05	6.7894e-05	6.6917e-05	6.5814e-05
34.359738368	0.1113879	6.6745e-05	6.9686e-05	6.7812e-05	6.9193e-05	6.8964e-05	6.7022e-05	6.7729e-05	6.9036e-05	6.5881e-05	6.6048e-05
34.359738368	0.14480427	6.9694e-05	7.2853e-05	6.651e-05	7.3664e-05	6.9157e-05	7.0598e-05	6.6465e-05	6.4734e-05	6.6182e-05	6.8383e-05
34.359738368	0.188245551	7.1985e-05	7.0211e-05	6.982e-05	7.2498e-05	7.2428e-05	7.372e-05	6.8087e-05	7.1408e-05	7.0018e-05	6.8836e-05
34.359738368	0.2447192163	7.1306e-05	7.4457e-05	7.1374e-05	6.9221e-05	7.3411e-05	7.0886e-05	7.0614e-05	6.9602e-05	6.743e-05	7.513e-05
34.359738368	0.31813498119	7.0184e-05	6.6887e-05	6.7926e-05	6.7936e-05	6.9917e-05	6.9469e-05	6.7888e-05	6.8227e-05	7.2528e-05	6.9783e-05
34.359738368	0.413575475547	4.4264e-05	4.5337e-05	4.4908e-05	4.5483e-05	4.4077e-05	4.6681e-05	4.7916e-05	4.5228e-05	4.5055e-05	4.5436e-05
68.719476736	0.03	5.1969e-05	4.9595e-05	4.653e-05	4.9422e-05	4.9518e-05	5.1781e-05	4.8846e-05	5.1789e-05	5.101e-05	5.1529e-05
68.719476736	0.039	5.9735e-05	5.2393e-05	5.6517e-05	5.8871e-05	5.4219e-05	5.7068e-05	5.4041e-05	5.4024e-05	5.4354e-05	5.2969e-05
68.719476736	0.0507	5.9116e-05	6.8238e-05	6.3266e-05	5.8647e-05	5.966e-05	6.1203e-05	6.2919e-05	5.9237e-05	5.9375e-05	5.9737e-05
68.719476736	0.06591	6.2367e-05	6.2763e-05	6.6173e-05	6.6019e-05	6.0464e-05	6.2287e-05	6.619e-05	6.22e-05	6.3377e-05	6.54e-05
68.719476736	0.085683	6.6795e-05	6.3422e-05	7.1244e-05	6.951e-05	6.7296e-05	6.1658e-05	6.4678e-05	6.5585e-05	7.0297e-05	6.613e-05
68.719476736	0.1113879	6.9054e-05	6.8932e-05	6.9453e-05	6.9302e-05	6.5905e-05	6.8588e-05	6.1974e-05	6.5233e-05	6.8947e-05	6.5879e-05
68.719476736	0.14480427	7.2145e-05	7.2107e-05	7.0511e-05	7.2755e-05	6.8768e-05	7.0094e-05	6.5754e-05	6.9104e-05	6.9866e-05	7.1577e-05
68.719476736	0.188245551	7.4669e-05	7.0096e-05	6.644e-05	7.2514e-05	7.1588e-05	7.2992e-05	6.792e-05	6.9119e-05	7.5688e-05	7.4519e-05
68.719476736	0.2447192163	7.2766e-05	7.3268e-05	7.1655e-05	7.9266e-05	7.2148e-05	7.0823e-05	7.2022e-05	7.5464e-05	6.7908e-05	7.0651e-05
68.719476736	0.31813498119	6.967e-05	7.1284e-05	6.6659e-05	7.0646e-05	7.2505e-05	7.2711e-05	7.0863e-05	6.868e-05	6.6322e-05	6.9672e-05
68.719476736	0.413575475547	4.897e-05	4.646e-05	4.9634e-05	4.9679e-05	4.5484e-05	4.4445e-05	4.7346e-05	4.7648e-05	4.8799e-05	4.7688e-05
137.438953472	0.03	4.8816e-05	4.7363e-05	5.0943e-05	5.0251e-05	5.2245e-05	5.1106e-05	4.673e-05	4.8756e-05	4.963e-05	4.8073e-05
137.438953472	0.039	5.566e-05	5.326e-05	5.2645e-05	5.4613e-05	5.3715e-05	5.4537e-05	5.3927e-05	5.731e-05	5.3178e-05	5.6377e-05
137.438953472	0.0507	6.1689e-05	6.2812e-05	6.572e-05	6.2417e-05	6.2394e-05	6.3843e-05	6.0326e-05	6.2756e-05	6.0414e-05	6.1217e-05
137.438953472	0.06591	6.2677e-05	6.4042e-05	6.433e-05	6.679e-05	6.4207e-05	6.5752e-05	6.4169e-05	6.4355e-05	6.3069e-05	6.4731e-05
137.438953472	0.085683	6.7118e-05	6.6696e-05	6.3738e-05	7.0587e-05	6.8534e-05	6.9696e-05	6.8178e-05	7.0069e-05	7.0994e-05	6.8199e-05
137.438953472	0.1113879	7.1823e-05	6.8645e-05	6.615e-05	7.6197e-05	6.7218e-05	6.7815e-05	7.5202e-05	7.2338e-05	7.0461e-05	6.9923e-05
137.438953472	0.14480427	7.1586e-05	7.463e-05	6.9597e-05	7.743e-05	7.2911e-05	7.4021e-05	7.1773e-05	7.7069e-05	7.0864e-05	7.0941e-05
137.438953472	0.188245551	7.1189e-05	7.3127e-05	7.5267e-05	7.7958e-05	7.3985e-05	7.3869e-05	7.4407e-05	7.3531e-05	7.5708e-05	7.5924e-05
137.438953472	0.2447192163	7.3534e-05	7.8459e-05	7.6429e-05	7.3104e-05	7.485e-05	7.676e-05	7.3419e-05	7.8439e-05	7.4273e-05	7.577e-05
137.438953472	0.31813498119	7.1296e-05	7.5111e-05	7.0031e-05	7.5596e-05	7.3716e-05	7.4517e-05	7.1459e-05	7.1028e-05	7.3365e-05	7.3947e-05
137.438953472	0.413575475547	4.6573e-05	4.6578e-05	5.286e-05	4.8084e-05	4.8633e-05	4.8565e-05	5.1863e-05	4.9836e-05	4.8046e-05	4.8814e-05
274.877906944	0.03	5.1094e-05	5.1526e-05	4.8151e-05	4.8582e-05	4.8426e-05	5.2246e-05	4.8126e-05	4.9132e-05	4.6924e-05	5.1596e-05
274.877906944	0.039	5.8035e-05	5.4348e-05	5.7235e-05	5.9251e-05	5.7848e-05	5.5987e-05	6.0293e-05	6.0798e-05	5.6696e-05	5.6571e-05
274.877906944	0.0507	6.2083e-05	6.379e-05	6.479e-05	6.4783e-05	6.7183e-05	6.236e-05	6.3789e-05	6.3768e-05	6.6203e-05	6.6362e-05
274.877906944	0.06591	6.8515e-05	6.9731e-05	6.8531e-05	6.6427e-05	6.5602e-05	6.6122e-05	7.0275e-05	6.7811e-05	6.7161e-05	6.8809e-05
274.877906944	0.085683	7.1933e-05	6.858e-05	7.0976e-05	6.8982e-05	6.9835e-05	7.0801e-05	7.0241e-05	6.7487e-05	7.0728e-05	6.7358e-05
274.877906944	0.1113879	6.9999e-05	6.7966e-05	6.9915e-05	7.4621e-05	7.5133e-05	7.1672e-05	7.4792e-05	6.8829e-05	7.2392e-05	7.0903e-05
274.877906944	0.14480427	7.4106e-05	6.9734e-05	7.2885e-05	7.4957e-05	7.3042e-05	7.3608e-05	7.4699e-05	7.4799e-05	7.3145e-05	7.2734e-05
274.877906944	0.188245551	7.6382e-05	7.4084e-05	7.3928e-05	7.5805e-05	7.6801e-05	7.7665e-05	7.7144e-05	7.9206e-05	7.9749e-05	7.5477e-05
274.877906944	0.2447192163	8.1508e-05	8.0725e-05	7.5202e-05	7.9357e-05	7.6848e-05	8.4701e-05	7.6797e-05	8.3311e-05	7.8062e-05	7.8486e-05
274.877906944	0.31813498119	7.6844e-05	8.2079e-05	7.592e-05	8.0754e-05	7.3224e-05	7.8582e-05	7.6412e-05	8.0122e-05	7.5307e-05	7.7346e-05
274.877906944	0.413575475547	4.9623e-05	5.3347e-05	5.4641e-05	5.2855e-05	5.3153e-05	5.2377e-05	5.3618e-05	5.0009e-05	5.0374e-05	5.1027e-05
549.755813888	0.03	5.2394e-05	4.7683e-05	5.255e-05	5.3176e-05	5.1035e-05	4.6957e-05	5.6301e-05	5.4865e-05	5.1443e-05	5.2326e-05
549.755813888	0.039	5.9922e-05	5.6256e-05	6.0464e-05	5.7662e-05	5.8469e-05	6.1946e-05	5.9247e-05	5.8067e-05	6.008e-05	5.8131e-05
549.755813888	0.0507	6.6415e-05	6.4277e-05	6.879e-05	6.6974e-05	6.3416e-05	6.5053e-05	6.4537e-05	6.7983e-05	6.8354e-05	6.6085e-05
549.755813888	0.06591	6.7549e-05	6.9631e-05	6.7812e-05	7.1556e-05	6.5884e-05	6.8848e-05	6.6714e-05	7.3503e-05	6.654e-05	6.6695e-05
549.755813888	0.085683	7.0201e-05	6.9583e-05	7.0041e-05	7.1738e-05	6.8068e-05	7.2774e-05	7.3356e-05	7.1759e-05	7.0382e-05	6.9387e-05
549.755813888	0.1113879	7.8966e-05	7.5825e-05	7.1317e-05	7.5064e-05	7.5024e-05	7.4368e-05	7.6944e-05	7.7695e-05	7.4132e-05	7.1767e-05
549.755813888	0.14480427	7.5654e-05	8.2937e-05	7.5512e-05	7.945e-05	8.1503e-05	7.8276e-05	7.657e-05	7.8257e-05	7.9578e-05	7.7512e-05
549.755813888	0.188245551	8.3895e-05	8.0734e-05	8.2383e-05	7.9015e-05	8.0956e-05	7.8975e-05	7.9524e-05	8.1931e-05	7.8668e-05	8.0226e-05
549.755813888	0.2447192163	8.678e-05	8.423e-05	8.4385e-05	9.0843e-05	8.0564e-05	8.8081e-05	8.0883e-05	7.896e-05	8.4083e-05	8.1026e-05
549.755813888	0.31813498119	8.1062e-05	8.3503e-05	8.2711e-05	8.7436e-05	8.0705e-05	8.2682e-05	8.6139e-05	8.1911e-05	8.2966e-05	8.4886e-05
549.755813888	0.413575475547	5.7016e-05	5.5794e-05	5.1307e-05	5.8723e-05	5.2945e-05	5.8193e-05	5.7581e-05	5.4092e-05	5.5468e-05	5.5694e-05