E	r	rate6	rate7
2.55e-11	0.03	0.0041676	0.0041628	1.8477e-09	2.2739e-09
2.55e-11	0.045	0.0041636	0.0041666	4.4488e-09	8.5842e-09
2.55e-11	0.0675	0.003843	0.0038412	9.4138e-08	1.0225e-07
2.55e-11	0.10125	0.0028941	0.0028929	9.9094e-08	1.0776e-07
2.55e-11	0.151875	0.0020234	0.0020236	1.1119e-07	1.3781e-07
2.55e-11	0.2278125	0.0011799	0.0011875	7.9075e-08	8.2883e-08
2.55e-11	0.34171875	0.00048562	0.00048339	3.7961e-08	3.3863e-08
3.825e-11	0.03	0.0043636	0.0043601	2.3481e-09	1.828e-09
3.825e-11	0.045	0.0043577	0.0043671	1.8343e-08	1.2946e-08
3.825e-11	0.0675	0.0039038	0.003901	8.4661e-08	1.0613e-07
3.825e-11	0.10125	0.0029489	0.0029407	8.8157e-08	1.1984e-07
3.825e-11	0.151875	0.002064	0.0020589	8.493e-08	1.2971e-07
3.825e-11	0.2278125	0.0012017	0.0012023	6.0088e-08	9.6972e-08
3.825e-11	0.34171875	0.00049155	0.00049753	4.3406e-08	3.5963e-08
5.7375e-11	0.03	0.0044996	0.0044974	2.682e-08	1.7415e-08
5.7375e-11	0.045	0.0044972	0.0044977	2.9974e-08	3.0508e-08
5.7375e-11	0.0675	0.003939	0.0039429	8.8274e-08	7.7497e-08
5.7375e-11	0.10125	0.0029792	0.0029768	8.2108e-08	9.4786e-08
5.7375e-11	0.151875	0.0020908	0.0020845	9.9171e-08	1.1259e-07
5.7375e-11	0.2278125	0.0012102	0.0012169	7.639e-08	6.3928e-08
5.7375e-11	0.34171875	0.00049995	0.00049994	3.5983e-08	5.3307e-08
8.60625e-11	0.03	0.0045918	0.0045914	1.9076e-08	2.7763e-08
8.60625e-11	0.045	0.0045895	0.004591	4.6179e-08	4.4646e-08
8.60625e-11	0.0675	0.0039673	0.0039693	9.768e-08	9.1568e-08
8.60625e-11	0.10125	0.0029969	0.0029984	1.438e-07	7.6626e-08
8.60625e-11	0.151875	0.0021009	0.0021013	1.2078e-07	9.0656e-08
8.60625e-11	0.2278125	0.0012267	0.0012271	6.9627e-08	9.0938e-08
8.60625e-11	0.34171875	0.00049803	0.00050453	3.4812e-08	4.7111e-08
1.2909375e-10	0.03	0.004655	0.0046536	2.9606e-08	2.4868e-08
1.2909375e-10	0.045	0.0046549	0.004654	5.3906e-08	3.7201e-08
1.2909375e-10	0.0675	0.0039839	0.0039801	6.6103e-08	8.3311e-08
1.2909375e-10	0.10125	0.0030062	0.0030058	8.7691e-08	1.1403e-07
1.2909375e-10	0.151875	0.0021085	0.0021056	8.9165e-08	9.1222e-08
1.2909375e-10	0.2278125	0.0012282	0.001229	7.5837e-08	7.4536e-08
1.2909375e-10	0.34171875	0.00050717	0.00050794	5.2856e-08	4.7605e-08
1.93640625e-10	0.03	0.0046962	0.0046963	3.7621e-08	3.891e-08
1.93640625e-10	0.045	0.0046966	0.0046959	3.5086e-08	2.8916e-08
1.93640625e-10	0.0675	0.0039943	0.0039926	8.8838e-08	6.3534e-08
1.93640625e-10	0.10125	0.0030195	0.0030214	1.0692e-07	8.1446e-08
1.93640625e-10	0.151875	0.0021113	0.0021226	8.9847e-08	9.5883e-08
1.93640625e-10	0.2278125	0.0012276	0.0012285	6.6422e-08	5.8965e-08
1.93640625e-10	0.34171875	0.00050811	0.00050423	4.7629e-08	4.1205e-08
2.904609375e-10	0.03	0.0047257	0.0047266	3.7048e-08	2.0281e-08
2.904609375e-10	0.045	0.0047244	0.0047248	3.5578e-08	5.2804e-08
2.904609375e-10	0.0675	0.0040008	0.0039998	7.5459e-08	6.4349e-08
2.904609375e-10	0.10125	0.003028	0.0030253	8.9147e-08	8.4108e-08
2.904609375e-10	0.151875	0.0021206	0.0021225	9.1466e-08	9.9237e-08
2.904609375e-10	0.2278125	0.0012348	0.0012353	7.253e-08	6.2454e-08
2.904609375e-10	0.34171875	0.00050952	0.00050872	3.3648e-08	4.6879e-08
4.3569140625e-10	0.03	0.0047453	0.0047443	2.5592e-08	3.9084e-08
4.3569140625e-10	0.045	0.0047447	0.0047446	4.7141e-08	3.8775e-08
4.3569140625e-10	0.0675	0.0040037	0.0040083	5.4626e-08	8.0285e-08
4.3569140625e-10	0.10125	0.0030282	0.0030302	8.4829e-08	8.0574e-08
4.3569140625e-10	0.151875	0.0021205	0.0021239	8.3463e-08	7.8694e-08
4.3569140625e-10	0.2278125	0.0012362	0.0012341	7.7869e-08	7.5601e-08
4.3569140625e-10	0.34171875	0.00050881	0.00051076	3.9725e-08	4.4266e-08
6.53537109375e-10	0.03	0.004757	0.004758	3.4557e-08	2.4884e-08
6.53537109375e-10	0.045	0.0047571	0.0047565	3.473e-08	4.4364e-08
6.53537109375e-10	0.0675	0.0040114	0.0040065	5.738e-08	8.1636e-08
6.53537109375e-10	0.10125	0.0030316	0.0030274	9.8465e-08	1.061e-07
6.53537109375e-10	0.151875	0.0021269	0.002125	9.4498e-08	1.1193e-07
6.53537109375e-10	0.2278125	0.0012338	0.0012318	6.0518e-08	8.3164e-08
6.53537109375e-10	0.34171875	0.00051315	0.00051197	2.2334e-08	3.141e-08
9.80305664063e-10	0.03	0.0047655	0.0047661	4.0344e-08	2.0414e-08
9.80305664063e-10	0.045	0.0047644	0.0047645	2.3598e-08	4.4303e-08
9.80305664063e-10	0.0675	0.0040125	0.0040073	7.1798e-08	5.9489e-08
9.80305664063e-10	0.10125	0.003038	0.0030389	8.5744e-08	1.042e-07
9.80305664063e-10	0.151875	0.0021256	0.0021293	8.8056e-08	8.624e-08
9.80305664063e-10	0.2278125	0.0012345	0.0012354	7.3409e-08	7.4615e-08
9.80305664063e-10	0.34171875	0.00050895	0.00051214	5.0379e-08	4.9474e-08
1.47045849609e-09	0.03	0.0047723	0.0047721	4.5865e-08	2.4301e-08
1.47045849609e-09	0.045	0.0047705	0.00477	3.6365e-08	4.3218e-08
1.47045849609e-09	0.0675	0.0040141	0.0040134	7.0508e-08	5.6152e-08
1.47045849609e-09	0.10125	0.0030377	0.0030376	1.0234e-07	8.7559e-08
1.47045849609e-09	0.151875	0.0021297	0.0021284	1.0382e-07	7.6512e-08
1.47045849609e-09	0.2278125	0.0012318	0.0012363	7.2908e-08	5.9565e-08
1.47045849609e-09	0.34171875	0.00050848	0.00051188	3.5349e-08	3.6378e-08
2.20568774414e-09	0.03	0.0047751	0.0047755	3.8645e-08	2.7034e-08
2.20568774414e-09	0.045	0.0047741	0.0047742	3.8885e-08	4.7912e-08
2.20568774414e-09	0.0675	0.0040115	0.0040133	8.616e-08	7.213e-08
2.20568774414e-09	0.10125	0.0030392	0.0030348	1.0886e-07	9.2515e-08
2.20568774414e-09	0.151875	0.002129	0.0021242	1.1971e-07	6.9497e-08
2.20568774414e-09	0.2278125	0.0012306	0.001231	6.6452e-08	6.5947e-08
2.20568774414e-09	0.34171875	0.00050792	0.00051087	4.1329e-08	5.6156e-08
3.30853161621e-09	0.03	0.0047784	0.0047781	1.8798e-08	3.3772e-08
3.30853161621e-09	0.045	0.0047762	0.0047767	4.1756e-08	4.6277e-08
3.30853161621e-09	0.0675	0.004013	0.0040152	5.1691e-08	6.5091e-08
3.30853161621e-09	0.10125	0.0030399	0.0030308	7.9511e-08	9.7833e-08
3.30853161621e-09	0.151875	0.0021245	0.0021263	9.6728e-08	7.7524e-08
3.30853161621e-09	0.2278125	0.0012333	0.0012416	7.8232e-08	6.3584e-08
3.30853161621e-09	0.34171875	0.00051032	0.00050905	5.1075e-08	4.6227e-08
4.96279742432e-09	0.03	0.0047801	0.0047803	5.3081e-08	2.4468e-08
4.96279742432e-09	0.045	0.0047786	0.0047778	5.6749e-08	3.0823e-08
4.96279742432e-09	0.0675	0.0040156	0.0040124	6.8543e-08	7.078e-08
4.96279742432e-09	0.10125	0.0030302	0.0030412	7.6655e-08	8.762e-08
4.96279742432e-09	0.151875	0.0021281	0.0021285	9.1146e-08	8.0935e-08
4.96279742432e-09	0.2278125	0.0012401	0.0012423	6.4464e-08	5.8247e-08
4.96279742432e-09	0.34171875	0.00051261	0.00051105	5.3816e-08	3.5083e-08
7.44419613647e-09	0.03	0.0047811	0.0047812	3.2603e-08	3.3607e-08
7.44419613647e-09	0.045	0.0047791	0.0047791	3.8853e-08	4.0122e-08
7.44419613647e-09	0.0675	0.0040136	0.0040176	5.7965e-08	7.4436e-08
7.44419613647e-09	0.10125	0.003036	0.0030408	1.0772e-07	1.0363e-07
7.44419613647e-09	0.151875	0.0021287	0.0021263	8.827e-08	9.1978e-08
7.44419613647e-09	0.2278125	0.0012366	0.0012392	6.7179e-08	7.6097e-08
7.44419613647e-09	0.34171875	0.00050835	0.00051017	5.1452e-08	5.1009e-08
1.11662942047e-08	0.03	0.0047818	0.0047819	2.9938e-08	3.2097e-08
1.11662942047e-08	0.045	0.0047798	0.0047802	4.755e-08	4.5733e-08
1.11662942047e-08	0.0675	0.0040119	0.004012	7.2029e-08	5.2314e-08
1.11662942047e-08	0.10125	0.0030343	0.0030431	8.5864e-08	8.7608e-08
1.11662942047e-08	0.151875	0.0021283	0.0021245	8.3786e-08	8.5872e-08
1.11662942047e-08	0.2278125	0.0012336	0.0012379	5.2948e-08	8.4272e-08
1.11662942047e-08	0.34171875	0.00051343	0.00051321	4.2678e-08	3.7118e-08
1.67494413071e-08	0.03	0.0047822	0.0047824	2.5911e-08	4.4152e-08
1.67494413071e-08	0.045	0.0047806	0.0047807	3.5578e-08	3.5955e-08
1.67494413071e-08	0.0675	0.0040147	0.0040122	5.7847e-08	6.5044e-08
1.67494413071e-08	0.10125	0.003036	0.0030403	8.9478e-08	6.8142e-08
1.67494413071e-08	0.151875	0.0021278	0.0021255	8.0782e-08	9.9633e-08
1.67494413071e-08	0.2278125	0.0012386	0.0012368	6.3635e-08	8.3136e-08
1.67494413071e-08	0.34171875	0.00051213	0.00051342	4.8568e-08	6.4791e-08
2.51241619606e-08	0.03	0.0047829	0.0047828	2.6272e-08	3.5083e-08
2.51241619606e-08	0.045	0.0047808	0.0047809	3.6672e-08	5.1419e-08
2.51241619606e-08	0.0675	0.0040089	0.0040155	7.2241e-08	7.2752e-08
2.51241619606e-08	0.10125	0.0030354	0.0030344	7.6897e-08	1.0376e-07
2.51241619606e-08	0.151875	0.0021243	0.0021292	7.3703e-08	9.1503e-08
2.51241619606e-08	0.2278125	0.0012379	0.0012343	5.0652e-08	5.7478e-08
2.51241619606e-08	0.34171875	0.00051235	0.00050393	5.4844e-08	4.953e-08
3.76862429409e-08	0.03	0.004783	0.0047829	3.0426e-08	2.4613e-08
3.76862429409e-08	0.045	0.004781	0.0047811	5.8861e-08	3.7586e-08
3.76862429409e-08	0.0675	0.0040137	0.0040183	6.9775e-08	6.9958e-08
3.76862429409e-08	0.10125	0.0030311	0.003036	7.2089e-08	9.2077e-08
3.76862429409e-08	0.151875	0.0021275	0.0021288	7.1106e-08	7.7592e-08
3.76862429409e-08	0.2278125	0.0012409	0.0012389	5.583e-08	9.4856e-08
3.76862429409e-08	0.34171875	0.00051084	0.00051078	4.1985e-08	4.9801e-08
5.65293644114e-08	0.03	0.0047831	0.0047831	3.1417e-08	3.3976e-08
5.65293644114e-08	0.045	0.0047811	0.0047814	3.8024e-08	3.325e-08
5.65293644114e-08	0.0675	0.0040173	0.0040156	6.9124e-08	5.6293e-08
5.65293644114e-08	0.10125	0.0030334	0.0030322	9.8237e-08	7.7985e-08
5.65293644114e-08	0.151875	0.0021265	0.0021287	8.302e-08	7.5948e-08
5.65293644114e-08	0.2278125	0.0012336	0.0012433	7.1425e-08	5.9208e-08
5.65293644114e-08	0.34171875	0.00050857	0.00051078	4.3293e-08	3.8154e-08
8.4794046617e-08	0.03	0.0047832	0.0047832	2.6515e-08	4.0867e-08
8.4794046617e-08	0.045	0.0047813	0.0047814	3.8977e-08	3.8933e-08
8.4794046617e-08	0.0675	0.0040168	0.0040165	7.055e-08	7.2355e-08
8.4794046617e-08	0.10125	0.0030349	0.0030346	8.1657e-08	1.1248e-07
8.4794046617e-08	0.151875	0.002132	0.0021261	9.6169e-08	7.3185e-08
8.4794046617e-08	0.2278125	0.0012356	0.0012383	7.1918e-08	6.3487e-08
8.4794046617e-08	0.34171875	0.00051383	0.00050989	4.0008e-08	3.4013e-08
1.27191069926e-07	0.03	0.0047831	0.0047832	3.8671e-08	2.9328e-08
1.27191069926e-07	0.045	0.0047812	0.0047811	3.1529e-08	3.2353e-08
1.27191069926e-07	0.0675	0.0040158	0.0040161	5.1726e-08	4.4942e-08
1.27191069926e-07	0.10125	0.0030358	0.0030366	9.2199e-08	8.6186e-08
1.27191069926e-07	0.151875	0.0021293	0.0021262	7.7482e-08	9.7053e-08
1.27191069926e-07	0.2278125	0.0012392	0.0012381	8.2044e-08	9.1661e-08
1.27191069926e-07	0.34171875	0.00051276	0.00051115	3.9427e-08	5.8003e-08
1.90786604888e-07	0.03	0.0047833	0.0047833	3.2464e-08	3.1159e-08
1.90786604888e-07	0.045	0.0047813	0.0047813	3.5128e-08	4.1343e-08
1.90786604888e-07	0.0675	0.0040184	0.0040158	6.1168e-08	5.4702e-08
1.90786604888e-07	0.10125	0.0030385	0.0030396	1.1577e-07	9.3975e-08
1.90786604888e-07	0.151875	0.0021246	0.0021345	9.1215e-08	9.6013e-08
1.90786604888e-07	0.2278125	0.0012394	0.0012375	6.679e-08	6.6105e-08
1.90786604888e-07	0.34171875	0.00050983	0.00050996	4.3165e-08	3.5477e-08
2.86179907332e-07	0.03	0.0047834	0.0047833	5.0981e-08	3.583e-08
2.86179907332e-07	0.045	0.0047813	0.0047813	3.8688e-08	3.8422e-08
2.86179907332e-07	0.0675	0.0040126	0.0040158	6.423e-08	5.6009e-08
2.86179907332e-07	0.10125	0.0030421	0.0030363	1.0586e-07	9.228e-08
2.86179907332e-07	0.151875	0.0021314	0.0021265	7.6988e-08	9.7473e-08
2.86179907332e-07	0.2278125	0.0012373	0.0012349	6.2634e-08	7.5382e-08
2.86179907332e-07	0.34171875	0.00050764	0.00050733	4.2843e-08	4.5212e-08
4.29269860999e-07	0.03	0.0047834	0.0047833	3.0036e-08	3.3395e-08
4.29269860999e-07	0.045	0.0047813	0.0047813	3.3801e-08	3.831e-08
4.29269860999e-07	0.0675	0.0040132	0.0040166	7.672e-08	7.2799e-08
4.29269860999e-07	0.10125	0.0030362	0.0030327	1.0597e-07	1.0322e-07
4.29269860999e-07	0.151875	0.0021258	0.002133	9.8903e-08	8.5654e-08
4.29269860999e-07	0.2278125	0.001236	0.0012332	5.7202e-08	7.3674e-08
4.29269860999e-07	0.34171875	0.00050973	0.00051015	5.0104e-08	4.9692e-08
6.43904791498e-07	0.03	0.0047836	0.0047836	2.3357e-08	2.0755e-08
6.43904791498e-07	0.045	0.0047818	0.0047818	2.7531e-08	2.8766e-08
6.43904791498e-07	0.0675	0.0041404	0.0041346	3.6482e-08	5.3666e-08
6.43904791498e-07	0.10125	0.0032723	0.0032641	9.1392e-08	7.374e-08
6.43904791498e-07	0.151875	0.0023934	0.0023975	6.4928e-08	6.0254e-08
6.43904791498e-07	0.2278125	0.001471	0.001472	6.8015e-08	6.5054e-08
6.43904791498e-07	0.34171875	0.00063374	0.00063273	4.7102e-08	4.5336e-08
9.65857187247e-07	0.03	0.0047834	0.0047834	1.7316e-08	1.8025e-08
9.65857187247e-07	0.045	0.0047819	0.0047817	2.2253e-08	1.4038e-08
9.65857187247e-07	0.0675	0.0042267	0.0042257	2.4265e-08	4.0008e-08
9.65857187247e-07	0.10125	0.0034486	0.003439	5.3356e-08	3.82e-08
9.65857187247e-07	0.151875	0.0026138	0.0026223	5.8397e-08	7.9342e-08
9.65857187247e-07	0.2278125	0.0016911	0.0016984	5.7383e-08	5.359e-08
9.65857187247e-07	0.34171875	0.00076895	0.00076753	6.4523e-08	4.4969e-08
1.44878578087e-06	0.03	0.0047835	0.0047835	6.6455e-09	1.0771e-08
1.44878578087e-06	0.045	0.0047818	0.0047819	1.254e-08	7.0714e-09
1.44878578087e-06	0.0675	0.004293	0.0042882	2.4672e-08	3.3921e-08
1.44878578087e-06	0.10125	0.0035825	0.0035847	3.0477e-08	4.9256e-08
1.44878578087e-06	0.151875	0.0028033	0.0027967	4.8051e-08	4.3686e-08
1.44878578087e-06	0.2278125	0.001891	0.001894	2.8404e-08	4.5551e-08
1.44878578087e-06	0.34171875	0.00090599	0.00090905	3.1728e-08	4.5897e-08
2.17317867131e-06	0.03	0.0047836	0.0047836	9.5937e-09	7.9385e-09
2.17317867131e-06	0.045	0.004782	0.004782	6.2446e-09	7.0488e-09
2.17317867131e-06	0.0675	0.0043383	0.0043408	1.69e-08	1.0779e-08
2.17317867131e-06	0.10125	0.0036853	0.0036797	3.5958e-08	2.5463e-08
2.17317867131e-06	0.151875	0.0029434	0.002941	3.5573e-08	4.7306e-08
2.17317867131e-06	0.2278125	0.0020503	0.0020535	3.3568e-08	3.9807e-08
2.17317867131e-06	0.34171875	0.0010331	0.0010339	2.9409e-08	2.8543e-08
3.25976800696e-06	0.03	0.004783	0.0047828	8.3431e-09	4.501e-09
3.25976800696e-06	0.045	0.0047817	0.0047818	2.4359e-09	9.54e-09
3.25976800696e-06	0.0675	0.0043952	0.0043976	6.78e-09	1.3867e-08
3.25976800696e-06	0.10125	0.0038165	0.0038129	1.6091e-08	1.9329e-08
3.25976800696e-06	0.151875	0.0031382	0.0031376	2.8896e-08	2.3147e-08
3.25976800696e-06	0.2278125	0.0022759	0.0022755	2.1198e-08	3.2656e-08
3.25976800696e-06	0.34171875	0.0012189	0.0012141	2.4116e-08	3.522e-08
4.88965201044e-06	0.03	0.0047754	0.0047755	1.8559e-09	3.2475e-09
4.88965201044e-06	0.045	0.0047792	0.0047791	4.6511e-09	8.362e-09
4.88965201044e-06	0.0675	0.0044614	0.0044608	7.1064e-09	9.8563e-09
4.88965201044e-06	0.10125	0.0039595	0.0039559	1.7452e-08	1.5747e-08
4.88965201044e-06	0.151875	0.003348	0.0033442	1.6046e-08	2.1889e-08
4.88965201044e-06	0.2278125	0.0025532	0.0025445	2.581e-08	1.6069e-08
4.88965201044e-06	0.34171875	0.0014519	0.0014472	1.649e-08	2.0366e-08
7.33447801566e-06	0.03	0.0046615	0.0046602	6.9216e-10	3.6569e-09
7.33447801566e-06	0.045	0.0047202	0.0047196	1.0934e-09	1.8862e-09
7.33447801566e-06	0.0675	0.0044974	0.0044937	5.3166e-09	5.0127e-09
7.33447801566e-06	0.10125	0.0041147	0.0041186	7.4962e-09	4.0567e-09
7.33447801566e-06	0.151875	0.0036154	0.0036172	1.0554e-08	1.072e-08
7.33447801566e-06	0.2278125	0.0029092	0.0029155	5.5436e-09	1.6446e-08
7.33447801566e-06	0.34171875	0.0018033	0.0017954	1.4271e-08	1.0272e-08
1.10017170235e-05	0.03	0.0044001	0.0044045	1.4464e-09	7.034e-10
1.10017170235e-05	0.045	0.0045456	0.0045437	1.492e-09	5.6886e-11
1.10017170235e-05	0.0675	0.0044287	0.0044265	6.8672e-09	1.3197e-09
1.10017170235e-05	0.10125	0.0041662	0.0041691	4.5776e-09	1.0098e-09
1.10017170235e-05	0.151875	0.0038055	0.0038081	3.1744e-09	4.6277e-09
1.10017170235e-05	0.2278125	0.0032181	0.0032175	1.2919e-08	6.9443e-09
1.10017170235e-05	0.34171875	0.0021302	0.0021194	1.4914e-08	7.0023e-09
1.65025755352e-05	0.03	0.0039247	0.0039279	1.0011e-09	4.0262e-10
1.65025755352e-05	0.045	0.0041604	0.0041626	9.2129e-10	2.888e-09
1.65025755352e-05	0.0675	0.0041455	0.0041398	1.9958e-09	9.3432e-10
1.65025755352e-05	0.10125	0.0040047	0.0040027	7.5882e-09	2.3746e-09
1.65025755352e-05	0.151875	0.0037854	0.003785	3.3042e-09	9.2578e-09
1.65025755352e-05	0.2278125	0.0033782	0.0033726	5.085e-09	6.0811e-09
1.65025755352e-05	0.34171875	0.0023935	0.0023939	6.5803e-09	1.1803e-08
2.47538633028e-05	0.03	0.0033072	0.0033077	2.3183e-11	1.5048e-09
2.47538633028e-05	0.045	0.0036038	0.0035992	2.8236e-11	2.7926e-11
2.47538633028e-05	0.0675	0.0036427	0.0036448	3.8367e-10	4.5424e-10
2.47538633028e-05	0.10125	0.0035627	0.0035669	7.5946e-09	2.8956e-09
2.47538633028e-05	0.151875	0.0034436	0.0034381	7.8281e-09	7.1303e-09
2.47538633028e-05	0.2278125	0.0031561	0.0031595	3.4365e-09	2.4524e-10
2.47538633028e-05	0.34171875	0.0023244	0.0023223	6.5903e-09	1.7191e-09
3.71307949543e-05	0.03	0.0026182	0.0026227	1.683e-11	1.756e-09
3.71307949543e-05	0.045	0.0029219	0.0029189	2.039e-11	2.0166e-11
3.71307949543e-05	0.0675	0.0029901	0.0029924	1.0703e-09	6.7724e-10
3.71307949543e-05	0.10125	0.0029676	0.0029658	3.4158e-09	8.9786e-09
3.71307949543e-05	0.151875	0.0029056	0.0029072	4.8282e-09	4.7269e-09
3.71307949543e-05	0.2278125	0.0027177	0.002719	2.6098e-09	1.2203e-09
3.71307949543e-05	0.34171875	0.0020457	0.0020396	3.8606e-09	1.3271e-09
5.56961924314e-05	0.03	0.0019974	0.0019995	1.426e-11	1.414e-11
5.56961924314e-05	0.045	0.0022631	0.0022618	1.6857e-11	1.7096e-11
5.56961924314e-05	0.0675	0.002342	0.0023459	3.5636e-10	2.5614e-09
5.56961924314e-05	0.10125	0.0023548	0.0023524	3.9218e-09	1.8158e-11
5.56961924314e-05	0.151875	0.0023313	0.0023336	1.0178e-09	8.1323e-09
5.56961924314e-05	0.2278125	0.0022032	0.0021998	2.8249e-09	1.7778e-11
5.56961924314e-05	0.34171875	0.0016884	0.0016764	1.4147e-09	6.0529e-09
8.35442886471e-05	0.03	0.0014867	0.001486	1.5821e-11	7.4269e-11
8.35442886471e-05	0.045	0.0017051	0.0017085	1.8926e-11	1.1763e-09
8.35442886471e-05	0.0675	0.0017894	0.0017893	1.9192e-11	7.2034e-10
8.35442886471e-05	0.10125	0.001817	0.0018103	1.4272e-10	9.8094e-10
8.35442886471e-05	0.151875	0.001822	0.00182	3.1282e-09	2.2063e-09
8.35442886471e-05	0.2278125	0.0017273	0.0017278	4.8462e-10	3.1555e-09
8.35442886471e-05	0.34171875	0.0013307	0.0013369	1.3188e-09	4.2691e-09
0.000125316432971	0.03	0.00097128	0.00096572	2.8191e-11	2.762e-11
0.000125316432971	0.045	0.0011278	0.0011263	3.3448e-11	3.3303e-11
0.000125316432971	0.0675	0.0011955	0.0011899	3.3649e-11	6.7347e-10
0.000125316432971	0.10125	0.0012202	0.0012183	3.4225e-11	3.3698e-11
0.000125316432971	0.151875	0.0012298	0.0012253	3.3709e-11	3.348e-11
0.000125316432971	0.2278125	0.0011678	0.0011704	1.1802e-09	1.2953e-09
0.000125316432971	0.34171875	0.00091093	0.00090714	1.2098e-09	3.2592e-09
0.000187974649456	0.03	0.00069583	0.00068705	1.0989e-09	5.3539e-11
0.000187974649456	0.045	0.00080406	0.0008086	6.2702e-11	6.3164e-11
0.000187974649456	0.0675	0.00085881	0.00086178	3.3461e-09	6.4603e-11
0.000187974649456	0.10125	0.00088085	0.00088373	6.3395e-11	6.3997e-11
0.000187974649456	0.151875	0.00089626	0.00089239	6.1424e-11	2.0368e-09
0.000187974649456	0.2278125	0.00085086	0.00085164	6.6436e-11	5.5959e-11
0.000187974649456	0.34171875	0.00066421	0.00066529	4.3111e-11	5.3446e-10
0.000281961974184	0.03	0.00048255	0.00048703	1.0702e-10	1.0824e-10
0.000281961974184	0.045	0.00057265	0.00057254	1.2837e-10	1.9407e-10
0.000281961974184	0.0675	0.00060802	0.00060321	1.3043e-10	1.32e-10
0.000281961974184	0.10125	0.00062782	0.00062869	1.289e-10	1.3044e-10
0.000281961974184	0.151875	0.00064026	0.00063601	1.2548e-10	4.3798e-10
0.000281961974184	0.2278125	0.00060877	0.00061126	1.226e-10	1.1537e-10
0.000281961974184	0.34171875	0.0004799	0.0004779	9.3568e-10	9.0683e-10
0.000422942961276	0.03	0.00033935	0.00033887	2.2305e-10	2.2959e-10
0.000422942961276	0.045	0.00039943	0.00039532	2.6701e-10	2.6775e-10
0.000422942961276	0.0675	0.00042864	0.00042757	5.9339e-10	2.7263e-10
0.000422942961276	0.10125	0.00044524	0.00044667	2.6857e-10	1.1709e-09
0.000422942961276	0.151875	0.00045198	0.00044878	2.551e-10	2.5759e-10
0.000422942961276	0.2278125	0.00043148	0.00043242	2.0049e-09	2.3503e-10
0.000422942961276	0.34171875	0.00034377	0.00034353	9.78e-10	1.7307e-10
0.000634414441914	0.03	0.00023421	0.00023481	4.7523e-10	4.7461e-10
0.000634414441914	0.045	0.00027944	0.00027851	5.6821e-10	5.6482e-10
0.000634414441914	0.0675	0.00030034	0.00030007	5.7994e-10	5.7221e-10
0.000634414441914	0.10125	0.00031295	0.0003099	5.6322e-10	5.7791e-10
0.000634414441914	0.151875	0.00031461	0.00031884	5.4428e-10	5.4998e-10
0.000634414441914	0.2278125	0.00030275	0.0003051	5.1393e-10	4.9336e-10
0.000634414441914	0.34171875	0.0002431	0.00024156	3.6616e-10	3.6454e-10
0.000951621662871	0.03	0.00014363	0.00014303	1.283e-09	1.2864e-09
0.000951621662871	0.045	0.00017224	0.00016981	1.5312e-09	1.5352e-09
0.000951621662871	0.0675	0.00018371	0.00018286	1.5657e-09	1.5891e-09
0.000951621662871	0.10125	0.00019273	0.00019614	1.547e-09	1.5372e-09
0.000951621662871	0.151875	0.00019735	0.00019805	1.4687e-09	1.5402e-09
0.000951621662871	0.2278125	0.00018943	0.00019046	1.3666e-09	1.3491e-09
0.000951621662871	0.34171875	0.00015234	0.00015133	9.9208e-10	9.8135e-10
0.00142743249431	0.03	0.00010072	9.9392e-05	2.7528e-09	2.7593e-09
0.00142743249431	0.045	0.00011864	0.00011756	3.2252e-09	3.2229e-09
0.00142743249431	0.0675	0.00012801	0.00012906	3.3826e-09	3.321e-09
0.00142743249431	0.10125	0.00013123	0.00013334	3.2465e-09	3.2343e-09
0.00142743249431	0.151875	0.00013627	0.00013271	3.1405e-09	3.1083e-09
0.00142743249431	0.2278125	0.00013269	0.00013269	2.8907e-09	2.8746e-09
0.00142743249431	0.34171875	0.00010823	0.00010661	2.6116e-09	2.124e-09
0.00214114874146	0.03	6.8509e-05	6.8452e-05	5.925e-09	5.9928e-09
0.00214114874146	0.045	8.1014e-05	8.1146e-05	7.0878e-09	6.9797e-09
0.00214114874146	0.0675	8.7288e-05	8.6666e-05	7.3372e-09	7.4917e-09
0.00214114874146	0.10125	9.1871e-05	8.903e-05	7.0644e-09	6.9366e-09
0.00214114874146	0.151875	9.373e-05	9.4013e-05	6.624e-09	6.8374e-09
0.00214114874146	0.2278125	9.128e-05	8.9171e-05	6.2097e-09	6.1335e-09
0.00214114874146	0.34171875	7.3327e-05	7.2281e-05	4.6536e-09	4.6119e-09
0.00321172311219	0.03	4.5998e-05	4.5701e-05	1.2931e-08	1.2691e-08
0.00321172311219	0.045	5.425e-05	5.4785e-05	1.5575e-08	1.5588e-08
0.00321172311219	0.0675	5.8926e-05	5.8841e-05	1.619e-08	1.6018e-08
0.00321172311219	0.10125	6.146e-05	6.1843e-05	1.5719e-08	1.5756e-08
0.00321172311219	0.151875	6.4664e-05	6.3144e-05	1.5208e-08	1.516e-08
0.00321172311219	0.2278125	6.1529e-05	6.1357e-05	1.3874e-08	1.3947e-08
0.00321172311219	0.34171875	4.9927e-05	5.0191e-05	1.0332e-08	1.0327e-08
0.00481758466828	0.03	3.0222e-05	3.0635e-05	3.1082e-08	3.1581e-08
0.00481758466828	0.045	3.6052e-05	3.5752e-05	3.7018e-08	3.7132e-08
0.00481758466828	0.0675	3.9059e-05	3.843e-05	3.8101e-08	3.8383e-08
0.00481758466828	0.10125	4.0126e-05	3.9766e-05	3.6729e-08	3.718e-08
0.00481758466828	0.151875	4.1385e-05	4.1505e-05	3.5353e-08	3.6342e-08
0.00481758466828	0.2278125	3.984e-05	4.0049e-05	3.2828e-08	3.3352e-08
0.00481758466828	0.34171875	3.2778e-05	3.3349e-05	2.4983e-08	2.4717e-08
0.00722637700243	0.03	2.4421e-05	2.4237e-05	4.3022e-07	4.2488e-07
0.00722637700243	0.045	2.8802e-05	2.769e-05	5.118e-07	5.1442e-07
0.00722637700243	0.0675	3.0608e-05	3.0606e-05	5.1944e-07	5.2251e-07
0.00722637700243	0.10125	3.0783e-05	3.1057e-05	4.8914e-07	4.9162e-07
0.00722637700243	0.151875	3.192e-05	3.1747e-05	4.5886e-07	4.6873e-07
0.00722637700243	0.2278125	3.0297e-05	3.0631e-05	4.2093e-07	4.149e-07
0.00722637700243	0.34171875	2.485e-05	2.4424e-05	3.1023e-07	3.1216e-07
0.0108395655036	0.03	1.5591e-05	1.5755e-05	1.5569e-07	1.575e-07
0.0108395655036	0.045	1.8134e-05	1.8675e-05	1.8686e-07	1.8697e-07
0.0108395655036	0.0675	1.9771e-05	1.9447e-05	1.9448e-07	1.9241e-07
0.0108395655036	0.10125	2.0336e-05	2.0124e-05	1.9448e-07	1.9526e-07
0.0108395655036	0.151875	2.0255e-05	2.0498e-05	1.91e-07	1.9218e-07
0.0108395655036	0.2278125	1.9673e-05	2.0245e-05	1.8389e-07	1.8325e-07
0.0108395655036	0.34171875	1.6586e-05	1.6177e-05	1.4349e-07	1.4398e-07
0.0162593482555	0.03	1.8652e-05	1.9143e-05	8.0191e-07	8.0564e-07
0.0162593482555	0.045	2.2765e-05	2.2418e-05	9.6782e-07	9.7547e-07
0.0162593482555	0.0675	2.326e-05	2.3826e-05	9.9245e-07	1.0041e-06
0.0162593482555	0.10125	2.3587e-05	2.3561e-05	9.6877e-07	9.702e-07
0.0162593482555	0.151875	2.4346e-05	2.3726e-05	9.4753e-07	9.3102e-07
0.0162593482555	0.2278125	2.232e-05	2.275e-05	8.8537e-07	9.0946e-07
0.0162593482555	0.34171875	1.8489e-05	1.8147e-05	7.0878e-07	6.8011e-07
0.0243890223832	0.03	3.3159e-05	3.3342e-05	2.9153e-06	2.9802e-06
0.0243890223832	0.045	3.9441e-05	3.9269e-05	3.4792e-06	3.5263e-06
0.0243890223832	0.0675	4.1379e-05	4.0901e-05	3.6058e-06	3.6299e-06
0.0243890223832	0.10125	4.1983e-05	4.2351e-05	3.6143e-06	3.5684e-06
0.0243890223832	0.151875	4.184e-05	4.2445e-05	3.5252e-06	3.5319e-06
0.0243890223832	0.2278125	4.1195e-05	4.1085e-05	3.395e-06	3.3721e-06
0.0243890223832	0.34171875	3.3148e-05	3.3481e-05	2.7477e-06	2.7793e-06
0.0365835335748	0.03	1.0617e-05	1.0513e-05	2.6071e-06	2.5561e-06
0.0365835335748	0.045	1.2617e-05	1.2408e-05	3.0604e-06	3.0053e-06
0.0365835335748	0.0675	1.3405e-05	1.3322e-05	3.1611e-06	3.204e-06
0.0365835335748	0.10125	1.3305e-05	1.3284e-05	3.2202e-06	3.2164e-06
0.0365835335748	0.151875	1.3249e-05	1.3528e-05	3.1503e-06	3.2032e-06
0.0365835335748	0.2278125	1.3228e-05	1.3618e-05	3.1228e-06	3.1483e-06
0.0365835335748	0.34171875	1.1149e-05	1.1612e-05	2.525e-06	2.5667e-06
0.0548753003622	0.03	1.1327e-05	1.097e-05	5.4123e-06	5.1258e-06
0.0548753003622	0.045	1.3663e-05	1.36e-05	6.221e-06	6.1537e-06
0.0548753003622	0.0675	1.4055e-05	1.4153e-05	6.4346e-06	6.4027e-06
0.0548753003622	0.10125	1.3819e-05	1.4076e-05	6.4842e-06	6.4449e-06
0.0548753003622	0.151875	1.4152e-05	1.4166e-05	6.375e-06	6.4036e-06
0.0548753003622	0.2278125	1.4045e-05	1.3755e-05	6.3842e-06	6.1096e-06
0.0548753003622	0.34171875	1.1434e-05	1.1396e-05	5.2646e-06	5.2672e-06
0.0823129505433	0.03	1.5413e-05	1.5678e-05	9.5736e-06	9.9165e-06
0.0823129505433	0.045	1.8425e-05	1.8169e-05	1.1497e-05	1.1548e-05
0.0823129505433	0.0675	1.9298e-05	1.8728e-05	1.1956e-05	1.1877e-05
0.0823129505433	0.10125	1.8848e-05	1.9137e-05	1.1986e-05	1.1928e-05
0.0823129505433	0.151875	1.9291e-05	1.892e-05	1.1846e-05	1.1911e-05
0.0823129505433	0.2278125	1.9028e-05	1.8733e-05	1.166e-05	1.1629e-05
0.0823129505433	0.34171875	1.5967e-05	1.5978e-05	9.7934e-06	9.8774e-06