E	r	rate
2.5e-11	4.05	-0.01156	-0.011875	-0.011412
2.5e-11	5.4	-0.0044551	-0.0048573	-0.0045088
2.5e-11	6.65	-0.0021467	-0.00207	-0.0019987
2.5e-11	8.9	-0.0005184	-0.00054154	-0.00059943
2.5e-11	11.65	-8.5881e-05	-0.00015993	-0.00013145
1e-10	4.05	-0.020686	-0.020676	-0.020558
1e-10	5.4	-0.008565	-0.0083678	-0.0080173
1e-10	6.65	-0.0038709	-0.0035273	-0.003597
1e-10	8.9	-0.0011764	-0.0010948	-0.0010386
1e-10	11.65	-0.00036476	-0.00021584	-0.0001374
3e-10	4.05	-0.031392	-0.031987	-0.031209
3e-10	5.4	-0.012215	-0.011892	-0.011793
3e-10	6.65	-0.0054589	-0.0054108	-0.0058761
3e-10	8.9	-0.0015961	-0.0013009	-0.0016232
3e-10	11.65	-0.00032665	-0.00036062	-0.00036198
1e-09	4.05	-0.041995	-0.040949	-0.041902
1e-09	5.4	-0.017371	-0.016326	-0.017202
1e-09	6.65	-0.0071863	-0.0072106	-0.007275
1e-09	8.9	-0.0019134	-0.0020017	-0.0019277
1e-09	11.65	-0.00039629	-0.00057332	-0.00026753
3e-09	4.05	-0.047434	-0.049148	-0.047733
3e-09	5.4	-0.018952	-0.019811	-0.01993
3e-09	6.65	-0.0088692	-0.0091823	-0.008679
3e-09	8.9	-0.0024353	-0.0027654	-0.0021408
3e-09	11.65	-0.00061386	-0.00051486	-0.0005786
1e-08	4.05	-0.054372	-0.053268	-0.05339
1e-08	5.4	-0.021931	-0.022871	-0.022537
1e-08	6.65	-0.010826	-0.010496	-0.010008
1e-08	8.9	-0.0028791	-0.0026902	-0.0029486
1e-08	11.65	-0.00053307	-0.00058823	-0.00082677
3e-08	4.05	-0.055737	-0.056072	-0.056475
3e-08	5.4	-0.024462	-0.023836	-0.025095
3e-08	6.65	-0.011228	-0.010745	-0.011752
3e-08	8.9	-0.0033017	-0.0030667	-0.0030334
3e-08	11.65	-0.00055662	-0.00065163	-0.00071053
1e-07	4.05	-0.056026	-0.056484	-0.057701
1e-07	5.4	-0.024745	-0.025944	-0.024993
1e-07	6.65	-0.011811	-0.011377	-0.012085
1e-07	8.9	-0.0031862	-0.0033296	-0.0036227
1e-07	11.65	-0.00076439	-0.00080927	-0.0010621
3e-07	4.05	-0.056441	-0.055925	-0.056613
3e-07	5.4	-0.025338	-0.02606	-0.025731
3e-07	6.65	-0.012965	-0.01242	-0.012758
3e-07	8.9	-0.0037672	-0.0034592	-0.0036691
3e-07	11.65	-0.00075463	-0.00083314	-0.00078587
1e-06	4.05	-0.055842	-0.055234	-0.056004
1e-06	5.4	-0.026719	-0.026024	-0.02732
1e-06	6.65	-0.01306	-0.013683	-0.013152
1e-06	8.9	-0.0035206	-0.0038399	-0.0042978
1e-06	11.65	-0.00081304	-0.00085621	-0.00097145
3e-06	4.05	-0.054413	-0.053863	-0.055456
3e-06	5.4	-0.027161	-0.027303	-0.027535
3e-06	6.65	-0.014406	-0.013516	-0.014044
3e-06	8.9	-0.0039496	-0.0041736	-0.0043461
3e-06	11.65	-0.001022	-0.0010478	-0.00082369
1e-05	4.05	-0.052551	-0.052766	-0.053434
1e-05	5.4	-0.028255	-0.027353	-0.027613
1e-05	6.65	-0.014919	-0.014767	-0.015071
1e-05	8.9	-0.0045924	-0.0041329	-0.0043106
1e-05	11.65	-0.00083324	-0.00093143	-0.00087906
3e-05	4.05	-0.052566	-0.052484	-0.05286
3e-05	5.4	-0.029799	-0.029614	-0.029719
3e-05	6.65	-0.016252	-0.014967	-0.015192
3e-05	8.9	-0.0051652	-0.0049465	-0.0048489
3e-05	11.65	-0.0012712	-0.0012153	-0.0013605
0.0001	4.05	-0.052918	-0.052942	-0.053251
0.0001	5.4	-0.032164	-0.033006	-0.032901
0.0001	6.65	-0.019887	-0.01893	-0.019439
0.0001	8.9	-0.0064767	-0.0060471	-0.0070553
0.0001	11.65	-0.0016539	-0.0017986	-0.0016722
0.0003	4.05	-0.048473	-0.049399	-0.049149
0.0003	5.4	-0.035594	-0.035997	-0.036527
0.0003	6.65	-0.024406	-0.02349	-0.023774
0.0003	8.9	-0.0090665	-0.010512	-0.0096753
0.0003	11.65	-0.0025631	-0.0028688	-0.0028635
0.001	4.05	-0.032418	-0.03243	-0.0326
0.001	5.4	-0.030707	-0.030748	-0.030702
0.001	6.65	-0.025235	-0.025256	-0.025435
0.001	8.9	-0.01509	-0.014916	-0.015048
0.001	11.65	-0.0065123	-0.0062772	-0.0064709
0.004	4.05	-0.012544	-0.012513	-0.012714
0.004	5.4	-0.013917	-0.013205	-0.013625
0.004	6.65	-0.013217	-0.014038	-0.01372
0.004	8.9	-0.011444	-0.011563	-0.011694
0.004	11.65	-0.0069709	-0.007448	-0.0073803
0.01	4.05	-0.0048271	-0.0047909	-0.00487
0.01	5.4	-0.0055329	-0.005833	-0.0054321
0.01	6.65	-0.0061703	-0.0065519	-0.0063784
0.01	8.9	-0.0065073	-0.0060145	-0.0060364
0.01	11.65	-0.0047957	-0.005112	-0.0048838
0.02	4.05	-0.0022211	-0.002196	-0.0020939
0.02	5.4	-0.0033222	-0.0030292	-0.003201
0.02	6.65	-0.0037782	-0.0036078	-0.0033618
0.02	8.9	-0.003803	-0.0039913	-0.0040384
0.02	11.65	-0.0034195	-0.0032783	-0.0037251
0.05	4.05	7.6708e-05	0.00026161	0.00029732
0.05	5.4	-0.00048507	-0.00041966	-0.00051725
0.05	6.65	-0.00076573	-0.00087925	-0.00092474
0.05	8.9	-0.0013442	-0.0010947	-0.0011945
0.05	11.65	-0.0012562	-0.001257	-0.0014607
0.1	4.05	0.00075187	0.00065128	0.00080398
0.1	5.4	-0.00012121	0.00010425	9.0308e-05
0.1	6.65	-0.00042733	-0.00040652	-0.0005027
0.1	8.9	-0.00084264	-0.00072322	-0.00056303
0.1	11.65	-0.00078972	-0.00072588	-0.00073681
0.2	4.05	0.00085901	0.00086423	0.00098864
0.2	5.4	0.00024981	0.00030293	8.8823e-05
0.2	6.65	-0.0001655	-1.4556e-05	-9.2463e-05
0.2	8.9	-0.0005158	-0.00041519	-0.00036105
0.2	11.65	-0.00043016	-0.00056538	-0.00046434
0.5	4.05	0.0015124	0.00143	0.0013177
0.5	5.4	0.00060303	0.00065103	0.00042643
0.5	6.65	7.0073e-05	0.00013641	-7.2621e-07
0.5	8.9	-0.00027551	-0.00025116	-5.4699e-05
0.5	11.65	-0.00040039	-0.00050035	-0.00037278
1.0	4.05	0.0016395	0.0017304	0.0016328
1.0	5.4	0.00075268	0.00062834	0.00079135
1.0	6.65	0.00019464	0.00015639	0.00021269
1.0	8.9	-9.6874e-05	-0.00019046	-0.00018306
1.0	11.65	-0.00040794	-0.00047139	-0.00036012