E	r	rate
2.5e-11	4.05	-0.003774	-0.0037371	-0.003738
2.5e-11	5.4	-0.0013557	-0.0014606	-0.0014167
2.5e-11	6.65	-0.00064555	-0.00061227	-0.00061203
2.5e-11	8.9	-0.00013463	-0.00015408	-0.00012344
2.5e-11	11.65	-2.2352e-05	-2.7953e-05	-1.4094e-05
1e-10	4.05	-0.0043035	-0.004014	-0.0042072
1e-10	5.4	-0.0015471	-0.0013598	-0.0014572
1e-10	6.65	-0.00066031	-0.00067683	-0.00064583
1e-10	8.9	-0.00016006	-0.00018284	-0.00019634
1e-10	11.65	-3.6609e-05	-2.2568e-05	-3.6429e-05
3e-10	4.05	-0.0041013	-0.0042919	-0.0044218
3e-10	5.4	-0.0015579	-0.0015695	-0.001511
3e-10	6.65	-0.00061507	-0.00069175	-0.00075198
3e-10	8.9	-0.00014593	-0.00017461	-0.00014059
3e-10	11.65	-3.6543e-05	-2.7967e-05	-3.3808e-05
1e-09	4.05	-0.0043524	-0.0041603	-0.0042431
1e-09	5.4	-0.0016965	-0.001723	-0.0016293
1e-09	6.65	-0.00064268	-0.00074665	-0.00062551
1e-09	8.9	-0.00019109	-0.00015153	-0.00018209
1e-09	11.65	-2.7963e-05	-3.6476e-05	-5.0509e-05
3e-09	4.05	-0.0042871	-0.0044695	-0.0042132
3e-09	5.4	-0.0015779	-0.0016574	-0.0016874
3e-09	6.65	-0.00070385	-0.00065465	-0.00073247
3e-09	8.9	-0.00021595	-0.00017691	-0.00017409
3e-09	11.65	-2.8339e-05	-2.2686e-05	-3.6518e-05
1e-08	4.05	-0.0043039	-0.0043906	-0.0041724
1e-08	5.4	-0.0016226	-0.0016619	-0.0016411
1e-08	6.65	-0.00077326	-0.00064536	-0.00070223
1e-08	8.9	-0.00014312	-0.00017169	-0.00015204
1e-08	11.65	-3.3855e-05	-3.3657e-05	-3.6343e-05
3e-08	4.05	-0.0042021	-0.0041935	-0.0041246
3e-08	5.4	-0.0016184	-0.0016054	-0.0016304
3e-08	6.65	-0.00077548	-0.00071418	-0.00070804
3e-08	8.9	-0.0001513	-0.00017096	-0.00015165
3e-08	11.65	-1.675e-05	-3.0683e-05	-3.3733e-05
1e-07	4.05	-0.0042105	-0.0042216	-0.004341
1e-07	5.4	-0.0015441	-0.0016886	-0.0016012
1e-07	6.65	-0.00066847	-0.00072462	-0.00070538
1e-07	8.9	-0.000174	-0.00016014	-0.00015697
1e-07	11.65	-3.9176e-05	-3.0615e-05	-3.6573e-05
3e-07	4.05	-0.0041411	-0.0042277	-0.0042436
3e-07	5.4	-0.0017038	-0.001629	-0.0015386
3e-07	6.65	-0.0006711	-0.00073291	-0.00069877
3e-07	8.9	-0.00018519	-0.00014015	-0.0001428
3e-07	11.65	-1.9599e-05	-2.8078e-05	-2.813e-05
1e-06	4.05	-0.0049124	-0.0046533	-0.0048737
1e-06	5.4	-0.0018622	-0.0020179	-0.0018701
1e-06	6.65	-0.00087362	-0.00086945	-0.0008665
1e-06	8.9	-0.00020688	-0.00016882	-0.00019614
1e-06	11.65	-4.4777e-05	-4.4725e-05	-4.4639e-05
3e-06	4.05	-0.006279	-0.0058996	-0.0063521
3e-06	5.4	-0.0023437	-0.0025095	-0.0024469
3e-06	6.65	-0.00098586	-0.00090651	-0.001032
3e-06	8.9	-0.00027259	-0.00021667	-0.00027112
3e-06	11.65	-7.8146e-05	-7.8644e-05	-4.4383e-05
1e-05	4.05	-0.010312	-0.010973	-0.011206
1e-05	5.4	-0.0041054	-0.0037711	-0.0040331
1e-05	6.65	-0.0017683	-0.0016452	-0.0016592
1e-05	8.9	-0.00048885	-0.00042498	-0.00045682
1e-05	11.65	-7.6404e-05	-6.9929e-05	-6.9535e-05
3e-05	4.05	-0.030903	-0.031255	-0.030495
3e-05	5.4	-0.011296	-0.011291	-0.011202
3e-05	6.65	-0.0047224	-0.0042673	-0.0050128
3e-05	8.9	-0.0011268	-0.0010185	-0.0011758
3e-05	11.65	-0.00019823	-0.00017452	-0.00018227
0.0001	4.05	-0.0533	-0.052018	-0.051992
0.0001	5.4	-0.019473	-0.020424	-0.020063
0.0001	6.65	-0.0084063	-0.0085718	-0.0090745
0.0001	8.9	-0.0021569	-0.0017686	-0.0018209
0.0001	11.65	-0.0004395	-0.00050546	-0.00030345
0.0003	4.05	-0.05658	-0.056278	-0.056489
0.0003	5.4	-0.024091	-0.023782	-0.023319
0.0003	6.65	-0.010728	-0.011132	-0.0099887
0.0003	8.9	-0.0026116	-0.002365	-0.0024945
0.0003	11.65	-0.00043548	-0.00044948	-0.00040865
0.001	4.05	-0.057269	-0.057738	-0.057209
0.001	5.4	-0.025563	-0.025153	-0.026254
0.001	6.65	-0.011469	-0.011958	-0.01177
0.001	8.9	-0.003202	-0.0030793	-0.0030949
0.001	11.65	-0.00039029	-0.00059858	-0.00047599
0.004	4.05	-0.053784	-0.054563	-0.05473
0.004	5.4	-0.026982	-0.026613	-0.027856
0.004	6.65	-0.014166	-0.014169	-0.013242
0.004	8.9	-0.0039508	-0.0036148	-0.0036878
0.004	11.65	-0.0010025	-0.00067074	-0.00092381
0.01	4.05	-0.053853	-0.053134	-0.05291
0.01	5.4	-0.029905	-0.03012	-0.029843
0.01	6.65	-0.016227	-0.016036	-0.016288
0.01	8.9	-0.0047983	-0.0045988	-0.0048805
0.01	11.65	-0.0012323	-0.00091868	-0.00092303
0.02	4.05	-0.050959	-0.051184	-0.050772
0.02	5.4	-0.035553	-0.034659	-0.035094
0.02	6.65	-0.021367	-0.021974	-0.021782
0.02	8.9	-0.0081508	-0.0078248	-0.0077673
0.02	11.65	-0.0018405	-0.0019902	-0.0022129
0.05	4.05	-0.027886	-0.027625	-0.027908
0.05	5.4	-0.026906	-0.027129	-0.027167
0.05	6.65	-0.022945	-0.024061	-0.023024
0.05	8.9	-0.014882	-0.014761	-0.014131
0.05	11.65	-0.0068268	-0.0065011	-0.0065429
0.1	4.05	-0.0096273	-0.0094332	-0.010042
0.1	5.4	-0.011026	-0.011333	-0.010994
0.1	6.65	-0.011244	-0.011398	-0.011248
0.1	8.9	-0.0094855	-0.0097703	-0.0095348
0.1	11.65	-0.0068445	-0.0068302	-0.006678
0.2	4.05	-0.0018838	-0.0019055	-0.001871
0.2	5.4	-0.0025325	-0.002633	-0.0027898
0.2	6.65	-0.0033766	-0.0032643	-0.0029938
0.2	8.9	-0.0032324	-0.0033374	-0.003356
0.2	11.65	-0.0031507	-0.0029477	-0.002981
0.5	4.05	0.0008675	0.00067639	0.0007652
0.5	5.4	9.5006e-05	7.0219e-05	-2.0897e-05
0.5	6.65	-0.00012107	-0.00018457	-0.00021859
0.5	8.9	-0.00058952	-0.00056989	-0.0006
0.5	11.65	-0.0005088	-0.00067841	-0.00048378
1.0	4.05	0.0014077	0.0012471	0.0013493
1.0	5.4	0.00048853	0.00050446	0.000629
1.0	6.65	0.00012218	0.00013113	-3.4835e-06
1.0	8.9	-0.00039064	-0.00015606	-0.00018628
1.0	11.65	-0.00027539	-0.00043664	-0.00045689