E	r	rate
2.5e-11	4.05	-0.0041366	-0.0042531	-0.0041307
2.5e-11	5.4	-0.001677	-0.0017385	-0.0017519
2.5e-11	6.65	-0.0008048	-0.00081388	-0.00078417
2.5e-11	8.9	-0.00023356	-0.00020727	-0.00025135
2.5e-11	11.65	-3.6072e-05	-3.2705e-05	-3.6343e-05
1e-10	4.05	-0.0045352	-0.0046906	-0.0048217
1e-10	5.4	-0.0019119	-0.0018795	-0.001841
1e-10	6.65	-0.0008173	-0.00092997	-0.00088238
1e-10	8.9	-0.00025417	-0.00021363	-0.00025994
1e-10	11.65	-6.2596e-05	-3.5985e-05	-6.2724e-05
3e-10	4.05	-0.0047184	-0.0046391	-0.0045104
3e-10	5.4	-0.0019869	-0.0018173	-0.0018746
3e-10	6.65	-0.00086658	-0.00088693	-0.00081006
3e-10	8.9	-0.0002899	-0.00022375	-0.00031334
3e-10	11.65	-5.2517e-05	-4.3196e-05	-6.8843e-05
1e-09	4.05	-0.0047865	-0.0046716	-0.0045241
1e-09	5.4	-0.0019668	-0.0018357	-0.0019115
1e-09	6.65	-0.00090832	-0.00094056	-0.00085972
1e-09	8.9	-0.00023366	-0.0002568	-0.00024671
1e-09	11.65	-2.963e-05	-8.9567e-05	-5.6091e-05
3e-09	4.05	-0.0049012	-0.0045358	-0.0046375
3e-09	5.4	-0.0018771	-0.0017662	-0.0019476
3e-09	6.65	-0.00083449	-0.00086646	-0.00087367
3e-09	8.9	-0.00023682	-0.00025397	-0.0002203
3e-09	11.65	-5.2492e-05	-5.5826e-05	-6.2662e-05
1e-08	4.05	-0.0045632	-0.0045443	-0.0048425
1e-08	5.4	-0.0019245	-0.0018579	-0.0019376
1e-08	6.65	-0.0008466	-0.00089333	-0.00090939
1e-08	8.9	-0.00025046	-0.00023693	-0.00028325
1e-08	11.65	-7.2194e-05	-5.5918e-05	-3.9601e-05
3e-08	4.05	-0.0047202	-0.0046216	-0.0046173
3e-08	5.4	-0.001944	-0.0018685	-0.0019532
3e-08	6.65	-0.00096809	-0.00087021	-0.00081054
3e-08	8.9	-0.00024048	-0.00030706	-0.0002856
3e-08	11.65	-5.5919e-05	-3.6269e-05	-6.2316e-05
1e-07	4.05	-0.0047846	-0.0044373	-0.0045827
1e-07	5.4	-0.0019527	-0.0017819	-0.0019125
1e-07	6.65	-0.0010124	-0.00098631	-0.00087578
1e-07	8.9	-0.00024649	-0.0002369	-0.00024374
1e-07	11.65	-5.286e-05	-4.3037e-05	-6.2674e-05
3e-07	4.05	-0.0046091	-0.0045465	-0.0048285
3e-07	5.4	-0.0020183	-0.0018487	-0.001883
3e-07	6.65	-0.0010052	-0.00095265	-0.00088556
3e-07	8.9	-0.00025264	-0.00026025	-0.00026321
3e-07	11.65	-7.2559e-05	-7.9217e-05	-5.9864e-05
1e-06	4.05	-0.0053986	-0.0060019	-0.0054913
1e-06	5.4	-0.0024038	-0.0023604	-0.0023493
1e-06	6.65	-0.00103	-0.0010801	-0.0011662
1e-06	8.9	-0.00032669	-0.00035167	-0.00033054
1e-06	11.65	-5.6897e-05	-0.00010314	-0.0001055
3e-06	4.05	-0.0076052	-0.0081016	-0.007653
3e-06	5.4	-0.0033169	-0.0033103	-0.003246
3e-06	6.65	-0.0013352	-0.0014309	-0.0016212
3e-06	8.9	-0.0004166	-0.00038713	-0.00046848
3e-06	11.65	-7.7408e-05	-0.00011132	-6.2525e-05
1e-05	4.05	-0.015388	-0.016217	-0.016251
1e-05	5.4	-0.0069039	-0.0058045	-0.0060631
1e-05	6.65	-0.0032656	-0.0029788	-0.0030599
1e-05	8.9	-0.00072968	-0.00089585	-0.00094301
1e-05	11.65	-0.00019119	-0.00018489	-0.00017914
3e-05	4.05	-0.034237	-0.034879	-0.034444
3e-05	5.4	-0.01383	-0.013116	-0.013078
3e-05	6.65	-0.0064827	-0.0060169	-0.0059337
3e-05	8.9	-0.0015179	-0.0015453	-0.001605
3e-05	11.65	-0.0004699	-0.00027724	-0.00032577
0.0001	4.05	-0.051288	-0.052339	-0.053193
0.0001	5.4	-0.021761	-0.02098	-0.021648
0.0001	6.65	-0.010313	-0.009591	-0.010029
0.0001	8.9	-0.0028546	-0.0028352	-0.0025763
0.0001	11.65	-0.00054483	-0.00057487	-0.00051912
0.0003	4.05	-0.055628	-0.05664	-0.056343
0.0003	5.4	-0.023752	-0.024266	-0.025852
0.0003	6.65	-0.011904	-0.011522	-0.011902
0.0003	8.9	-0.0030908	-0.0030166	-0.0028965
0.0003	11.65	-0.00075733	-0.00069654	-0.00060234
0.001	4.05	-0.057213	-0.056449	-0.055291
0.001	5.4	-0.026657	-0.026025	-0.02612
0.001	6.65	-0.012928	-0.012509	-0.012147
0.001	8.9	-0.0038287	-0.0038504	-0.0040391
0.001	11.65	-0.0009262	-0.00080971	-0.00083308
0.004	4.05	-0.054026	-0.053707	-0.054021
0.004	5.4	-0.028027	-0.027929	-0.028026
0.004	6.65	-0.015162	-0.014949	-0.014041
0.004	8.9	-0.0040479	-0.0044364	-0.0042827
0.004	11.65	-0.00097016	-0.0011158	-0.00096248
0.01	4.05	-0.051843	-0.052412	-0.052555
0.01	5.4	-0.030414	-0.030836	-0.031113
0.01	6.65	-0.017466	-0.017193	-0.016506
0.01	8.9	-0.0059828	-0.0055476	-0.0054348
0.01	11.65	-0.0014996	-0.0012627	-0.0012996
0.02	4.05	-0.051029	-0.050314	-0.05088
0.02	5.4	-0.033815	-0.035069	-0.035195
0.02	6.65	-0.022337	-0.021257	-0.022658
0.02	8.9	-0.0084192	-0.0087285	-0.0088272
0.02	11.65	-0.0028694	-0.0025854	-0.0025127
0.05	4.05	-0.02785	-0.026889	-0.02763
0.05	5.4	-0.027401	-0.026936	-0.028158
0.05	6.65	-0.024367	-0.023856	-0.024386
0.05	8.9	-0.015363	-0.015542	-0.016234
0.05	11.65	-0.007499	-0.0067603	-0.007009
0.1	4.05	-0.0098687	-0.009814	-0.0099285
0.1	5.4	-0.011309	-0.011072	-0.011192
0.1	6.65	-0.011584	-0.011375	-0.01142
0.1	8.9	-0.010689	-0.010597	-0.010719
0.1	11.65	-0.0076057	-0.0075089	-0.0068952
0.2	4.05	-0.0018953	-0.0018174	-0.0020765
0.2	5.4	-0.0027117	-0.0027569	-0.002607
0.2	6.65	-0.0032613	-0.0031771	-0.0034324
0.2	8.9	-0.0035245	-0.0036796	-0.0034478
0.2	11.65	-0.0031856	-0.0030764	-0.0032952
0.5	4.05	0.0006236	0.00059169	0.00066327
0.5	5.4	8.2378e-05	7.1569e-05	7.1155e-05
0.5	6.65	-0.00025256	-0.00025567	-0.00027016
0.5	8.9	-0.00049763	-0.0005684	-0.00055626
0.5	11.65	-0.00055039	-0.00062498	-0.00081795
1.0	4.05	0.0010741	0.0012163	0.0012103
1.0	5.4	0.0004167	0.00045017	0.00051549
1.0	6.65	8.379e-05	9.2691e-05	-6.3526e-06
1.0	8.9	-0.00032431	-0.00026356	-0.00031618
1.0	11.65	-0.00040116	-0.00032899	-0.00034935