E	r	rate6	rate7
2.55e-11	0.03	0.0041666	0.0041693	3.6572e-09	2.169e-09
2.55e-11	0.045	0.0041639	0.0041632	8.0861e-09	7.0155e-09
2.55e-11	0.0675	0.0035954	0.0035926	9.6797e-08	1.0029e-07
2.55e-11	0.10125	0.0024743	0.0024753	1.0283e-07	7.2568e-08
2.55e-11	0.151875	0.0016152	0.0016166	1.013e-07	6.543e-08
2.55e-11	0.2278125	0.00088252	0.00088472	5.2347e-08	5.897e-08
2.55e-11	0.34171875	0.00035651	0.00035178	3.8277e-08	4.283e-08
3.825e-11	0.03	0.0043598	0.004364	6.0567e-09	2.4561e-09
3.825e-11	0.045	0.0043587	0.0043612	1.8053e-08	2.336e-08
3.825e-11	0.0675	0.0036561	0.003653	8.3892e-08	7.6325e-08
3.825e-11	0.10125	0.0025259	0.0025155	8.8668e-08	8.1267e-08
3.825e-11	0.151875	0.0016499	0.0016503	7.3386e-08	6.7662e-08
3.825e-11	0.2278125	0.00089287	0.00090027	4.2266e-08	5.2174e-08
3.825e-11	0.34171875	0.00036065	0.00036142	2.2374e-08	2.0949e-08
5.7375e-11	0.03	0.0044983	0.0045001	1.7487e-08	2.558e-08
5.7375e-11	0.045	0.0044961	0.0044995	2.7811e-08	2.3545e-08
5.7375e-11	0.0675	0.0036872	0.0036921	7.3342e-08	8.1248e-08
5.7375e-11	0.10125	0.0025565	0.0025549	7.1894e-08	9.0097e-08
5.7375e-11	0.151875	0.0016793	0.0016736	6.1172e-08	6.5309e-08
5.7375e-11	0.2278125	0.00091442	0.00091272	4.0113e-08	5.3628e-08
5.7375e-11	0.34171875	0.00036621	0.00036392	4.2331e-08	3.9547e-08
8.60625e-11	0.03	0.0045914	0.0045912	2.5298e-08	3.1632e-08
8.60625e-11	0.045	0.0045896	0.0045912	2.7656e-08	3.9374e-08
8.60625e-11	0.0675	0.0037142	0.0037187	6.6967e-08	7.4099e-08
8.60625e-11	0.10125	0.0025725	0.0025737	6.0975e-08	6.3802e-08
8.60625e-11	0.151875	0.0016888	0.0016897	5.907e-08	4.8158e-08
8.60625e-11	0.2278125	0.00092424	0.00092484	4.8574e-08	5.8417e-08
8.60625e-11	0.34171875	0.00037145	0.00037041	1.7155e-08	3.1462e-08
1.2909375e-10	0.03	0.0046561	0.0046554	2.7577e-08	2.3295e-08
1.2909375e-10	0.045	0.0046525	0.004654	3.2951e-08	3.1938e-08
1.2909375e-10	0.0675	0.0037363	0.0037376	7.7912e-08	6.1028e-08
1.2909375e-10	0.10125	0.0025816	0.0025859	6.9264e-08	5.3627e-08
1.2909375e-10	0.151875	0.0017039	0.0016977	6.4476e-08	4.9145e-08
1.2909375e-10	0.2278125	0.00092938	0.00092901	6.0168e-08	4.1987e-08
1.2909375e-10	0.34171875	0.00037542	0.00037465	2.776e-08	2.5869e-08
1.93640625e-10	0.03	0.0046976	0.0046983	2.5659e-08	4.0973e-08
1.93640625e-10	0.045	0.0046944	0.0046971	3.3034e-08	3.275e-08
1.93640625e-10	0.0675	0.003744	0.0037465	5.4906e-08	5.4934e-08
1.93640625e-10	0.10125	0.0025953	0.0026011	6.2134e-08	8.5201e-08
1.93640625e-10	0.151875	0.0017001	0.0017085	4.8984e-08	7.1932e-08
1.93640625e-10	0.2278125	0.00092667	0.00093308	3.3041e-08	4.2576e-08
1.93640625e-10	0.34171875	0.00037731	0.0003768	2.7921e-08	1.7054e-08
2.904609375e-10	0.03	0.0047252	0.0047246	2.9862e-08	3.0834e-08
2.904609375e-10	0.045	0.0047251	0.0047257	3.8712e-08	2.6928e-08
2.904609375e-10	0.0675	0.0037585	0.0037535	7.0377e-08	5.8191e-08
2.904609375e-10	0.10125	0.0026112	0.0026047	6.3282e-08	6.2704e-08
2.904609375e-10	0.151875	0.0017084	0.0017178	6.8311e-08	4.3216e-08
2.904609375e-10	0.2278125	0.00093594	0.00093664	3.5355e-08	4.782e-08
2.904609375e-10	0.34171875	0.00038048	0.00038013	2.4349e-08	3.5487e-08
4.3569140625e-10	0.03	0.0047445	0.0047441	2.4342e-08	3.1257e-08
4.3569140625e-10	0.045	0.0047442	0.004745	3.9151e-08	3.4385e-08
4.3569140625e-10	0.0675	0.0037562	0.0037597	5.6537e-08	6.3898e-08
4.3569140625e-10	0.10125	0.0026029	0.0026079	7.6624e-08	6.3466e-08
4.3569140625e-10	0.151875	0.0017086	0.0017202	6.9691e-08	6.3371e-08
4.3569140625e-10	0.2278125	0.00094104	0.00094098	4.2712e-08	4.9875e-08
4.3569140625e-10	0.34171875	0.00037841	0.00037842	2.0411e-08	2.5404e-08
6.53537109375e-10	0.03	0.004758	0.0047574	4.0488e-08	3.2736e-08
6.53537109375e-10	0.045	0.004756	0.0047568	4.5407e-08	3.9715e-08
6.53537109375e-10	0.0675	0.0037601	0.0037602	5.1015e-08	7.6896e-08
6.53537109375e-10	0.10125	0.0026062	0.0026087	8.2256e-08	6.6917e-08
6.53537109375e-10	0.151875	0.0017153	0.0017182	4.3776e-08	6.3639e-08
6.53537109375e-10	0.2278125	0.00093986	0.00093882	3.5332e-08	4.4602e-08
6.53537109375e-10	0.34171875	0.00037892	0.00037341	2.3052e-08	2.8278e-08
9.80305664063e-10	0.03	0.0047658	0.0047666	2.9345e-08	4.6753e-08
9.80305664063e-10	0.045	0.0047638	0.0047647	4.0907e-08	2.5465e-08
9.80305664063e-10	0.0675	0.0037584	0.0037654	6.0478e-08	6.0582e-08
9.80305664063e-10	0.10125	0.0026106	0.0026068	6.768e-08	7.431e-08
9.80305664063e-10	0.151875	0.0017203	0.0017168	5.9904e-08	5.9411e-08
9.80305664063e-10	0.2278125	0.00093549	0.00093521	3.6325e-08	3.8944e-08
9.80305664063e-10	0.34171875	0.00037819	0.00037949	1.6573e-08	3.0936e-08
1.47045849609e-09	0.03	0.0047719	0.0047721	3.2325e-08	1.5523e-08
1.47045849609e-09	0.045	0.0047702	0.0047701	3.1131e-08	3.9504e-08
1.47045849609e-09	0.0675	0.0037693	0.0037661	5.9125e-08	5.7268e-08
1.47045849609e-09	0.10125	0.002611	0.0026142	9.108e-08	7.646e-08
1.47045849609e-09	0.151875	0.0017209	0.001717	7.0852e-08	6.9135e-08
1.47045849609e-09	0.2278125	0.00093736	0.00094169	3.6212e-08	3.9068e-08
1.47045849609e-09	0.34171875	0.0003805	0.00037971	2.2154e-08	2.3383e-08
2.20568774414e-09	0.03	0.0047755	0.0047759	2.8558e-08	4.0634e-08
2.20568774414e-09	0.045	0.0047743	0.0047734	2.6314e-08	2.5255e-08
2.20568774414e-09	0.0675	0.0037675	0.0037609	5.3235e-08	6.5085e-08
2.20568774414e-09	0.10125	0.0026192	0.0026133	5.7656e-08	4.794e-08
2.20568774414e-09	0.151875	0.0017136	0.0017187	6.3578e-08	5.8646e-08
2.20568774414e-09	0.2278125	0.0009384	0.00094005	4.8151e-08	3.9908e-08
2.20568774414e-09	0.34171875	0.00037803	0.00037741	2.8857e-08	2.6822e-08
3.30853161621e-09	0.03	0.0047786	0.0047783	3.1695e-08	2.6577e-08
3.30853161621e-09	0.045	0.0047764	0.004776	3.9224e-08	3.1659e-08
3.30853161621e-09	0.0675	0.0037702	0.0037667	3.4478e-08	7.0911e-08
3.30853161621e-09	0.10125	0.0026162	0.0026266	7.0402e-08	6.0701e-08
3.30853161621e-09	0.151875	0.0017212	0.0017183	5.8339e-08	7.6099e-08
3.30853161621e-09	0.2278125	0.00093997	0.0009374	4.6772e-08	3.7299e-08
3.30853161621e-09	0.34171875	0.0003795	0.00038003	1.8862e-08	2.9086e-08
4.96279742432e-09	0.03	0.0047801	0.0047801	2.6304e-08	5.9297e-08
4.96279742432e-09	0.045	0.0047777	0.004778	2.9399e-08	4.9917e-08
4.96279742432e-09	0.0675	0.0037655	0.0037637	4.7298e-08	7.9322e-08
4.96279742432e-09	0.10125	0.002611	0.0026129	4.9487e-08	6.2209e-08
4.96279742432e-09	0.151875	0.0017148	0.0017223	5.5131e-08	6.5686e-08
4.96279742432e-09	0.2278125	0.00093825	0.00094017	5.4819e-08	4.294e-08
4.96279742432e-09	0.34171875	0.00038118	0.00037974	2.4897e-08	1.9404e-08
7.44419613647e-09	0.03	0.0047813	0.004781	4.2334e-08	2.3066e-08
7.44419613647e-09	0.045	0.0047791	0.0047792	4.0641e-08	4.0188e-08
7.44419613647e-09	0.0675	0.0037664	0.0037745	5.8406e-08	6.9016e-08
7.44419613647e-09	0.10125	0.0026187	0.0026155	7.4172e-08	7.8571e-08
7.44419613647e-09	0.151875	0.0017243	0.0017255	5.8045e-08	6.0903e-08
7.44419613647e-09	0.2278125	0.00093821	0.00094184	4.0286e-08	5.356e-08
7.44419613647e-09	0.34171875	0.00037842	0.00037939	2.6866e-08	3.1765e-08
1.11662942047e-08	0.03	0.0047819	0.0047817	3.3968e-08	3.2646e-08
1.11662942047e-08	0.045	0.0047796	0.0047798	3.0643e-08	4.8494e-08
1.11662942047e-08	0.0675	0.0037706	0.0037661	7.3391e-08	5.7141e-08
1.11662942047e-08	0.10125	0.0026159	0.0026228	6.3523e-08	6.3636e-08
1.11662942047e-08	0.151875	0.0017182	0.0017277	6.9588e-08	6.0981e-08
1.11662942047e-08	0.2278125	0.00093881	0.00093586	3.3415e-08	5.4654e-08
1.11662942047e-08	0.34171875	0.00037831	0.00038042	3.5789e-08	1.2417e-08
1.67494413071e-08	0.03	0.0047823	0.0047823	3.8037e-08	2.8379e-08
1.67494413071e-08	0.045	0.0047802	0.0047801	3.859e-08	4.172e-08
1.67494413071e-08	0.0675	0.0037662	0.0037664	4.6772e-08	5.5013e-08
1.67494413071e-08	0.10125	0.0026151	0.0026118	8.0021e-08	8.9886e-08
1.67494413071e-08	0.151875	0.0017204	0.001722	4.9173e-08	9.303e-08
1.67494413071e-08	0.2278125	0.00094103	0.00093595	4.2323e-08	4.8905e-08
1.67494413071e-08	0.34171875	0.00037947	0.00038039	3.0493e-08	1.3336e-08
2.51241619606e-08	0.03	0.0047826	0.0047826	4.3174e-08	3.4936e-08
2.51241619606e-08	0.045	0.0047803	0.0047804	3.8866e-08	2.9481e-08
2.51241619606e-08	0.0675	0.0037666	0.0037624	5.3798e-08	5.291e-08
2.51241619606e-08	0.10125	0.0026156	0.002612	6.5233e-08	5.4788e-08
2.51241619606e-08	0.151875	0.0017216	0.0017203	6.0293e-08	4.4659e-08
2.51241619606e-08	0.2278125	0.00094021	0.00093766	5.1759e-08	4.4917e-08
2.51241619606e-08	0.34171875	0.00038072	0.00037504	2.7102e-08	2.5124e-08
3.76862429409e-08	0.03	0.004783	0.0047829	2.4835e-08	3.7023e-08
3.76862429409e-08	0.045	0.0047802	0.0047807	3.4706e-08	3.7326e-08
3.76862429409e-08	0.0675	0.003766	0.0037654	4.6914e-08	4.1437e-08
3.76862429409e-08	0.10125	0.0026171	0.0026159	4.4543e-08	6.1416e-08
3.76862429409e-08	0.151875	0.0017219	0.0017131	8.571e-08	4.8318e-08
3.76862429409e-08	0.2278125	0.00094414	0.00093859	4.0029e-08	5.0917e-08
3.76862429409e-08	0.34171875	0.00037589	0.00037775	2.6607e-08	3.0769e-08
5.65293644114e-08	0.03	0.0047831	0.0047832	2.1697e-08	4.2255e-08
5.65293644114e-08	0.045	0.0047809	0.0047809	5.1352e-08	3.8095e-08
5.65293644114e-08	0.0675	0.0037667	0.003768	4.2147e-08	6.482e-08
5.65293644114e-08	0.10125	0.0026224	0.0026179	5.917e-08	6.4121e-08
5.65293644114e-08	0.151875	0.0017212	0.0017211	5.6143e-08	6.7463e-08
5.65293644114e-08	0.2278125	0.00093708	0.00093969	3.3978e-08	5.1176e-08
5.65293644114e-08	0.34171875	0.00038093	0.00038157	1.9843e-08	2.6396e-08
8.4794046617e-08	0.03	0.0047833	0.0047832	3.5754e-08	3.1248e-08
8.4794046617e-08	0.045	0.0047809	0.0047813	4.4058e-08	3.6695e-08
8.4794046617e-08	0.0675	0.003766	0.0037654	7.041e-08	6.422e-08
8.4794046617e-08	0.10125	0.0026106	0.0026151	6.9681e-08	7.1258e-08
8.4794046617e-08	0.151875	0.001721	0.0017278	5.9272e-08	6.6293e-08
8.4794046617e-08	0.2278125	0.00093633	0.00094293	3.8628e-08	5.0981e-08
8.4794046617e-08	0.34171875	0.00038025	0.0003807	2.0253e-08	3.3837e-08
1.27191069926e-07	0.03	0.0047832	0.0047832	2.8817e-08	2.618e-08
1.27191069926e-07	0.045	0.0047807	0.0047812	3.1179e-08	3.3813e-08
1.27191069926e-07	0.0675	0.0037692	0.0037665	5.4446e-08	4.6125e-08
1.27191069926e-07	0.10125	0.0026111	0.0026192	6.8062e-08	7.1129e-08
1.27191069926e-07	0.151875	0.0017274	0.0017188	4.8334e-08	6.6045e-08
1.27191069926e-07	0.2278125	0.00093949	0.00094086	4.3226e-08	3.3604e-08
1.27191069926e-07	0.34171875	0.00038076	0.0003789	1.6295e-08	3.1664e-08
1.90786604888e-07	0.03	0.0047832	0.0047832	3.9145e-08	1.9439e-08
1.90786604888e-07	0.045	0.004781	0.0047809	3.2958e-08	5.4872e-08
1.90786604888e-07	0.0675	0.0037695	0.0037683	5.7703e-08	5.9803e-08
1.90786604888e-07	0.10125	0.002618	0.00262	6.5229e-08	6.4966e-08
1.90786604888e-07	0.151875	0.001724	0.0017152	5.2338e-08	5.3422e-08
1.90786604888e-07	0.2278125	0.00093786	0.00093853	3.0458e-08	5.7743e-08
1.90786604888e-07	0.34171875	0.00038049	0.00037642	3.3009e-08	3.0775e-08
2.86179907332e-07	0.03	0.0047833	0.0047832	4.0734e-08	3.0084e-08
2.86179907332e-07	0.045	0.004781	0.0047811	2.6517e-08	4.4957e-08
2.86179907332e-07	0.0675	0.0037651	0.0037715	7.9591e-08	6.2776e-08
2.86179907332e-07	0.10125	0.00261	0.0026142	8.3769e-08	8.4599e-08
2.86179907332e-07	0.151875	0.0017239	0.0017244	7.2283e-08	6.6003e-08
2.86179907332e-07	0.2278125	0.00093478	0.00094106	4.6896e-08	3.7723e-08
2.86179907332e-07	0.34171875	0.00037745	0.00037733	3.6106e-08	2.9608e-08
4.29269860999e-07	0.03	0.0047832	0.0047832	3.1523e-08	2.92e-08
4.29269860999e-07	0.045	0.0047812	0.0047811	3.9168e-08	3.8104e-08
4.29269860999e-07	0.0675	0.0037686	0.0037653	4.8273e-08	6.3661e-08
4.29269860999e-07	0.10125	0.0026136	0.0026173	6.6966e-08	5.4813e-08
4.29269860999e-07	0.151875	0.0017254	0.0017264	3.6888e-08	6.3164e-08
4.29269860999e-07	0.2278125	0.00093745	0.00093948	6.2292e-08	3.4993e-08
4.29269860999e-07	0.34171875	0.00037749	0.00037864	2.3219e-08	1.7524e-08
6.43904791498e-07	0.03	0.0047835	0.0047835	1.9271e-08	2.5269e-08
6.43904791498e-07	0.045	0.0047817	0.0047817	3.0244e-08	3.8281e-08
6.43904791498e-07	0.0675	0.004025	0.004026	3.1846e-08	4.1835e-08
6.43904791498e-07	0.10125	0.0030352	0.0030346	6.2317e-08	6.3783e-08
6.43904791498e-07	0.151875	0.0021218	0.0021244	5.5404e-08	6.057e-08
6.43904791498e-07	0.2278125	0.0012329	0.0012346	4.8285e-08	5.2985e-08
6.43904791498e-07	0.34171875	0.00049909	0.00050341	3.1438e-08	3.9309e-08
9.65857187247e-07	0.03	0.0047834	0.0047835	1.2776e-08	1.8578e-08
9.65857187247e-07	0.045	0.004782	0.0047822	1.8753e-08	1.7308e-08
9.65857187247e-07	0.0675	0.0042	0.0041979	2.698e-08	3.7029e-08
9.65857187247e-07	0.10125	0.0033754	0.0033718	6.4754e-08	4.3627e-08
9.65857187247e-07	0.151875	0.0025072	0.0025085	4.9659e-08	5.2208e-08
9.65857187247e-07	0.2278125	0.0015773	0.0015692	3.714e-08	4.61e-08
9.65857187247e-07	0.34171875	0.00068332	0.00068443	3.5085e-08	2.7681e-08
1.44878578087e-06	0.03	0.0047834	0.0047834	3.0999e-09	1.4606e-08
1.44878578087e-06	0.045	0.0047821	0.004782	1.8088e-08	6.723e-09
1.44878578087e-06	0.0675	0.004317	0.0043185	3.6215e-08	2.4444e-08
1.44878578087e-06	0.10125	0.0036183	0.0036166	3.5282e-08	3.2664e-08
1.44878578087e-06	0.151875	0.0028241	0.0028332	3.1529e-08	4.449e-08
1.44878578087e-06	0.2278125	0.0018981	0.0018977	3.6476e-08	4.8007e-08
1.44878578087e-06	0.34171875	0.00089103	0.00089592	3.9236e-08	3.1485e-08
2.17317867131e-06	0.03	0.0047837	0.0047837	3.4832e-09	7.7943e-09
2.17317867131e-06	0.045	0.0047823	0.0047824	4.295e-09	7.774e-09
2.17317867131e-06	0.0675	0.0043995	0.0043954	1.7607e-08	1.6847e-08
2.17317867131e-06	0.10125	0.0037884	0.0037887	1.664e-08	1.3058e-08
2.17317867131e-06	0.151875	0.0030729	0.0030723	3.8226e-08	4.5501e-08
2.17317867131e-06	0.2278125	0.0021719	0.0021741	3.6636e-08	3.3281e-08
2.17317867131e-06	0.34171875	0.0010962	0.001095	2.4396e-08	2.6353e-08
3.25976800696e-06	0.03	0.004783	0.0047829	5.6697e-09	5.9267e-09
3.25976800696e-06	0.045	0.0047817	0.004782	2.0905e-09	3.1283e-09
3.25976800696e-06	0.0675	0.0044504	0.0044577	1.3107e-08	2.1641e-08
3.25976800696e-06	0.10125	0.0039214	0.0039238	2.098e-08	1.7101e-08
3.25976800696e-06	0.151875	0.003272	0.0032769	1.823e-08	2.1169e-08
3.25976800696e-06	0.2278125	0.0024178	0.0024179	3.7079e-08	3.145e-08
3.25976800696e-06	0.34171875	0.001295	0.0012959	1.7693e-08	3.2449e-08
4.88965201044e-06	0.03	0.0047759	0.0047754	1.2412e-09	3.2215e-09
4.88965201044e-06	0.045	0.0047794	0.0047796	1.0441e-09	1.3158e-09
4.88965201044e-06	0.0675	0.0045141	0.0045155	4.2974e-09	7.1991e-09
4.88965201044e-06	0.10125	0.0040699	0.0040685	1.4862e-08	5.5855e-09
4.88965201044e-06	0.151875	0.0035013	0.0034869	1.6764e-08	1.5334e-08
4.88965201044e-06	0.2278125	0.0026961	0.0027026	2.3396e-08	2.6125e-08
4.88965201044e-06	0.34171875	0.0015337	0.0015431	2.2614e-08	2.2179e-08
7.33447801566e-06	0.03	0.0046616	0.0046583	1.1162e-09	8.4264e-10
7.33447801566e-06	0.045	0.0047195	0.0047204	1.0896e-09	2.4789e-09
7.33447801566e-06	0.0675	0.0045791	0.0045787	2.8747e-09	7.3041e-09
7.33447801566e-06	0.10125	0.0042997	0.0042968	1.3929e-08	1.0384e-08
7.33447801566e-06	0.151875	0.0039067	0.0039043	5.084e-09	1.9654e-08
7.33447801566e-06	0.2278125	0.0032778	0.0032805	1.1599e-08	1.142e-08
7.33447801566e-06	0.34171875	0.002101	0.0021011	1.2462e-08	1.3409e-08
1.10017170235e-05	0.03	0.0044027	0.0043996	4.4522e-09	3.4979e-10
1.10017170235e-05	0.045	0.0045457	0.0045422	3.1747e-09	3.7466e-09
1.10017170235e-05	0.0675	0.0044759	0.0044756	4.811e-10	8.4669e-09
1.10017170235e-05	0.10125	0.0042854	0.0042847	4.6558e-09	3.0592e-09
1.10017170235e-05	0.151875	0.0040037	0.0039976	1.5063e-08	6.1257e-09
1.10017170235e-05	0.2278125	0.0034983	0.0034987	1.1094e-08	1.6266e-08
1.10017170235e-05	0.34171875	0.0023925	0.0023826	9.7483e-09	1.7167e-08
1.65025755352e-05	0.03	0.0039281	0.0039251	4.0703e-09	3.2771e-11
1.65025755352e-05	0.045	0.0041672	0.0041636	3.9945e-11	3.9295e-11
1.65025755352e-05	0.0675	0.0041598	0.0041554	2.7795e-09	1.8807e-09
1.65025755352e-05	0.10125	0.0040379	0.0040393	4.8655e-09	5.8701e-09
1.65025755352e-05	0.151875	0.0038456	0.0038489	1.2393e-09	4.9401e-09
1.65025755352e-05	0.2278125	0.0034624	0.0034636	6.5283e-09	8.2247e-09
1.65025755352e-05	0.34171875	0.0024603	0.0024691	3.9246e-09	1.7324e-08
2.47538633028e-05	0.03	0.0033109	0.0033065	2.3692e-11	2.3956e-11
2.47538633028e-05	0.045	0.0036009	0.0036054	9.5128e-10	2.7711e-11
2.47538633028e-05	0.0675	0.0036431	0.0036493	2.2768e-09	7.226e-10
2.47538633028e-05	0.10125	0.0035864	0.0035872	2.0523e-09	1.2285e-09
2.47538633028e-05	0.151875	0.0034678	0.003469	1.1009e-08	4.9082e-09
2.47538633028e-05	0.2278125	0.0031916	0.003189	3.8606e-09	5.6324e-09
2.47538633028e-05	0.34171875	0.002349	0.0023531	5.8514e-09	2.1924e-09
3.71307949543e-05	0.03	0.0026221	0.0026204	1.7272e-11	5.4294e-10
3.71307949543e-05	0.045	0.0029159	0.0029179	3.5716e-10	2.0185e-11
3.71307949543e-05	0.0675	0.0029933	0.002995	2.6172e-09	2.1214e-11
3.71307949543e-05	0.10125	0.0029729	0.0029791	3.0787e-09	4.2448e-09
3.71307949543e-05	0.151875	0.0029199	0.0029196	2.8842e-09	3.5166e-09
3.71307949543e-05	0.2278125	0.0027328	0.0027288	1.1564e-10	2.5649e-09
3.71307949543e-05	0.34171875	0.0020592	0.0020666	1.0748e-09	4.9914e-09
5.56961924314e-05	0.03	0.0019973	0.001999	1.4589e-11	3.6105e-10
5.56961924314e-05	0.045	0.0022668	0.0022704	7.3034e-10	1.3672e-09
5.56961924314e-05	0.0675	0.0023462	0.0023453	1.1043e-09	1.5122e-09
5.56961924314e-05	0.10125	0.0023505	0.0023499	1.841e-11	1.008e-09
5.56961924314e-05	0.151875	0.0023303	0.0023366	3.2493e-09	1.4253e-10
5.56961924314e-05	0.2278125	0.0022037	0.0022142	2.3086e-09	1.1808e-09
5.56961924314e-05	0.34171875	0.0016834	0.0016856	6.7726e-09	1.1191e-09
8.35442886471e-05	0.03	0.0014844	0.0014865	3.9275e-10	1.6051e-11
8.35442886471e-05	0.045	0.0017112	0.0017091	1.8668e-11	4.5081e-10
8.35442886471e-05	0.0675	0.0017925	0.0017906	5.2459e-10	9.2243e-10
8.35442886471e-05	0.10125	0.0018154	0.001809	1.9598e-11	1.4221e-10
8.35442886471e-05	0.151875	0.0018179	0.0018218	1.0691e-09	1.9787e-11
8.35442886471e-05	0.2278125	0.0017252	0.0017285	3.6911e-10	1.8656e-11
8.35442886471e-05	0.34171875	0.0013294	0.0013291	3.724e-09	2.8532e-09
0.000125316432971	0.03	0.00096566	0.00097399	1.1101e-09	6.8914e-10
0.000125316432971	0.045	0.0011221	0.0011189	3.3124e-11	3.3163e-11
0.000125316432971	0.0675	0.0011899	0.0011887	3.4146e-11	2.2126e-10
0.000125316432971	0.10125	0.0012199	0.0012171	3.3911e-11	3.383e-11
0.000125316432971	0.151875	0.0012272	0.0012251	3.2969e-11	1.0984e-09
0.000125316432971	0.2278125	0.0011673	0.0011696	3.0908e-11	3.2194e-09
0.000125316432971	0.34171875	0.0009053	0.0009066	6.244e-09	1.1932e-09
0.000187974649456	0.03	0.00068336	0.00068854	4.1536e-10	5.3297e-11
0.000187974649456	0.045	0.00080786	0.00080624	1.2229e-09	6.116e-11
0.000187974649456	0.0675	0.00085113	0.00085809	6.4362e-11	6.5124e-11
0.000187974649456	0.10125	0.00088132	0.00087582	6.3272e-11	6.3537e-11
0.000187974649456	0.151875	0.00088834	0.00088586	1.9576e-09	2.4454e-10
0.000187974649456	0.2278125	0.00084998	0.00085041	3.2219e-09	5.5713e-11
0.000187974649456	0.34171875	0.00066118	0.00066603	1.9613e-09	1.3071e-09
0.000281961974184	0.03	0.00048283	0.00048284	1.0807e-10	1.0683e-10
0.000281961974184	0.045	0.00056555	0.00057491	1.2627e-10	1.278e-10
0.000281961974184	0.0675	0.0006081	0.00061593	1.4788e-09	1.3161e-10
0.000281961974184	0.10125	0.00062686	0.00062513	1.1508e-09	1.2888e-10
0.000281961974184	0.151875	0.00063563	0.00064116	7.8015e-10	1.2376e-10
0.000281961974184	0.2278125	0.00061273	0.0006103	1.6835e-10	1.125e-10
0.000281961974184	0.34171875	0.00048101	0.00047926	1.6616e-09	8.0092e-10
0.000422942961276	0.03	0.00034119	0.00033913	2.2543e-10	2.2409e-10
0.000422942961276	0.045	0.00040026	0.00039957	2.6693e-10	2.6708e-10
0.000422942961276	0.0675	0.00042836	0.00042844	7.2971e-10	2.7555e-10
0.000422942961276	0.10125	0.00044146	0.00044278	2.7088e-10	2.7042e-10
0.000422942961276	0.151875	0.00045058	0.00045118	2.5933e-10	2.5883e-10
0.000422942961276	0.2278125	0.00043267	0.00043079	2.3957e-10	2.3699e-10
0.000422942961276	0.34171875	0.00034327	0.00034118	1.7547e-10	5.8358e-10
0.000634414441914	0.03	0.00023465	0.00023498	4.6847e-10	4.7506e-10
0.000634414441914	0.045	0.00027923	0.00027737	5.5699e-10	5.6461e-10
0.000634414441914	0.0675	0.00029953	0.00029949	5.8334e-10	5.844e-10
0.000634414441914	0.10125	0.00031264	0.00031219	5.6475e-10	5.6359e-10
0.000634414441914	0.151875	0.00031556	0.00031796	1.1208e-09	5.482e-10
0.000634414441914	0.2278125	0.00030562	0.00030631	5.7751e-10	5.0814e-10
0.000634414441914	0.34171875	0.00024254	0.0002425	3.6351e-10	2.0268e-09
0.000951621662871	0.03	0.00014438	0.00014499	1.2872e-09	1.2833e-09
0.000951621662871	0.045	0.00017053	0.00017262	1.5286e-09	1.5214e-09
0.000951621662871	0.0675	0.00018345	0.00018388	1.5894e-09	1.5547e-09
0.000951621662871	0.10125	0.0001915	0.0001931	1.527e-09	1.5393e-09
0.000951621662871	0.151875	0.00019682	0.00019611	1.4693e-09	1.4759e-09
0.000951621662871	0.2278125	0.00018876	0.00018829	1.3651e-09	1.3441e-09
0.000951621662871	0.34171875	0.00014994	0.00015288	1.6405e-09	9.8556e-10
0.00142743249431	0.03	9.9899e-05	9.9379e-05	2.7165e-09	2.7752e-09
0.00142743249431	0.045	0.00011891	0.00011842	3.2886e-09	3.2362e-09
0.00142743249431	0.0675	0.00012693	0.0001287	3.2713e-09	3.2734e-09
0.00142743249431	0.10125	0.00013259	0.0001342	3.2549e-09	3.2955e-09
0.00142743249431	0.151875	0.00013693	0.00013663	3.1596e-09	3.1614e-09
0.00142743249431	0.2278125	0.0001339	0.00013116	2.9001e-09	2.8728e-09
0.00142743249431	0.34171875	0.00010491	0.00010535	2.1076e-09	2.1523e-09
0.00214114874146	0.03	6.567e-05	6.7831e-05	5.9328e-09	5.9622e-09
0.00214114874146	0.045	7.9654e-05	8.0102e-05	6.947e-09	7.0296e-09
0.00214114874146	0.0675	8.8457e-05	8.595e-05	7.3106e-09	7.2021e-09
0.00214114874146	0.10125	9.0955e-05	9.115e-05	7.0493e-09	7.1593e-09
0.00214114874146	0.151875	9.2492e-05	9.264e-05	6.7962e-09	6.7989e-09
0.00214114874146	0.2278125	9.0711e-05	9.2607e-05	6.1993e-09	6.2418e-09
0.00214114874146	0.34171875	7.455e-05	7.2542e-05	4.568e-09	4.5688e-09
0.00321172311219	0.03	4.597e-05	4.4912e-05	1.2913e-08	1.324e-08
0.00321172311219	0.045	5.4281e-05	5.3946e-05	1.5767e-08	1.5788e-08
0.00321172311219	0.0675	5.8535e-05	5.8465e-05	1.6242e-08	1.6026e-08
0.00321172311219	0.10125	6.0659e-05	6.1059e-05	1.5532e-08	1.5668e-08
0.00321172311219	0.151875	6.1959e-05	6.3555e-05	1.5227e-08	1.4903e-08
0.00321172311219	0.2278125	6.0796e-05	6.1579e-05	1.375e-08	1.3903e-08
0.00321172311219	0.34171875	4.9387e-05	5.0228e-05	1.0318e-08	1.0181e-08
0.00481758466828	0.03	3.0594e-05	3.0798e-05	3.0593e-08	3.0859e-08
0.00481758466828	0.045	3.6738e-05	3.5317e-05	3.6979e-08	3.7001e-08
0.00481758466828	0.0675	3.9003e-05	3.9356e-05	3.7668e-08	3.7741e-08
0.00481758466828	0.10125	4.0574e-05	3.952e-05	3.7344e-08	3.7003e-08
0.00481758466828	0.151875	4.211e-05	4.0751e-05	3.5618e-08	3.497e-08
0.00481758466828	0.2278125	4.0546e-05	4.0551e-05	3.3371e-08	3.3291e-08
0.00481758466828	0.34171875	3.2791e-05	3.3082e-05	2.4521e-08	2.4663e-08
0.00722637700243	0.03	2.4399e-05	2.4064e-05	4.3148e-07	4.3303e-07
0.00722637700243	0.045	2.8372e-05	2.8256e-05	5.1e-07	5.1157e-07
0.00722637700243	0.0675	3.0505e-05	3.0533e-05	5.0969e-07	5.1248e-07
0.00722637700243	0.10125	3.1444e-05	3.1147e-05	4.9821e-07	4.948e-07
0.00722637700243	0.151875	3.0622e-05	3.0724e-05	4.6899e-07	4.6349e-07
0.00722637700243	0.2278125	3.0529e-05	2.9901e-05	4.1329e-07	4.1799e-07
0.00722637700243	0.34171875	2.4873e-05	2.3796e-05	3.0415e-07	3.0067e-07
0.0108395655036	0.03	1.5552e-05	1.5162e-05	1.5967e-07	1.5724e-07
0.0108395655036	0.045	1.82e-05	1.8613e-05	1.8639e-07	1.8497e-07
0.0108395655036	0.0675	1.9634e-05	1.9828e-05	1.9482e-07	1.9177e-07
0.0108395655036	0.10125	2.0023e-05	1.9978e-05	1.9602e-07	1.9401e-07
0.0108395655036	0.151875	2.0501e-05	2.0353e-05	1.9182e-07	1.9499e-07
0.0108395655036	0.2278125	2.0082e-05	2.0088e-05	1.8434e-07	1.8521e-07
0.0108395655036	0.34171875	1.6646e-05	1.581e-05	1.4359e-07	1.4441e-07
0.0162593482555	0.03	1.9109e-05	1.9215e-05	8.0474e-07	8.0026e-07
0.0162593482555	0.045	2.2075e-05	2.2812e-05	9.5925e-07	9.3204e-07
0.0162593482555	0.0675	2.3386e-05	2.3551e-05	9.994e-07	9.947e-07
0.0162593482555	0.10125	2.3754e-05	2.3967e-05	9.7117e-07	1.0018e-06
0.0162593482555	0.151875	2.3928e-05	2.3809e-05	9.5179e-07	9.2308e-07
0.0162593482555	0.2278125	2.2216e-05	2.3009e-05	8.898e-07	8.9757e-07
0.0162593482555	0.34171875	1.8282e-05	1.825e-05	6.9921e-07	7.2101e-07
0.0243890223832	0.03	3.3668e-05	3.3421e-05	2.9224e-06	2.968e-06
0.0243890223832	0.045	3.9258e-05	4.0031e-05	3.5086e-06	3.4946e-06
0.0243890223832	0.0675	4.1793e-05	4.1332e-05	3.5769e-06	3.6238e-06
0.0243890223832	0.10125	4.1939e-05	4.1976e-05	3.5548e-06	3.6013e-06
0.0243890223832	0.151875	4.1843e-05	4.1815e-05	3.5156e-06	3.5251e-06
0.0243890223832	0.2278125	4.0617e-05	4.0228e-05	3.3791e-06	3.4318e-06
0.0243890223832	0.34171875	3.3091e-05	3.3476e-05	2.7589e-06	2.7451e-06
0.0365835335748	0.03	1.06e-05	1.0633e-05	2.5198e-06	2.581e-06
0.0365835335748	0.045	1.2742e-05	1.2404e-05	3.0669e-06	3.0954e-06
0.0365835335748	0.0675	1.3058e-05	1.351e-05	3.2762e-06	3.2514e-06
0.0365835335748	0.10125	1.3527e-05	1.3323e-05	3.2415e-06	3.2495e-06
0.0365835335748	0.151875	1.3561e-05	1.3801e-05	3.2394e-06	3.1641e-06
0.0365835335748	0.2278125	1.3606e-05	1.3497e-05	3.1434e-06	3.134e-06
0.0365835335748	0.34171875	1.1446e-05	1.1447e-05	2.6069e-06	2.6123e-06
0.0548753003622	0.03	1.1339e-05	1.1295e-05	5.2227e-06	5.1533e-06
0.0548753003622	0.045	1.3788e-05	1.3321e-05	6.1679e-06	6.2146e-06
0.0548753003622	0.0675	1.4151e-05	1.4385e-05	6.6785e-06	6.799e-06
0.0548753003622	0.10125	1.4351e-05	1.467e-05	6.6659e-06	6.7195e-06
0.0548753003622	0.151875	1.4089e-05	1.4513e-05	6.5978e-06	6.5737e-06
0.0548753003622	0.2278125	1.3845e-05	1.4304e-05	6.5589e-06	6.5596e-06
0.0548753003622	0.34171875	1.1895e-05	1.2152e-05	5.508e-06	5.5526e-06
0.0823129505433	0.03	1.549e-05	1.5333e-05	9.5829e-06	9.3113e-06
0.0823129505433	0.045	1.8532e-05	1.845e-05	1.146e-05	1.1413e-05
0.0823129505433	0.0675	2.0344e-05	2.0952e-05	1.3125e-05	1.3274e-05
0.0823129505433	0.10125	2.0475e-05	2.0014e-05	1.3308e-05	1.3246e-05
0.0823129505433	0.151875	2.04e-05	2.0458e-05	1.3526e-05	1.3218e-05
0.0823129505433	0.2278125	2.0477e-05	2.0418e-05	1.3165e-05	1.3149e-05
0.0823129505433	0.34171875	1.7701e-05	1.717e-05	1.1281e-05	1.0966e-05